[38;2;225;213;194;48;2;225;213;194m█[38;2;224;212;193;48;2;228;216;196m▛[38;2;223;211;192;48;2;232;219;200m▀[38;2;224;212;193;48;2;125;118;106m▛[38;2;239;227;207;48;2;129;121;110m▀▀▀▀▀▀[38;2;239;227;207;48;2;129;122;110m▀[38;2;237;225;205;48;2;142;134;121m▀[38;2;235;223;203;48;2;225;213;194m▖[38;2;229;217;198;48;2;224;212;193m▖[38;2;225;213;194;48;2;225;213;194m██████[38;2;224;212;193;48;2;228;216;197m▀[38;2;232;219;200;48;2;223;211;192m▖[38;2;239;226;206;48;2;130;123;111m▀[38;2;239;227;207;48;2;129;121;109m▀▀[38;2;239;227;207;48;2;129;121;110m▀▀[38;2;237;225;205;48;2;128;120;109m▀[38;2;254;241;219;48;2;119;113;102m▘[38;2;28;26;21;48;2;41;38;33m▌[38;2;39;36;31;48;2;39;36;31m██[38;2;42;39;34;48;2;39;36;31m▝[38;2;29;27;23;48;2;89;84;75m▌[38;2;244;231;211;48;2;130;123;111m▀[38;2;239;227;207;48;2;129;121;109m▀[38;2;239;227;207;48;2;129;121;110m▀[38;2;239;227;207;48;2;129;121;109m▀▀[38;2;239;227;207;48;2;129;121;110m▀[38;2;127;119;108;48;2;225;213;194m▖[38;2;223;211;192;48;2;231;219;199m▀[38;2;228;215;196;48;2;224;212;193m▖[38;2;225;213;194;48;2;225;213;194m██████[38;2;224;212;193;48;2;228;216;197m▀[38;2;230;218;198;48;2;177;168;152m▛[38;2;240;227;207;48;2;125;118;107m▀[38;2;239;227;207;48;2;129;121;109m▀[38;2;239;227;207;48;2;129;121;110m▀▀▀[38;2;239;227;207;48;2;129;121;109m▀▀▀▀▀[38;2;239;227;207;48;2;129;121;110m▀[38;2;128;120;109;48;2;225;213;194m▖[38;2;229;217;197;48;2;224;212;193m▖[38;2;225;213;194;48;2;225;213;194m███[38;2;224;212;193;48;2;228;216;197m▛[38;2;225;213;194;48;2;236;223;203m▛[38;2;222;210;191;48;2;123;116;105m▛[38;2;239;227;207;48;2;129;121;110m▀[38;2;239;227;207;48;2;129;121;109m▀▀[38;2;239;227;207;48;2;129;121;110m▀▀[38;2;239;227;207;48;2;129;121;109m▀▀▀▀▀[38;2;239;227;207;48;2;126;119;107m▀[38;2;189;179;163;48;2;228;216;197m▖[38;2;224;212;193;48;2;225;213;194m▖[38;2;225;213;194;48;2;225;213;194m███[38;2;224;212;193;48;2;228;216;197m▀[38;2;227;215;196;48;2;216;204;186m▛[38;2;239;227;206;48;2;129;122;110m▀[38;2;239;227;207;48;2;129;121;109m▀▀[38;2;239;227;207;48;2;129;121;110m▀▀[38;2;239;227;207;48;2;129;121;109m▀▀▀▀▀[38;2;239;227;206;48;2;129;122;110m▀[38;2;237;224;204;48;2;145;137;124m▀[38;2;232;219;200;48;2;224;212;193m▖[38;2;225;213;194;48;2;225;213;194m███[38;2;225;213;194;48;2;226;214;195m▛[38;2;224;212;193;48;2;230;217;198m▀[38;2;230;217;198;48;2;143;135;122m▛[38;2;240;227;207;48;2;124;117;106m▀[38;2;177;168;152;48;2;229;217;197m▖[38;2;223;211;193;48;2;225;213;194m▖[38;2;225;213;194;48;2;225;213;194m██[38;2;224;212;193;48;2;231;219;200m▛[38;2;220;208;190;48;2;123;116;105m▛[38;2;239;226;206;48;2;131;124;111m▀[38;2;223;211;192;48;2;232;219;200m▛[38;2;224;212;193;48;2;228;216;197m▀[38;2;225;213;194;48;2;225;213;194m██████[38;2;225;212;193;48;2;229;217;198m▛[38;2;225;213;194;48;2;235;223;203m▛[38;2;237;225;204;48;2;142;135;121m▀[38;2;237;225;205;48;2;141;133;120m▀[38;2;230;218;198;48;2;224;212;193m▖[38;2;225;213;194;48;2;225;213;194m██[38;2;225;213;194;48;2;224;212;193m▛[38;2;227;214;195;48;2;208;197;179m▛[38;2;239;227;207;48;2;128;121;109m▀[38;2;125;118;106;48;2;224;212;193m▖[38;2;223;211;192;48;2;232;219;200m▀[38;2;228;216;196;48;2;224;212;193m▖[38;2;225;213;194;48;2;225;213;194m█[0m
[38;2;222;210;191;48;2;236;224;204m▀[38;2;228;216;197;48;2;120;113;102m▛[38;2;208;197;179;48;2;41;37;33m▀[38;2;161;152;138;48;2;35;32;27m▘[38;2;25;23;19;48;2;42;39;34m▀[38;2;31;29;24;48;2;28;25;21m▖[38;2;28;25;21;48;2;29;27;22m▀▀▀[38;2;27;25;21;48;2;28;26;22m▀[38;2;26;24;19;48;2;40;37;32m▀[38;2;84;78;70;48;2;32;30;25m▝[38;2;209;198;180;48;2;45;42;36m▀[38;2;52;49;43;48;2;214;202;184m▖[38;2;222;210;191;48;2;240;227;207m▀[38;2;231;219;199;48;2;224;212;193m▖[38;2;225;213;194;48;2;225;213;194m██[38;2;224;212;193;48;2;235;223;203m▛[38;2;227;214;195;48;2;251;238;217m▛[38;2;192;182;166;48;2;33;30;25m▛[38;2;200;189;172;48;2;47;43;38m▀[38;2;22;20;16;48;2;39;36;31m▝[38;2;25;23;19;48;2;38;35;30m▀[38;2;27;25;21;48;2;28;26;22m▀[38;2;28;25;21;48;2;29;27;22m▀▀▀[38;2;27;25;21;48;2;33;30;26m▌[38;2;40;37;32;48;2;39;36;31m▌[38;2;39;36;31;48;2;39;36;31m███[38;2;40;37;32;48;2;35;32;27m▌[38;2;27;24;20;48;2;28;26;21m▘[38;2;28;25;21;48;2;29;27;22m▀▀[38;2;27;25;21;48;2;29;27;22m▀[38;2;27;25;21;48;2;32;29;25m▛[38;2;25;22;19;48;2;42;39;34m▀[38;2;169;159;145;48;2;36;33;28m▝[38;2;208;197;179;48;2;40;37;32m▀[38;2;129;122;110;48;2;229;216;197m▖[38;2;222;210;191;48;2;236;223;203m▀[38;2;226;214;194;48;2;225;213;194m▖[38;2;225;213;194;48;2;225;213;194m█[38;2;225;213;194;48;2;224;212;193m▛[38;2;225;213;193;48;2;238;226;206m▛[38;2;222;210;191;48;2;237;224;204m▀[38;2;205;194;176;48;2;56;52;46m▀[38;2;219;207;189;48;2;67;63;56m▘[38;2;19;17;14;48;2;42;39;33m▀[38;2;40;37;32;48;2;27;25;20m▖[38;2;28;25;21;48;2;29;27;22m▀▀▀[38;2;28;25;21;48;2;29;26;22m▀[38;2;27;24;21;48;2;41;38;33m▛[38;2;25;22;18;48;2;42;39;34m▀▀▀[38;2;25;22;19;48;2;42;39;34m▀[38;2;31;28;24;48;2;190;179;163m▌[38;2;232;220;200;48;2;223;211;192m▌[38;2;225;213;194;48;2;225;213;194m█[38;2;225;213;194;48;2;227;214;195m▛[38;2;222;210;191;48;2;237;224;204m▀[38;2;227;215;196;48;2;106;100;90m▛[38;2;209;198;180;48;2;41;38;33m▀[38;2;149;141;128;48;2;34;31;26m▘[38;2;26;23;19;48;2;42;39;33m▀[38;2;31;28;24;48;2;28;25;21m▖[38;2;28;25;21;48;2;29;27;22m▀▀▀[38;2;28;25;21;48;2;29;26;22m▀[38;2;24;22;18;48;2;41;38;32m▀[38;2;25;22;18;48;2;42;39;34m▀▀▀[38;2;11;10;7;48;2;34;31;26m▝[38;2;154;146;132;48;2;237;225;205m▌[38;2;222;210;191;48;2;225;213;194m▌[38;2;225;213;194;48;2;225;213;194m█[38;2;224;212;193;48;2;236;223;204m▛[38;2;226;214;195;48;2;252;239;218m▛[38;2;187;177;161;48;2;32;29;25m▛[38;2;196;185;168;48;2;47;44;38m▀[38;2;26;23;19;48;2;42;39;34m▀[38;2;43;40;34;48;2;28;25;21m▖[38;2;27;25;21;48;2;28;26;22m▀[38;2;28;25;21;48;2;29;27;22m▀▀[38;2;27;25;21;48;2;29;27;22m▀[38;2;27;24;20;48;2;36;34;29m▛[38;2;24;22;18;48;2;42;39;33m▀[38;2;25;22;18;48;2;42;39;34m▀▀[38;2;26;23;19;48;2;43;40;35m▀[38;2;20;18;14;48;2;114;107;96m▌[38;2;238;225;205;48;2;222;210;191m▌[38;2;225;213;194;48;2;225;213;194m█[38;2;225;213;194;48;2;224;212;193m▛[38;2;222;210;191;48;2;234;222;202m▀[38;2;229;217;198;48;2;185;175;159m▛[38;2;205;194;177;48;2;42;39;34m▀[38;2;204;193;175;48;2;46;43;37m▘[38;2;45;42;36;48;2;20;18;15m▖[38;2;130;123;111;48;2;239;226;206m▌[38;2;222;210;191;48;2;225;213;194m▌[38;2;225;213;194;48;2;225;213;194m██[38;2;222;210;191;48;2;237;224;204m▌[38;2;156;147;133;48;2;22;19;16m▌[38;2;25;22;18;48;2;40;37;32m▘[38;2;200;189;172;48;2;47;43;38m▀[38;2;33;30;25;48;2;192;182;166m▖[38;2;251;238;217;48;2;227;214;195m▖[38;2;235;223;203;48;2;224;212;193m▖[38;2;225;213;194;48;2;225;213;194m██[38;2;224;212;193;48;2;231;218;199m▛[38;2;222;210;191;48;2;240;227;207m▀[38;2;214;202;184;48;2;52;49;43m▛[38;2;209;198;180;48;2;45;42;36m▀[38;2;84;78;70;48;2;34;31;27m▘[38;2;23;21;17;48;2;91;86;76m▌[38;2;235;222;202;48;2;223;211;192m▌[38;2;225;213;194;48;2;225;213;194m██[38;2;225;213;194;48;2;223;211;192m▌[38;2;232;220;200;48;2;191;181;165m▌[38;2;24;22;18;48;2;41;38;33m▀[38;2;161;152;138;48;2;35;32;27m▝[38;2;208;197;179;48;2;41;37;33m▀[38;2;120;113;102;48;2;228;216;197m▖[38;2;222;210;191;48;2;236;224;204m▀[0m
[38;2;116;109;98;48;2;26;24;20m▀[38;2;122;115;104;48;2;42;39;34m▘[38;2;32;29;25;48;2;39;36;31m▘[38;2;38;35;30;48;2;39;36;31m▘[38;2;39;36;31;48;2;38;35;30m▌[38;2;139;132;119;48;2;225;213;193m▀[38;2;146;138;125;48;2;237;224;204m▀[38;2;147;139;126;48;2;238;225;205m▀▀[38;2;149;141;128;48;2;242;229;209m▀[38;2;85;80;72;48;2;30;27;23m▌[38;2;41;37;32;48;2;38;35;30m▌[38;2;36;33;29;48;2;40;37;32m▀[38;2;108;102;92;48;2;35;32;28m▝[38;2;115;108;97;48;2;20;18;14m▀[38;2;157;148;134;48;2;236;223;203m▌[38;2;222;210;191;48;2;225;213;194m▌[38;2;225;213;194;48;2;224;212;193m▌[38;2;229;217;198;48;2;106;99;89m▌[38;2;116;110;99;48;2;22;20;16m▀[38;2;84;79;71;48;2;34;31;27m▘[38;2;37;34;29;48;2;39;36;31m▀[38;2;39;36;31;48;2;41;38;32m▌[38;2;29;27;22;48;2;137;129;117m▌[38;2;150;142;128;48;2;243;230;210m▀[38;2;147;139;126;48;2;238;225;205m▀▀[38;2;146;138;125;48;2;236;223;204m▀[38;2;253;239;218;48;2;129;122;110m▖[38;2;28;25;21;48;2;41;38;33m▌[38;2;39;36;31;48;2;39;36;31m██[38;2;39;36;31;48;2;41;38;33m▌[38;2;29;26;22;48;2;93;87;78m▌[38;2;150;142;128;48;2;242;230;209m▀[38;2;147;139;126;48;2;238;225;205m▀▀[38;2;146;138;125;48;2;237;224;204m▀[38;2;138;130;118;48;2;221;209;191m▀[38;2;35;32;28;48;2;39;36;31m▌[38;2;37;35;30;48;2;39;36;31m▝[38;2;31;29;24;48;2;39;36;31m▝[38;2;123;116;105;48;2;44;40;35m▝[38;2;120;113;102;48;2;33;31;26m▀[38;2;219;207;188;48;2;226;214;195m▌[38;2;224;212;193;48;2;225;213;194m▖[38;2;223;211;192;48;2;233;221;201m▌[38;2;157;149;135;48;2;16;14;11m▛[38;2;116;110;99;48;2;27;24;20m▀[38;2;48;45;39;48;2;37;34;29m▘[38;2;38;35;30;48;2;39;36;31m▀[38;2;40;37;32;48;2;33;30;26m▌[38;2;64;60;52;48;2;193;182;166m▌[38;2;147;139;126;48;2;238;225;205m▀▀▀[38;2;148;140;127;48;2;239;226;206m▀[38;2;183;173;157;48;2;50;47;41m▌[38;2;36;33;28;48;2;40;37;31m▌[38;2;39;36;31;48;2;39;36;31m███[38;2;37;34;29;48;2;191;181;164m▌[38;2;233;220;201;48;2;223;211;193m▌[38;2;225;213;194;48;2;224;212;193m▌[38;2;229;217;198;48;2;207;196;178m▌[38;2;117;110;99;48;2;28;25;21m▀[38;2;121;114;103;48;2;41;38;32m▘[38;2;32;30;25;48;2;39;36;31m▘[38;2;38;35;30;48;2;39;36;31m▘[38;2;37;34;30;48;2;43;40;35m▌[38;2;142;134;122;48;2;229;217;197m▀[38;2;147;139;125;48;2;237;224;204m▀[38;2;147;139;126;48;2;238;225;205m▀▀[38;2;149;141;127;48;2;241;228;207m▀[38;2;75;70;62;48;2;31;29;24m▌[38;2;41;38;33;48;2;39;36;31m▖[38;2;39;36;31;48;2;39;36;31m██[38;2;42;39;33;48;2;27;24;20m▌[38;2;156;148;134;48;2;237;225;205m▌[38;2;222;210;192;48;2;225;213;194m▌[38;2;225;213;194;48;2;225;213;194m█[38;2;225;213;194;48;2;96;90;81m▌[38;2;117;110;99;48;2;23;20;16m▀[38;2;78;74;66;48;2;34;32;27m▘[38;2;37;34;30;48;2;39;36;31m▀[38;2;39;36;31;48;2;40;37;32m▌[38;2;31;29;24;48;2;148;140;127m▌[38;2;150;141;128;48;2;243;229;209m▀[38;2;147;139;126;48;2;238;225;205m▀▀[38;2;146;138;125;48;2;236;223;204m▀[38;2;252;239;218;48;2;122;115;104m▖[38;2;28;25;21;48;2;41;38;33m▌[38;2;39;36;31;48;2;39;36;31m██[38;2;40;37;32;48;2;43;40;35m▌[38;2;27;25;21;48;2;118;111;100m▌[38;2;238;225;205;48;2;222;210;191m▌[38;2;225;213;194;48;2;225;213;194m█[38;2;223;211;192;48;2;234;222;202m▌[38;2;119;112;101;48;2;13;11;8m▛[38;2;109;102;92;48;2;29;26;22m▀[38;2;33;31;26;48;2;39;36;31m▘[38;2;37;34;29;48;2;39;36;31m▘[38;2;42;39;34;48;2;26;23;19m▌[38;2;133;126;114;48;2;238;226;206m▌[38;2;222;210;191;48;2;225;213;194m▌[38;2;225;213;194;48;2;225;213;194m██[38;2;222;210;192;48;2;237;225;205m▌[38;2;158;149;136;48;2;27;25;21m▌[38;2;42;38;33;48;2;39;36;31m▌[38;2;37;34;29;48;2;39;36;31m▀[38;2;84;79;71;48;2;34;31;27m▝[38;2;116;110;99;48;2;22;20;16m▀[38;2;106;99;89;48;2;229;217;198m▌[38;2;224;212;193;48;2;225;213;194m▌[38;2;225;213;194;48;2;222;210;191m▌[38;2;236;223;203;48;2;157;148;134m▌[38;2;114;108;97;48;2;20;18;14m▀[38;2;108;102;91;48;2;35;32;28m▘[38;2;36;33;29;48;2;40;37;32m▀[38;2;38;35;30;48;2;41;38;33m▌[38;2;28;26;21;48;2;95;90;80m▌[38;2;235;222;202;48;2;223;211;192m▌[38;2;225;213;194;48;2;225;213;194m██[38;2;225;213;194;48;2;223;211;193m▌[38;2;232;220;200;48;2;193;182;166m▌[38;2;38;35;30;48;2;39;36;31m▌▝[38;2;32;29;25;48;2;39;36;31m▝[38;2;122;115;104;48;2;42;39;34m▝[38;2;116;109;98;48;2;26;24;20m▀[0m
[38;2;42;39;34;48;2;39;36;31m▀▘[38;2;39;36;31;48;2;39;36;31m██[38;2;39;36;31;48;2;38;35;30m▌[38;2;191;181;165;48;2;230;218;199m▌[38;2;221;209;190;48;2;224;212;193m▀[38;2;222;210;191;48;2;225;213;194m▀▀[38;2;221;209;191;48;2;233;220;201m▌[38;2;94;89;79;48;2;28;26;21m▌[38;2;41;38;33;48;2;39;36;31m▌[38;2;39;36;31;48;2;39;36;31m█[38;2;42;39;33;48;2;39;36;31m▝[38;2;43;40;35;48;2;27;24;20m▌[38;2;143;135;122;48;2;238;225;205m▌[38;2;222;210;191;48;2;225;213;194m▌[38;2;225;213;194;48;2;224;212;193m▌[38;2;230;218;199;48;2;82;77;69m▌[38;2;31;29;24;48;2;42;39;34m▌[38;2;41;38;33;48;2;39;36;31m▘[38;2;39;36;31;48;2;39;36;31m█[38;2;39;36;31;48;2;42;38;33m▌[38;2;27;25;21;48;2;157;148;134m▌[38;2;235;223;203;48;2;220;209;190m▌[38;2;222;210;191;48;2;225;213;194m▀▀[38;2;225;213;194;48;2;221;209;190m▖[38;2;236;224;204;48;2;132;125;113m▌[38;2;26;23;19;48;2;42;39;34m▌[38;2;39;36;31;48;2;39;36;31m██[38;2;39;36;31;48;2;42;39;33m▌[38;2;27;25;20;48;2;103;97;87m▌[38;2;235;222;202;48;2;221;209;190m▌[38;2;222;210;191;48;2;225;213;194m▀▀[38;2;221;209;190;48;2;224;212;193m▀[38;2;232;219;200;48;2;184;174;158m▌[38;2;34;32;27;48;2;40;37;32m▌[38;2;39;36;31;48;2;39;36;31m██[38;2;43;40;35;48;2;39;36;31m▝[38;2;35;33;28;48;2;59;55;48m▌[38;2;217;206;187;48;2;227;215;196m▌[38;2;224;212;193;48;2;225;213;194m▌[38;2;223;211;192;48;2;236;223;203m▌[38;2;172;162;147;48;2;31;28;24m▌[38;2;43;40;34;48;2;40;37;32m▀[38;2;39;36;31;48;2;39;36;31m██[38;2;41;37;32;48;2;32;29;25m▌[38;2;69;64;57;48;2;223;211;193m▌[38;2;222;210;191;48;2;225;213;194m▀▀▀[38;2;223;211;192;48;2;228;216;197m▛[38;2;212;200;182;48;2;53;49;43m▌[38;2;35;33;28;48;2;40;37;32m▌[38;2;39;36;31;48;2;39;36;31m███[38;2;37;34;29;48;2;191;181;164m▌[38;2;233;220;201;48;2;223;211;193m▌[38;2;225;213;194;48;2;224;212;193m▌[38;2;230;218;198;48;2;203;192;175m▌[38;2;45;42;37;48;2;38;36;31m▌[38;2;43;39;34;48;2;39;36;31m▘[38;2;39;36;31;48;2;39;36;31m█[38;2;39;36;31;48;2;40;37;31m▌[38;2;37;35;30;48;2;44;41;36m▌[38;2;202;191;174;48;2;228;216;197m▌[38;2;221;209;190;48;2;224;212;193m▀[38;2;222;210;191;48;2;225;213;194m▀▀[38;2;222;210;191;48;2;229;217;198m▌[38;2;82;77;69;48;2;30;27;23m▌[38;2;41;38;33;48;2;39;36;31m▌[38;2;39;36;31;48;2;39;36;31m██[38;2;42;39;33;48;2;27;24;20m▌[38;2;156;148;134;48;2;237;225;205m▌[38;2;222;210;192;48;2;225;213;194m▌[38;2;225;213;194;48;2;225;213;194m█[38;2;225;213;194;48;2;70;66;59m▌[38;2;33;30;26;48;2;42;38;33m▌[38;2;41;37;32;48;2;39;36;31m▘[38;2;39;36;31;48;2;39;36;31m█[38;2;39;36;31;48;2;41;38;33m▌[38;2;30;27;23;48;2;170;161;146m▌[38;2;234;221;202;48;2;221;209;190m▌[38;2;222;210;191;48;2;225;213;194m▀▀[38;2;225;213;194;48;2;221;209;190m▖[38;2;236;224;204;48;2;119;112;101m▌[38;2;26;23;19;48;2;42;39;34m▌[38;2;39;36;31;48;2;31;29;24m▛[38;2;41;38;32;48;2;30;27;23m▀[38;2;30;27;23;48;2;147;139;126m▀[38;2;13;12;9;48;2;149;141;127m▘[38;2;239;226;206;48;2;225;213;194m▘[38;2;225;213;194;48;2;225;213;194m█[38;2;222;211;192;48;2;236;224;204m▌[38;2;105;99;89;48;2;28;26;21m▌[38;2;45;42;36;48;2;40;37;32m▘[38;2;39;36;31;48;2;39;36;31m██[38;2;42;39;34;48;2;26;23;19m▌[38;2;133;126;114;48;2;238;226;206m▌[38;2;222;210;191;48;2;225;213;194m▌[38;2;225;213;194;48;2;225;213;194m██[38;2;222;210;192;48;2;237;225;205m▌[38;2;158;149;136;48;2;27;25;21m▌[38;2;42;38;33;48;2;39;36;31m▌[38;2;39;36;31;48;2;39;36;31m█[38;2;41;38;33;48;2;39;36;31m▝[38;2;42;39;34;48;2;31;29;24m▌[38;2;82;77;69;48;2;230;218;199m▌[38;2;224;212;193;48;2;225;213;194m▌[38;2;225;213;194;48;2;222;210;191m▌[38;2;238;225;205;48;2;143;135;122m▌[38;2;27;24;20;48;2;43;40;35m▌[38;2;42;39;33;48;2;39;36;31m▘[38;2;39;36;31;48;2;39;36;31m█[38;2;39;36;31;48;2;41;38;33m▌[38;2;28;26;21;48;2;95;90;80m▌[38;2;235;222;202;48;2;223;211;192m▌[38;2;225;213;194;48;2;225;213;194m██[38;2;225;213;194;48;2;223;211;193m▌[38;2;232;220;200;48;2;193;182;166m▌[38;2;38;35;30;48;2;39;36;31m▌[38;2;39;36;31;48;2;39;36;31m██[38;2;42;39;34;48;2;39;36;31m▝▀[0m
[38;2;39;36;31;48;2;39;36;31m████[38;2;39;36;31;48;2;38;35;30m▌[38;2;193;182;166;48;2;232;220;200m▌[38;2;223;211;193;48;2;225;213;194m▌[38;2;225;213;194;48;2;225;213;194m██[38;2;223;211;192;48;2;235;222;202m▌[38;2;95;90;80;48;2;28;26;21m▌[38;2;41;38;33;48;2;39;36;31m▌[38;2;39;36;31;48;2;39;36;31m██[38;2;42;39;34;48;2;26;23;19m▌[38;2;142;134;122;48;2;238;226;206m▌[38;2;222;210;191;48;2;225;213;194m▌[38;2;225;213;194;48;2;224;212;193m▌[38;2;230;218;199;48;2;81;76;68m▌[38;2;30;28;23;48;2;41;38;33m▌[38;2;39;36;31;48;2;39;36;31m██[38;2;39;36;31;48;2;42;38;33m▌[38;2;27;25;21;48;2;158;149;135m▌[38;2;237;225;205;48;2;222;210;192m▌[38;2;225;213;194;48;2;225;213;194m██[38;2;225;213;194;48;2;222;210;191m▌[38;2;238;226;206;48;2;133;126;114m▌[38;2;26;23;19;48;2;42;39;34m▌[38;2;39;36;31;48;2;39;36;31m██[38;2;39;36;31;48;2;42;39;33m▌[38;2;27;25;20;48;2;104;98;88m▌[38;2;237;224;204;48;2;222;211;192m▌[38;2;225;213;194;48;2;225;213;194m██[38;2;225;213;194;48;2;223;211;192m▌[38;2;234;221;201;48;2;186;176;159m▌[38;2;34;32;27;48;2;40;37;32m▌[38;2;39;36;31;48;2;39;36;31m██[38;2;39;36;31;48;2;40;37;32m▌[38;2;34;32;27;48;2;58;54;47m▌[38;2;217;206;187;48;2;227;215;196m▌[38;2;225;213;194;48;2;224;212;193m▝[38;2;221;210;191;48;2;235;222;202m▌[38;2;171;161;146;48;2;30;27;23m▌[38;2;41;38;33;48;2;39;36;31m▌[38;2;39;36;31;48;2;39;36;31m██[38;2;41;37;32;48;2;32;29;25m▌[38;2;69;65;57;48;2;224;212;193m▌[38;2;225;213;194;48;2;223;211;192m▀▀▀[38;2;223;211;192;48;2;227;215;196m▌[38;2;213;201;183;48;2;53;50;43m▌[38;2;35;33;28;48;2;40;37;32m▌[38;2;39;36;31;48;2;39;36;31m███[38;2;37;34;29;48;2;191;181;164m▌[38;2;232;220;201;48;2;223;211;193m▌[38;2;224;212;193;48;2;222;210;191m▛[38;2;229;217;198;48;2;202;191;174m▌[38;2;44;41;36;48;2;37;35;30m▌[38;2;40;37;31;48;2;39;36;31m▌[38;2;39;36;31;48;2;39;36;31m█[38;2;39;36;31;48;2;40;37;31m▌[38;2;37;35;30;48;2;44;41;36m▌[38;2;202;191;174;48;2;229;217;198m▌[38;2;225;213;194;48;2;223;211;192m▝▀▀[38;2;223;211;192;48;2;230;218;198m▌[38;2;82;77;69;48;2;30;27;23m▌[38;2;41;38;33;48;2;39;36;31m▌[38;2;39;36;31;48;2;39;36;31m█[38;2;39;36;31;48;2;41;38;33m▛[38;2;43;40;34;48;2;28;25;21m▌[38;2;156;148;134;48;2;237;225;205m▌[38;2;222;210;192;48;2;225;213;194m▌[38;2;225;213;194;48;2;225;213;194m█[38;2;225;213;194;48;2;69;65;58m▌[38;2;32;29;25;48;2;41;37;32m▌[38;2;39;36;31;48;2;39;36;31m██[38;2;39;36;31;48;2;41;38;33m▌[38;2;30;27;23;48;2;172;162;147m▌[38;2;236;223;203;48;2;223;211;192m▌[38;2;225;213;194;48;2;225;213;194m██[38;2;225;213;194;48;2;222;210;191m▌[38;2;238;225;205;48;2;117;110;100m▌[38;2;43;40;34;48;2;22;20;16m▝[38;2;64;59;53;48;2;232;219;200m▛[38;2;72;67;60;48;2;227;215;196m▀[38;2;245;232;211;48;2;216;204;186m▝[38;2;234;222;202;48;2;222;210;192m▀[38;2;224;212;193;48;2;225;213;194m▘[38;2;225;213;194;48;2;223;211;192m▛[38;2;221;210;191;48;2;235;223;203m▌[38;2;103;97;87;48;2;27;25;20m▌[38;2;42;39;33;48;2;39;36;31m▌[38;2;39;36;31;48;2;39;36;31m██[38;2;42;39;34;48;2;26;23;19m▌[38;2;132;125;113;48;2;237;225;205m▌[38;2;221;209;190;48;2;224;212;193m▌[38;2;225;213;194;48;2;223;211;192m▀▀[38;2;221;209;191;48;2;236;223;204m▌[38;2;157;148;135;48;2;27;25;21m▌[38;2;42;38;33;48;2;39;36;31m▌[38;2;39;36;31;48;2;39;36;31m██[38;2;41;38;33;48;2;30;28;23m▌[38;2;80;75;67;48;2;229;217;198m▌[38;2;225;213;194;48;2;223;211;192m▝[38;2;225;213;194;48;2;222;210;191m▌[38;2;238;226;206;48;2;142;134;122m▌[38;2;26;23;19;48;2;42;39;34m▌[38;2;39;36;31;48;2;39;36;31m██[38;2;39;36;31;48;2;41;38;33m▌[38;2;28;26;21;48;2;95;89;80m▌[38;2;234;221;201;48;2;222;210;191m▌[38;2;225;213;194;48;2;223;211;192m▀▀[38;2;225;213;194;48;2;222;210;192m▘[38;2;231;219;199;48;2;192;181;165m▌[38;2;38;35;30;48;2;39;36;31m▌[38;2;39;36;31;48;2;39;36;31m████[0m
[38;2;39;36;31;48;2;39;36;31m████[38;2;39;36;31;48;2;38;35;30m▌[38;2;193;182;166;48;2;232;220;200m▌[38;2;223;211;193;48;2;225;213;194m▌[38;2;225;213;194;48;2;225;213;194m██[38;2;223;211;192;48;2;235;222;202m▌[38;2;95;90;80;48;2;28;26;21m▌[38;2;41;38;33;48;2;39;36;31m▌[38;2;39;36;31;48;2;39;36;31m██[38;2;42;39;34;48;2;26;23;19m▌[38;2;142;134;122;48;2;238;226;206m▌[38;2;222;210;191;48;2;225;213;194m▌[38;2;225;213;194;48;2;224;212;193m▌[38;2;230;218;199;48;2;81;76;68m▌[38;2;30;28;23;48;2;41;38;33m▌[38;2;39;36;31;48;2;39;36;31m██[38;2;39;36;31;48;2;42;38;33m▌[38;2;27;25;21;48;2;158;149;135m▌[38;2;237;225;205;48;2;222;210;192m▌[38;2;225;213;194;48;2;225;213;194m██[38;2;225;213;194;48;2;222;210;191m▌[38;2;238;226;206;48;2;133;126;114m▌[38;2;26;23;19;48;2;42;39;34m▌[38;2;39;36;31;48;2;39;36;31m██[38;2;39;36;31;48;2;42;39;33m▌[38;2;27;25;20;48;2;104;98;88m▌[38;2;237;224;204;48;2;222;211;192m▌[38;2;225;213;194;48;2;225;213;194m██[38;2;225;213;194;48;2;223;211;192m▌[38;2;234;221;201;48;2;186;176;159m▌[38;2;34;32;27;48;2;40;37;32m▌[38;2;39;36;31;48;2;39;36;31m██[38;2;39;36;31;48;2;40;37;32m▌[38;2;34;32;27;48;2;58;54;47m▌[38;2;217;206;187;48;2;227;214;195m▌[38;2;227;215;196;48;2;197;186;169m▛[38;2;238;226;206;48;2;184;174;158m▀[38;2;159;150;136;48;2;30;28;23m▌[38;2;41;37;32;48;2;39;36;31m▌[38;2;39;36;31;48;2;39;36;31m██[38;2;40;37;32;48;2;33;30;25m▌[38;2;66;62;55;48;2;208;197;179m▌[38;2;234;221;202;48;2;182;172;156m▀[38;2;234;222;202;48;2;182;172;156m▀▀[38;2;235;223;203;48;2;182;173;157m▀[38;2;197;187;170;48;2;52;48;42m▌[38;2;35;32;28;48;2;40;37;32m▌[38;2;39;36;31;48;2;39;36;31m███[38;2;37;34;29;48;2;191;181;164m▌[38;2;232;219;200;48;2;224;212;193m▌[38;2;231;219;199;48;2;191;181;165m▀[38;2;225;213;194;48;2;176;166;151m▀[38;2;44;40;35;48;2;37;34;30m▌[38;2;40;37;32;48;2;39;36;31m▘[38;2;39;36;31;48;2;39;36;31m█[38;2;40;37;32;48;2;39;36;31m▝[38;2;37;34;30;48;2;44;40;35m▌[38;2;225;213;194;48;2;175;166;151m▀[38;2;233;221;201;48;2;181;171;156m▀[38;2;234;222;202;48;2;182;172;156m▀▀[38;2;237;224;204;48;2;184;174;158m▀[38;2;79;74;65;48;2;30;28;24m▌[38;2;39;36;31;48;2;40;37;32m▝▀[38;2;37;34;29;48;2;79;75;66m▛[38;2;25;22;18;48;2;79;74;65m▀[38;2;162;154;139;48;2;236;223;203m▌[38;2;222;210;191;48;2;225;213;194m▌[38;2;225;213;194;48;2;225;213;194m█[38;2;225;213;194;48;2;69;65;58m▌[38;2;32;29;25;48;2;41;37;32m▌[38;2;39;36;31;48;2;39;36;31m██[38;2;39;36;31;48;2;41;38;33m▌[38;2;30;27;23;48;2;172;162;147m▌[38;2;236;223;203;48;2;223;211;192m▌[38;2;225;213;194;48;2;225;213;194m██[38;2;224;212;193;48;2;225;213;194m▝[38;2;192;182;165;48;2;228;216;197m▝[38;2;164;155;141;48;2;237;224;204m▀[38;2;179;169;154;48;2;228;216;197m▘[38;2;224;212;194;48;2;225;213;194m▘[38;2;225;213;194;48;2;225;213;194m█[38;2;225;213;194;48;2;224;212;193m▛[38;2;225;213;194;48;2;223;211;192m▀[38;2;226;214;195;48;2;184;174;158m▛[38;2;239;226;206;48;2;185;175;159m▀[38;2;98;92;83;48;2;28;25;21m▌[38;2;41;38;33;48;2;39;36;31m▌[38;2;39;36;31;48;2;39;36;31m██[38;2;41;38;33;48;2;27;24;20m▌[38;2;124;117;106;48;2;220;208;189m▌[38;2;232;220;200;48;2;181;171;155m▀[38;2;234;222;202;48;2;182;172;156m▀▀[38;2;239;226;206;48;2;185;175;160m▀[38;2;147;139;126;48;2;28;25;21m▌[38;2;41;38;33;48;2;39;36;31m▌[38;2;39;36;31;48;2;39;36;31m██[38;2;41;37;32;48;2;31;28;24m▌[38;2;77;72;65;48;2;214;202;184m▌[38;2;233;221;201;48;2;183;173;157m▀[38;2;217;205;187;48;2;224;212;193m▖[38;2;238;225;205;48;2;142;134;122m▌[38;2;26;23;19;48;2;42;39;34m▌[38;2;39;36;31;48;2;39;36;31m██[38;2;39;36;31;48;2;41;38;33m▌[38;2;29;26;22;48;2;90;84;76m▌[38;2;238;225;205;48;2;185;175;159m▀[38;2;234;222;202;48;2;182;172;156m▀▀[38;2;233;221;201;48;2;181;171;155m▀[38;2;242;229;209;48;2;181;171;156m▘[38;2;38;35;30;48;2;39;36;31m▌[38;2;39;36;31;48;2;39;36;31m████[0m
[38;2;39;36;31;48;2;39;36;31m████[38;2;39;36;31;48;2;38;35;30m▌[38;2;193;182;166;48;2;232;220;200m▌[38;2;223;211;193;48;2;225;213;194m▌[38;2;225;213;194;48;2;225;213;194m██[38;2;223;211;192;48;2;235;222;202m▌[38;2;95;90;80;48;2;28;26;21m▌[38;2;41;38;33;48;2;39;36;31m▌[38;2;39;36;31;48;2;39;36;31m██[38;2;42;39;34;48;2;26;23;19m▌[38;2;142;134;122;48;2;238;226;206m▌[38;2;222;210;191;48;2;225;213;194m▌[38;2;225;213;194;48;2;224;212;193m▌[38;2;230;218;199;48;2;81;76;68m▌[38;2;30;28;23;48;2;41;38;33m▌[38;2;39;36;31;48;2;39;36;31m██[38;2;39;36;31;48;2;42;38;33m▌[38;2;27;25;21;48;2;158;149;135m▌[38;2;237;225;205;48;2;222;210;192m▌[38;2;225;213;194;48;2;225;213;194m██[38;2;225;213;194;48;2;222;210;191m▌[38;2;238;226;206;48;2;133;126;114m▌[38;2;26;23;19;48;2;42;39;34m▌[38;2;39;36;31;48;2;39;36;31m██[38;2;39;36;31;48;2;42;39;33m▌[38;2;27;25;20;48;2;104;98;88m▌[38;2;237;224;204;48;2;222;211;192m▌[38;2;225;213;194;48;2;225;213;194m██[38;2;225;213;194;48;2;223;211;192m▌[38;2;234;221;201;48;2;186;176;159m▌[38;2;34;32;27;48;2;40;37;32m▌[38;2;39;36;31;48;2;39;36;31m██[38;2;39;36;31;48;2;40;37;32m▌[38;2;34;32;27;48;2;58;54;47m▌[38;2;217;206;187;48;2;225;213;194m▌[38;2;236;223;203;48;2;97;91;82m▌[38;2;20;18;14;48;2;35;32;27m▌[38;2;32;30;25;48;2;38;35;30m▖[38;2;39;36;31;48;2;39;36;31m████[38;2;36;34;29;48;2;30;27;23m▛[38;2;35;33;28;48;2;30;27;23m▀▀▀[38;2;35;32;28;48;2;29;27;23m▀[38;2;30;28;23;48;2;37;34;29m▖[38;2;39;36;31;48;2;39;36;31m████[38;2;37;34;29;48;2;191;181;164m▌[38;2;229;217;198;48;2;237;224;205m▌[38;2;137;129;117;48;2;18;16;13m▌[38;2;37;34;29;48;2;31;29;24m▀[38;2;39;36;31;48;2;39;36;31m█████[38;2;35;32;28;48;2;30;27;23m▀[38;2;35;33;28;48;2;29;27;23m▀▀▀[38;2;35;32;28;48;2;29;27;23m▀[38;2;40;37;32;48;2;29;27;23m▀[38;2;32;29;25;48;2;87;81;73m▛[38;2;29;27;22;48;2;179;170;154m▀[38;2;47;43;38;48;2;206;195;177m▘[38;2;232;220;200;48;2;223;211;193m▀[38;2;227;215;196;48;2;224;213;194m▘[38;2;225;213;194;48;2;225;213;194m██[38;2;225;213;194;48;2;69;65;58m▌[38;2;32;29;25;48;2;41;37;32m▌[38;2;39;36;31;48;2;39;36;31m██[38;2;39;36;31;48;2;41;38;33m▌[38;2;30;27;23;48;2;172;162;147m▌[38;2;236;223;203;48;2;223;211;192m▌[38;2;225;213;194;48;2;225;213;194m███[38;2;224;212;193;48;2;225;213;194m▝[38;2;222;210;192;48;2;225;213;194m▀[38;2;223;211;192;48;2;225;213;194m▘[38;2;225;213;194;48;2;225;213;194m█[38;2;225;213;194;48;2;223;211;192m▛[38;2;229;217;198;48;2;163;154;140m▛[38;2;237;224;205;48;2;74;69;61m▀[38;2;217;205;187;48;2;50;46;40m▘[38;2;34;31;27;48;2;29;27;22m▀[38;2;36;33;28;48;2;39;36;31m▖[38;2;39;36;31;48;2;39;36;31m███[38;2;39;36;31;48;2;40;37;32m▛[38;2;35;32;28;48;2;29;26;22m▛[38;2;35;33;28;48;2;30;27;23m▀▀▀[38;2;35;32;28;48;2;29;26;22m▀[38;2;33;30;26;48;2;38;35;30m▖[38;2;39;36;31;48;2;39;36;31m███[38;2;39;36;31;48;2;32;30;25m▛[38;2;43;40;35;48;2;182;172;156m▛[38;2;24;21;17;48;2;177;167;152m▀[38;2;186;176;160;48;2;223;211;192m▘[38;2;237;225;205;48;2;140;132;120m▌[38;2;15;13;10;48;2;34;32;27m▖[38;2;41;38;33;48;2;28;26;22m▀▀▀[38;2;41;38;32;48;2;28;26;22m▀[38;2;35;32;28;48;2;30;27;23m▀[38;2;35;33;28;48;2;30;27;23m▀▀▀[38;2;35;32;28;48;2;30;28;23m▀[38;2;39;36;31;48;2;39;36;31m█████[0m
[38;2;39;36;31;48;2;39;36;31m████[38;2;39;36;31;48;2;38;35;30m▌[38;2;193;182;166;48;2;232;220;200m▌[38;2;223;211;193;48;2;225;213;194m▌[38;2;225;213;194;48;2;225;213;194m██[38;2;223;211;192;48;2;235;222;202m▌[38;2;95;90;80;48;2;28;26;21m▌[38;2;41;38;33;48;2;39;36;31m▌[38;2;39;36;31;48;2;39;36;31m██[38;2;42;39;34;48;2;26;23;19m▌[38;2;142;134;122;48;2;238;226;206m▌[38;2;222;210;191;48;2;225;213;194m▌[38;2;225;213;194;48;2;224;212;193m▌[38;2;230;218;199;48;2;81;76;68m▌[38;2;30;28;23;48;2;41;38;33m▌[38;2;39;36;31;48;2;39;36;31m██[38;2;39;36;31;48;2;42;38;33m▌[38;2;27;25;21;48;2;158;149;135m▌[38;2;237;225;205;48;2;222;210;192m▌[38;2;225;213;194;48;2;225;213;194m██[38;2;225;213;194;48;2;222;210;191m▌[38;2;238;226;206;48;2;133;126;114m▌[38;2;26;23;19;48;2;42;39;34m▌[38;2;39;36;31;48;2;39;36;31m██[38;2;39;36;31;48;2;42;39;33m▌[38;2;27;25;20;48;2;104;98;88m▌[38;2;237;224;204;48;2;222;211;192m▌[38;2;225;213;194;48;2;225;213;194m██[38;2;225;213;194;48;2;223;211;192m▌[38;2;234;221;201;48;2;186;176;160m▌[38;2;34;32;27;48;2;40;37;32m▌[38;2;39;36;31;48;2;39;36;31m██[38;2;39;36;31;48;2;40;37;32m▌[38;2;34;32;27;48;2;58;54;47m▌[38;2;217;206;187;48;2;226;214;195m▌[38;2;136;129;116;48;2;229;217;197m▝[38;2;89;84;75;48;2;238;226;206m▀[38;2;178;168;153;48;2;47;44;38m▖[38;2;41;38;33;48;2;39;36;31m▖[38;2;39;36;31;48;2;39;36;31m██[38;2;39;36;30;48;2;32;29;25m▛[38;2;70;65;58;48;2;234;222;202m▛[38;2;91;86;77;48;2;234;221;202m▀[38;2;92;86;77;48;2;234;222;202m▀▀[38;2;91;86;77;48;2;235;222;203m▀[38;2;222;210;191;48;2;61;57;51m▖[38;2;35;32;28;48;2;39;36;31m▖[38;2;39;36;31;48;2;39;36;31m███[38;2;37;34;29;48;2;191;181;164m▌[38;2;232;219;200;48;2;222;210;192m▛[38;2;81;76;67;48;2;211;200;181m▝[38;2;89;84;75;48;2;229;217;198m▀[38;2;45;41;36;48;2;38;35;31m▖[38;2;40;37;32;48;2;39;36;31m▖[38;2;39;36;31;48;2;39;36;31m█[38;2;39;36;31;48;2;40;37;32m▛[38;2;38;35;31;48;2;45;41;36m▛[38;2;88;83;74;48;2;229;217;198m▀[38;2;90;85;76;48;2;238;225;205m▀[38;2;91;85;76;48;2;239;226;206m▀▀▀[38;2;92;86;77;48;2;239;226;206m▀[38;2;114;107;97;48;2;236;224;204m▀[38;2;244;231;210;48;2;229;217;197m▘[38;2;226;214;195;48;2;231;219;199m▞[38;2;224;212;193;48;2;230;217;198m▀[38;2;227;215;196;48;2;225;213;194m▖[38;2;225;213;194;48;2;225;213;194m██[38;2;225;213;194;48;2;69;65;58m▌[38;2;32;29;25;48;2;41;37;32m▌[38;2;39;36;31;48;2;39;36;31m██[38;2;39;36;31;48;2;41;38;33m▌[38;2;30;27;23;48;2;172;162;147m▌[38;2;236;223;203;48;2;223;211;192m▌[38;2;225;213;194;48;2;225;213;194m███[38;2;225;213;194;48;2;228;216;196m▛[38;2;224;212;193;48;2;230;218;198m▀[38;2;228;216;197;48;2;223;211;193m▖[38;2;225;213;194;48;2;222;210;192m▀[38;2;223;211;192;48;2;224;212;194m▝[38;2;165;156;141;48;2;229;217;198m▝[38;2;77;72;64;48;2;236;224;204m▀[38;2;86;81;73;48;2;235;222;203m▀[38;2;93;87;78;48;2;238;226;205m▀[38;2;107;101;91;48;2;39;36;31m▖[38;2;42;39;33;48;2;39;36;31m▖[38;2;39;36;31;48;2;39;36;31m██[38;2;39;36;31;48;2;25;23;19m▛[38;2;99;93;84;48;2;248;235;214m▛[38;2;91;85;76;48;2;232;220;200m▀[38;2;92;86;77;48;2;234;222;202m▀▀[38;2;93;87;78;48;2;239;226;206m▀[38;2;164;155;141;48;2;45;41;36m▖[38;2;42;39;33;48;2;39;36;31m▖[38;2;39;36;31;48;2;39;36;31m██[38;2;41;38;33;48;2;30;27;23m▌[38;2;81;76;68;48;2;234;222;202m▌[38;2;234;222;202;48;2;222;210;191m▀[38;2;227;215;196;48;2;224;212;193m▘[38;2;166;157;142;48;2;229;217;197m▝[38;2;88;82;74;48;2;231;219;199m▀[38;2;91;85;76;48;2;235;223;203m▀[38;2;91;85;76;48;2;239;226;206m▀▀[38;2;90;85;76;48;2;238;225;205m▀[38;2;92;86;77;48;2;234;221;202m▀[38;2;92;86;77;48;2;234;222;202m▀▀[38;2;91;86;77;48;2;233;221;201m▀[38;2;88;82;74;48;2;221;209;190m▀[38;2;38;35;30;48;2;39;36;31m▖[38;2;39;36;31;48;2;39;36;31m████[0m
[38;2;39;36;31;48;2;39;36;31m████[38;2;39;36;31;48;2;38;35;30m▌[38;2;193;182;166;48;2;232;220;200m▌[38;2;223;211;193;48;2;225;213;194m▌[38;2;225;213;194;48;2;225;213;194m██[38;2;223;211;192;48;2;235;222;202m▌[38;2;95;90;80;48;2;28;26;21m▌[38;2;41;38;33;48;2;39;36;31m▌[38;2;39;36;31;48;2;39;36;31m██[38;2;42;39;34;48;2;26;23;19m▌[38;2;142;134;122;48;2;238;226;206m▌[38;2;222;210;191;48;2;225;213;194m▌[38;2;225;213;194;48;2;224;212;193m▌[38;2;230;218;199;48;2;81;76;68m▌[38;2;30;28;23;48;2;41;38;33m▌[38;2;39;36;31;48;2;39;36;31m██[38;2;39;36;31;48;2;42;38;33m▌[38;2;27;25;21;48;2;158;149;135m▌[38;2;237;225;205;48;2;222;210;192m▌[38;2;225;213;194;48;2;225;213;194m██[38;2;225;213;194;48;2;222;210;191m▌[38;2;238;226;206;48;2;133;126;114m▌[38;2;26;23;19;48;2;42;39;34m▌[38;2;39;36;31;48;2;39;36;31m██[38;2;39;36;31;48;2;42;39;33m▌[38;2;27;25;20;48;2;104;98;88m▌[38;2;237;224;204;48;2;222;211;192m▌[38;2;225;213;194;48;2;225;213;194m██[38;2;225;213;194;48;2;223;211;192m▌[38;2;234;221;201;48;2;186;176;160m▌[38;2;34;32;27;48;2;40;37;32m▌[38;2;39;36;31;48;2;39;36;31m██[38;2;39;36;31;48;2;40;37;32m▌[38;2;34;32;27;48;2;58;54;47m▌[38;2;217;206;187;48;2;227;215;196m▌[38;2;224;212;193;48;2;225;213;194m▛[38;2;222;210;191;48;2;235;222;202m▌[38;2;170;161;146;48;2;30;27;23m▌[38;2;41;38;33;48;2;39;36;31m▌[38;2;39;36;31;48;2;39;36;31m██[38;2;41;37;32;48;2;32;29;25m▌[38;2;69;65;57;48;2;224;212;193m▌[38;2;223;211;192;48;2;225;213;194m▀▀▀[38;2;223;211;192;48;2;227;215;196m▌[38;2;212;201;183;48;2;53;50;43m▌[38;2;35;33;28;48;2;40;37;32m▌[38;2;39;36;31;48;2;39;36;31m███[38;2;37;34;29;48;2;191;181;164m▌[38;2;229;217;198;48;2;235;223;203m▌[38;2;147;139;125;48;2;41;38;33m▌[38;2;77;72;64;48;2;32;29;25m▀[38;2;40;37;32;48;2;39;36;31m▘[38;2;39;36;31;48;2;39;36;31m███[38;2;40;37;32;48;2;39;36;31m▝[38;2;75;70;63;48;2;30;28;23m▀[38;2;77;72;64;48;2;30;28;23m▀▀▀▀▀▀[38;2;79;74;66;48;2;30;28;23m▀▀[38;2;75;70;62;48;2;25;23;19m▀[38;2;162;153;139;48;2;236;223;204m▌[38;2;222;210;191;48;2;225;213;194m▌[38;2;225;213;194;48;2;225;213;194m█[38;2;225;213;194;48;2;69;65;58m▌[38;2;32;29;25;48;2;41;37;32m▌[38;2;39;36;31;48;2;39;36;31m██[38;2;39;36;31;48;2;41;38;33m▌[38;2;30;27;23;48;2;172;162;147m▌[38;2;236;223;203;48;2;223;211;192m▌[38;2;225;213;194;48;2;225;213;194m██[38;2;225;213;194;48;2;222;210;191m▌[38;2;237;224;204;48;2;128;121;109m▌[38;2;72;67;60;48;2;23;20;16m▀[38;2;84;79;70;48;2;203;192;174m▌[38;2;236;224;204;48;2;162;153;139m▀[38;2;212;201;183;48;2;226;214;195m▖[38;2;224;212;193;48;2;225;213;194m▞[38;2;223;211;192;48;2;225;213;194m▀▀[38;2;221;209;191;48;2;235;223;203m▌[38;2;103;97;87;48;2;27;25;20m▌[38;2;42;39;33;48;2;39;36;31m▌[38;2;39;36;31;48;2;39;36;31m██[38;2;42;39;34;48;2;26;23;19m▌[38;2;132;125;113;48;2;237;225;205m▌[38;2;221;209;190;48;2;224;212;193m▌[38;2;223;211;192;48;2;225;213;194m▀▀[38;2;221;209;191;48;2;236;223;204m▌[38;2;157;148;134;48;2;27;25;21m▌[38;2;42;38;33;48;2;39;36;31m▌[38;2;39;36;31;48;2;39;36;31m██[38;2;41;38;33;48;2;30;28;23m▌[38;2;81;76;68;48;2;230;218;199m▌[38;2;224;212;193;48;2;225;213;194m▌[38;2;225;213;194;48;2;224;212;193m▛[38;2;227;215;196;48;2;197;187;170m▛[38;2;237;224;204;48;2;162;153;139m▀[38;2;183;173;157;48;2;58;54;48m▌[38;2;76;71;64;48;2;30;27;23m▀[38;2;78;73;65;48;2;31;29;24m▀[38;2;19;17;13;48;2;92;87;78m▖[38;2;233;220;201;48;2;222;210;191m▌[38;2;223;211;192;48;2;225;213;194m▀▀[38;2;225;213;194;48;2;222;210;191m▖[38;2;231;219;199;48;2;192;181;165m▌[38;2;38;35;30;48;2;39;36;31m▌[38;2;39;36;31;48;2;39;36;31m████[0m
[38;2;40;36;31;48;2;39;36;31m▖[38;2;40;37;31;48;2;39;36;31m▖[38;2;39;36;31;48;2;39;36;31m██[38;2;39;36;31;48;2;38;35;30m▌[38;2;192;182;165;48;2;232;219;200m▌[38;2;223;211;192;48;2;224;213;194m▌[38;2;225;213;194;48;2;224;213;194m▀[38;2;225;213;194;48;2;224;212;193m▀[38;2;222;211;192;48;2;234;222;202m▌[38;2;95;89;80;48;2;28;26;21m▌[38;2;41;38;33;48;2;39;36;31m▌[38;2;39;36;31;48;2;39;36;31m██[38;2;42;39;34;48;2;26;23;19m▌[38;2;142;134;122;48;2;238;226;206m▌[38;2;222;210;191;48;2;225;213;194m▌[38;2;225;213;194;48;2;224;212;193m▌[38;2;230;218;199;48;2;81;76;68m▌[38;2;30;28;23;48;2;41;38;33m▌[38;2;39;36;31;48;2;39;36;31m██[38;2;39;36;31;48;2;42;38;33m▌[38;2;27;25;21;48;2;158;149;135m▌[38;2;237;225;205;48;2;222;210;192m▌[38;2;225;213;194;48;2;225;213;194m██[38;2;225;213;194;48;2;222;210;191m▌[38;2;238;226;206;48;2;133;126;114m▌[38;2;26;23;19;48;2;42;39;34m▌[38;2;39;36;31;48;2;39;36;31m██[38;2;39;36;31;48;2;42;39;33m▌[38;2;27;25;20;48;2;104;98;88m▌[38;2;237;224;204;48;2;222;211;192m▌[38;2;225;213;194;48;2;225;213;194m██[38;2;225;213;194;48;2;223;211;192m▌[38;2;234;221;201;48;2;186;176;160m▌[38;2;34;32;27;48;2;40;37;32m▌[38;2;39;36;31;48;2;39;36;31m██[38;2;39;36;31;48;2;40;37;32m▌[38;2;34;32;27;48;2;58;54;47m▌[38;2;217;206;187;48;2;227;215;196m▌[38;2;224;212;193;48;2;225;213;194m▌[38;2;223;211;192;48;2;236;223;203m▌[38;2;172;162;147;48;2;30;27;23m▌[38;2;41;38;33;48;2;39;36;31m▌[38;2;39;36;31;48;2;39;36;31m██[38;2;41;37;32;48;2;32;29;25m▌[38;2;69;65;58;48;2;225;213;194m▌[38;2;225;213;194;48;2;225;213;194m███[38;2;224;212;193;48;2;228;216;197m▌[38;2;214;202;184;48;2;53;50;44m▌[38;2;35;33;28;48;2;40;37;32m▌[38;2;39;36;31;48;2;39;36;31m██[38;2;39;36;31;48;2;40;37;32m▀[38;2;37;34;29;48;2;191;181;164m▌[38;2;234;222;202;48;2;227;215;196m▞[38;2;27;24;20;48;2;181;170;155m▝[38;2;41;38;33;48;2;187;177;161m▀[38;2;43;40;35;48;2;38;35;30m▖[38;2;39;36;31;48;2;39;36;31m███[38;2;38;35;30;48;2;43;40;35m▛[38;2;40;37;32;48;2;187;176;160m▀[38;2;40;37;32;48;2;193;182;166m▀[38;2;40;37;32;48;2;194;183;167m▀▀[38;2;40;37;32;48;2;196;185;168m▀[38;2;75;71;63;48;2;37;35;29m▖[38;2;41;38;32;48;2;39;36;31m▛[38;2;41;38;33;48;2;39;36;31m▀▀[38;2;43;39;34;48;2;28;25;21m▌[38;2;156;148;134;48;2;237;225;205m▌[38;2;222;210;192;48;2;225;213;194m▌[38;2;225;213;194;48;2;225;213;194m█[38;2;225;213;194;48;2;69;65;58m▌[38;2;32;29;25;48;2;41;37;32m▌[38;2;39;36;31;48;2;39;36;31m██[38;2;39;36;31;48;2;41;38;33m▌[38;2;30;27;23;48;2;171;162;147m▌[38;2;235;223;203;48;2;222;210;191m▌[38;2;225;213;194;48;2;224;213;194m▀▀[38;2;224;213;194;48;2;222;210;191m▌[38;2;238;225;205;48;2;120;113;102m▌[38;2;27;24;20;48;2;43;40;35m▌[38;2;28;25;21;48;2;39;36;31m▝[38;2;26;23;19;48;2;41;38;32m▀[38;2;209;198;180;48;2;70;65;57m▀[38;2;225;213;193;48;2;98;92;82m▀[38;2;236;223;203;48;2;224;212;193m▖[38;2;225;213;194;48;2;225;213;194m█[38;2;222;211;192;48;2;237;224;204m▌[38;2;104;98;88;48;2;27;25;20m▌[38;2;42;39;33;48;2;39;36;31m▌[38;2;39;36;31;48;2;39;36;31m██[38;2;42;39;34;48;2;26;23;19m▌[38;2;133;126;114;48;2;238;226;206m▌[38;2;222;210;191;48;2;225;213;194m▌[38;2;225;213;194;48;2;225;213;194m██[38;2;222;210;192;48;2;237;225;205m▌[38;2;158;149;136;48;2;27;25;21m▌[38;2;42;38;33;48;2;39;36;31m▌[38;2;39;36;31;48;2;39;36;31m██[38;2;41;38;33;48;2;30;28;23m▌[38;2;81;76;68;48;2;230;218;199m▌[38;2;224;212;193;48;2;225;213;194m▌[38;2;225;213;194;48;2;222;210;191m▌[38;2;238;225;205;48;2;140;133;120m▌[38;2;14;12;9;48;2;35;32;27m▘[38;2;29;27;23;48;2;40;37;32m▘[38;2;41;38;33;48;2;39;36;31m▀[38;2;43;40;35;48;2;40;37;32m▝[38;2;29;26;22;48;2;96;90;80m▌[38;2;234;222;202;48;2;222;211;192m▌[38;2;225;213;194;48;2;224;212;193m▀[38;2;225;213;194;48;2;224;213;194m▀[38;2;224;213;194;48;2;223;211;192m▌[38;2;232;219;200;48;2;192;182;165m▌[38;2;38;35;30;48;2;39;36;31m▌[38;2;39;36;31;48;2;39;36;31m██[38;2;39;36;31;48;2;40;37;31m▛[38;2;39;36;31;48;2;40;36;31m▛[0m
[38;2;38;35;30;48;2;43;40;34m▀[38;2;38;35;30;48;2;42;39;34m▀[38;2;39;36;31;48;2;42;39;34m▀[38;2;41;38;33;48;2;39;36;31m▖[38;2;39;36;31;48;2;38;35;30m▌[38;2;192;181;165;48;2;231;218;199m▌[38;2;225;213;194;48;2;220;208;190m▀[38;2;226;214;195;48;2;221;209;191m▀▀[38;2;221;209;191;48;2;233;220;201m▌[38;2;95;89;80;48;2;28;25;21m▌[38;2;41;38;33;48;2;39;36;31m▌[38;2;39;36;31;48;2;42;39;34m▀[38;2;38;35;30;48;2;42;39;34m▀[38;2;43;40;35;48;2;27;24;20m▌[38;2;143;135;122;48;2;238;225;205m▌[38;2;222;210;191;48;2;225;213;194m▌[38;2;225;213;194;48;2;224;212;193m▌[38;2;230;218;199;48;2;82;77;68m▌[38;2;31;28;24;48;2;42;39;34m▌[38;2;38;35;30;48;2;42;39;34m▀[38;2;39;36;31;48;2;42;39;33m▀[38;2;39;36;31;48;2;42;38;33m▌[38;2;27;25;21;48;2;158;149;135m▌[38;2;237;225;205;48;2;222;210;192m▌[38;2;225;213;194;48;2;225;213;194m██[38;2;225;213;194;48;2;222;210;191m▌[38;2;238;226;206;48;2;133;126;114m▌[38;2;26;23;19;48;2;42;39;34m▌[38;2;39;36;31;48;2;39;36;31m██[38;2;39;36;31;48;2;42;39;33m▌[38;2;27;25;20;48;2;104;98;88m▌[38;2;237;224;204;48;2;222;211;192m▌[38;2;225;213;194;48;2;225;213;194m██[38;2;225;213;194;48;2;223;211;192m▌[38;2;234;221;201;48;2;186;176;160m▌[38;2;34;32;27;48;2;40;37;32m▌[38;2;39;36;31;48;2;41;38;33m▛[38;2;39;36;31;48;2;42;39;34m▀[38;2;38;35;31;48;2;43;40;34m▀[38;2;35;32;28;48;2;59;55;49m▌[38;2;217;206;187;48;2;227;215;196m▌[38;2;224;212;193;48;2;225;213;194m▌[38;2;223;211;192;48;2;236;223;203m▌[38;2;172;162;147;48;2;30;27;23m▌[38;2;41;38;33;48;2;39;36;31m▌[38;2;39;36;31;48;2;39;36;31m██[38;2;41;37;32;48;2;32;29;25m▌[38;2;69;65;58;48;2;225;213;194m▌[38;2;225;213;194;48;2;225;213;194m███[38;2;224;212;193;48;2;228;216;197m▌[38;2;214;202;184;48;2;53;50;44m▌[38;2;35;33;28;48;2;40;37;32m▌[38;2;39;36;31;48;2;41;38;33m▀[38;2;39;36;31;48;2;42;39;34m▀[38;2;38;35;30;48;2;43;40;35m▀[38;2;38;35;30;48;2;191;180;164m▌[38;2;232;220;200;48;2;223;211;192m▌[38;2;229;217;198;48;2;223;211;192m▀[38;2;233;220;201;48;2;205;194;177m▌[38;2;44;41;36;48;2;37;34;30m▌[38;2;40;37;31;48;2;39;36;31m▌[38;2;39;36;31;48;2;39;36;31m█[38;2;39;36;31;48;2;40;37;31m▌[38;2;37;34;30;48;2;44;41;36m▌[38;2;205;194;177;48;2;233;220;201m▌[38;2;231;219;199;48;2;222;210;192m▀[38;2;232;220;200;48;2;223;211;193m▀[38;2;232;220;200;48;2;223;211;192m▀[38;2;238;226;206;48;2;227;215;196m▝[38;2;83;78;70;48;2;29;27;23m▌[38;2;41;38;33;48;2;39;36;31m▌[38;2;39;36;31;48;2;39;36;31m██[38;2;42;39;33;48;2;27;24;20m▌[38;2;156;148;134;48;2;237;225;205m▌[38;2;222;210;192;48;2;225;213;194m▌[38;2;225;213;194;48;2;225;213;194m█[38;2;225;213;194;48;2;69;65;58m▌[38;2;32;29;25;48;2;41;37;32m▌[38;2;39;36;31;48;2;39;36;31m██[38;2;39;36;31;48;2;41;38;33m▌[38;2;30;27;23;48;2;170;161;146m▌[38;2;234;221;202;48;2;221;209;191m▌[38;2;226;214;195;48;2;221;209;191m▀▀[38;2;224;212;193;48;2;219;208;189m▀[38;2;237;224;204;48;2;119;112;101m▌[38;2;26;23;19;48;2;42;39;33m▌[38;2;39;36;31;48;2;42;39;34m▛▀[38;2;32;30;25;48;2;45;42;36m▀[38;2;24;22;18;48;2;116;109;98m▌[38;2;238;225;205;48;2;222;210;191m▌[38;2;225;213;194;48;2;225;213;194m█[38;2;222;211;192;48;2;237;224;204m▌[38;2;104;98;88;48;2;27;25;20m▌[38;2;42;39;33;48;2;39;36;31m▌[38;2;39;36;31;48;2;39;36;31m██[38;2;42;39;34;48;2;26;23;19m▌[38;2;133;126;114;48;2;238;226;206m▌[38;2;222;210;191;48;2;225;213;194m▌[38;2;225;213;194;48;2;225;213;194m██[38;2;222;210;192;48;2;237;225;205m▌[38;2;158;149;136;48;2;27;25;21m▌[38;2;42;38;33;48;2;39;36;31m▌[38;2;39;36;31;48;2;42;39;33m▀[38;2;38;35;30;48;2;42;39;34m▀[38;2;42;39;34;48;2;31;28;24m▌[38;2;82;77;68;48;2;230;218;199m▌[38;2;224;212;193;48;2;225;213;194m▌[38;2;225;213;194;48;2;222;210;191m▌[38;2;238;225;205;48;2;143;135;122m▌[38;2;27;24;20;48;2;43;40;35m▌[38;2;38;35;30;48;2;42;39;34m▀[38;2;39;36;31;48;2;42;39;34m▀[38;2;39;36;31;48;2;41;38;33m▌[38;2;28;25;21;48;2;95;89;80m▌[38;2;233;220;201;48;2;221;209;191m▌[38;2;226;214;195;48;2;221;209;191m▀▀[38;2;225;213;194;48;2;220;208;190m▀[38;2;231;218;199;48;2;192;181;165m▌[38;2;38;35;30;48;2;39;36;31m▌[38;2;39;36;31;48;2;41;38;33m▛[38;2;39;36;31;48;2;42;39;34m▀[38;2;38;35;30;48;2;42;39;34m▀[38;2;38;35;30;48;2;43;40;34m▀[0m
[38;2;200;189;172;48;2;230;217;198m▀[38;2;225;213;194;48;2;128;121;109m▌[38;2;21;18;15;48;2;120;113;102m▀[38;2;100;94;85;48;2;34;31;26m▖[38;2;40;37;31;48;2;37;34;29m▀[38;2;61;57;51;48;2;31;28;24m▀[38;2;63;59;52;48;2;31;28;24m▀▀▀▀[38;2;47;43;38;48;2;37;34;29m▘[38;2;35;33;28;48;2;64;60;53m▛[38;2;24;22;18;48;2;122;115;104m▀[38;2;31;29;24;48;2;175;165;150m▘[38;2;203;192;174;48;2;231;219;200m▀[38;2;215;203;185;48;2;226;214;195m▘[38;2;225;213;194;48;2;225;213;194m██[38;2;207;196;178;48;2;226;214;195m▝[38;2;206;195;177;48;2;233;221;201m▀[38;2;14;12;9;48;2;143;135;122m▝[38;2;27;25;20;48;2;119;112;101m▀[38;2;41;38;33;48;2;38;35;30m▞[38;2;26;24;20;48;2;157;149;135m▌[38;2;237;225;205;48;2;222;210;192m▌[38;2;225;213;194;48;2;225;213;194m██[38;2;225;213;194;48;2;222;210;191m▌[38;2;238;226;206;48;2;133;125;113m▌[38;2;24;22;18;48;2;41;38;32m▌[38;2;40;37;32;48;2;36;34;29m▀▀[38;2;41;38;33;48;2;37;35;30m▀[38;2;26;23;19;48;2;103;97;87m▌[38;2;237;224;204;48;2;222;211;192m▌[38;2;225;213;194;48;2;225;213;194m██[38;2;225;213;194;48;2;223;211;192m▌[38;2;233;221;201;48;2;185;175;159m▌[38;2;33;30;26;48;2;39;36;31m▌[38;2;34;31;27;48;2;104;98;88m▛[38;2;20;18;14;48;2;119;112;101m▀[38;2;102;96;86;48;2;207;196;178m▘[38;2;201;190;173;48;2;229;217;197m▀[38;2;224;212;193;48;2;225;213;194m▘[38;2;225;213;194;48;2;225;213;194m█[38;2;223;211;192;48;2;236;223;203m▌[38;2;171;162;147;48;2;28;26;22m▌[38;2;41;38;32;48;2;37;35;30m▀[38;2;40;37;32;48;2;36;34;29m▀▀[38;2;39;36;31;48;2;31;28;24m▌[38;2;68;64;57;48;2;225;213;194m▌[38;2;225;213;194;48;2;225;213;194m███[38;2;224;212;193;48;2;228;216;197m▌[38;2;213;202;184;48;2;52;48;43m▌[38;2;42;38;33;48;2;34;31;26m▝[38;2;29;26;22;48;2;108;101;91m▀[38;2;42;39;33;48;2;130;123;111m▀[38;2;204;193;176;48;2;232;220;200m▀[38;2;201;191;173;48;2;225;213;194m▘[38;2;226;214;195;48;2;225;213;194m▘[38;2;225;213;194;48;2;224;212;193m▌[38;2;230;218;199;48;2;203;192;175m▌[38;2;44;41;36;48;2;37;35;30m▌[38;2;40;37;31;48;2;39;36;31m▌[38;2;39;36;31;48;2;39;36;31m█[38;2;39;36;31;48;2;40;37;31m▌[38;2;37;35;30;48;2;44;41;36m▌[38;2;203;192;175;48;2;230;218;199m▌[38;2;224;212;193;48;2;225;213;194m▌[38;2;225;213;194;48;2;225;213;194m██[38;2;224;212;193;48;2;231;219;199m▌[38;2;83;77;69;48;2;30;27;23m▌[38;2;41;38;33;48;2;39;36;31m▌[38;2;39;36;31;48;2;39;36;31m█[38;2;39;36;31;48;2;37;34;29m▛[38;2;40;37;32;48;2;26;23;19m▌[38;2;156;147;133;48;2;237;225;205m▌[38;2;222;210;192;48;2;225;213;194m▌[38;2;225;213;194;48;2;225;213;194m█[38;2;225;213;194;48;2;68;64;57m▌[38;2;31;28;24;48;2;39;36;31m▌[38;2;40;37;32;48;2;36;34;29m▀▀▀[38;2;56;53;46;48;2;36;33;28m▝[38;2;63;59;52;48;2;31;28;24m▀▀▀▀[38;2;57;53;47;48;2;32;29;25m▀[38;2;39;36;31;48;2;33;30;25m▛[38;2;39;35;30;48;2;123;116;105m▛[38;2;24;21;17;48;2;119;112;101m▀[38;2;165;155;141;48;2;217;206;187m▘[38;2;205;194;176;48;2;229;217;197m▀[38;2;227;215;195;48;2;225;213;194m▘[38;2;225;213;194;48;2;225;213;194m█[38;2;222;211;192;48;2;237;224;204m▌[38;2;103;97;87;48;2;26;23;19m▌[38;2;41;38;33;48;2;37;35;30m▀[38;2;40;37;32;48;2;36;34;29m▀▀[38;2;41;38;32;48;2;24;22;18m▌[38;2;133;125;113;48;2;238;226;206m▌[38;2;222;210;191;48;2;225;213;194m▌[38;2;225;213;194;48;2;225;213;194m██[38;2;222;210;192;48;2;237;225;205m▌[38;2;157;149;135;48;2;26;24;20m▌[38;2;38;35;30;48;2;41;38;33m▞[38;2;27;25;20;48;2;119;112;101m▀[38;2;14;12;9;48;2;143;135;122m▘[38;2;206;195;177;48;2;233;221;201m▀[38;2;207;196;178;48;2;226;214;195m▘[38;2;225;213;194;48;2;225;213;194m██[38;2;215;203;185;48;2;226;214;195m▝[38;2;203;192;174;48;2;231;219;200m▀[38;2;32;29;24;48;2;175;166;150m▝[38;2;24;22;18;48;2;122;115;104m▀[38;2;64;60;53;48;2;35;33;28m▖[38;2;47;43;38;48;2;37;34;29m▝[38;2;63;59;52;48;2;31;28;24m▀▀▀▀[38;2;61;57;51;48;2;31;28;24m▀[38;2;40;37;31;48;2;37;34;29m▀[38;2;34;31;26;48;2;100;94;85m▛[38;2;21;18;15;48;2;120;113;102m▀[38;2;128;121;109;48;2;225;213;194m▌[38;2;200;189;172;48;2;229;217;198m▀[0m
[38;2;224;212;193;48;2;225;213;194m▀[38;2;233;220;201;48;2;223;211;192m▝[38;2;242;230;209;48;2;222;210;191m▀[38;2;41;38;33;48;2;206;195;177m▝[38;2;49;45;39;48;2;209;197;180m▀[38;2;49;46;40;48;2;209;197;180m▀[38;2;50;46;40;48;2;209;197;180m▀▀▀▀▀[38;2;73;69;61;48;2;210;199;181m▀[38;2;242;229;209;48;2;222;210;191m▀[38;2;238;225;205;48;2;224;212;193m▘[38;2;223;211;193;48;2;225;213;194m▀[38;2;224;212;194;48;2;225;213;194m▘[38;2;225;213;194;48;2;225;213;194m██[38;2;224;212;193;48;2;225;213;194m▝[38;2;223;211;192;48;2;225;213;194m▀[38;2;238;226;206;48;2;225;213;194m▝[38;2;242;229;209;48;2;222;210;191m▘[38;2;53;50;43;48;2;209;197;180m▀[38;2;38;35;30;48;2;196;185;168m▘[38;2;237;224;204;48;2;224;212;193m▘[38;2;225;213;194;48;2;225;213;194m██[38;2;222;210;191;48;2;225;213;194m▝[38;2;138;130;118;48;2;227;214;195m▝[38;2;43;40;35;48;2;208;197;179m▀[38;2;48;45;39;48;2;209;197;180m▀▀[38;2;49;46;40;48;2;209;197;180m▀[38;2;73;69;61;48;2;211;199;182m▀[38;2;236;223;204;48;2;224;212;193m▘[38;2;225;213;194;48;2;225;213;194m██[38;2;223;211;192;48;2;225;213;194m▝[38;2;188;178;161;48;2;227;215;195m▝[38;2;47;43;38;48;2;208;197;179m▀[38;2;45;42;36;48;2;209;198;180m▘[38;2;241;229;209;48;2;222;210;191m▀[38;2;232;220;200;48;2;223;211;193m▘[38;2;224;212;193;48;2;225;213;194m▀[38;2;225;213;194;48;2;225;213;194m██[38;2;235;223;203;48;2;224;212;193m▝[38;2;40;37;32;48;2;200;190;173m▝[38;2;49;46;40;48;2;209;197;180m▀[38;2;48;45;39;48;2;209;197;180m▀▀[38;2;46;42;37;48;2;208;197;179m▀[38;2;77;72;64;48;2;220;208;190m▘[38;2;225;213;194;48;2;225;213;194m███[38;2;228;216;196;48;2;224;212;193m▝[38;2;62;58;51;48;2;216;204;186m▝[38;2;42;39;34;48;2;208;197;179m▀[38;2;164;154;140;48;2;230;218;198m▘[38;2;235;223;203;48;2;222;210;191m▀[38;2;223;211;192;48;2;225;213;194m▀[38;2;224;212;193;48;2;225;213;194m▘[38;2;225;213;194;48;2;225;213;194m█[38;2;225;213;194;48;2;224;212;193m▌[38;2;230;218;199;48;2;203;192;175m▌[38;2;44;41;36;48;2;37;35;30m▌[38;2;40;37;31;48;2;39;36;31m▌[38;2;39;36;31;48;2;39;36;31m█[38;2;39;36;31;48;2;40;37;31m▌[38;2;37;35;30;48;2;44;41;36m▌[38;2;203;192;175;48;2;230;218;199m▌[38;2;224;212;193;48;2;225;213;194m▌[38;2;225;213;194;48;2;225;213;194m██[38;2;224;212;193;48;2;231;219;199m▌[38;2;83;77;69;48;2;30;27;23m▌[38;2;41;38;33;48;2;39;36;31m▌[38;2;42;39;33;48;2;24;21;17m▀[38;2;43;40;34;48;2;197;187;170m▛[38;2;44;41;35;48;2;209;198;180m▀[38;2;160;151;137;48;2;227;215;196m▘[38;2;222;210;192;48;2;225;213;194m▘[38;2;225;213;194;48;2;225;213;194m█[38;2;77;72;65;48;2;220;208;190m▝[38;2;46;42;37;48;2;208;197;179m▀[38;2;48;45;39;48;2;209;197;180m▀▀▀▀[38;2;50;46;40;48;2;209;197;180m▀▀▀▀[38;2;49;45;40;48;2;209;197;180m▀[38;2;45;42;36;48;2;208;197;179m▀[38;2;87;82;73;48;2;225;213;194m▘[38;2;238;225;205;48;2;222;210;191m▀[38;2;227;215;196;48;2;224;212;193m▘[38;2;224;212;193;48;2;225;213;194m▀[38;2;225;213;194;48;2;225;213;194m██[38;2;236;223;204;48;2;224;212;193m▝[38;2;73;69;61;48;2;211;199;182m▀[38;2;49;46;40;48;2;209;197;180m▀[38;2;48;45;39;48;2;209;197;180m▀▀[38;2;43;40;35;48;2;208;197;179m▀[38;2;138;130;118;48;2;227;214;195m▘[38;2;222;210;191;48;2;225;213;194m▘[38;2;225;213;194;48;2;225;213;194m██[38;2;237;224;204;48;2;224;212;193m▝[38;2;38;35;30;48;2;196;185;168m▝[38;2;53;50;43;48;2;209;197;180m▀[38;2;242;229;209;48;2;222;210;191m▝[38;2;238;226;206;48;2;225;213;194m▘[38;2;223;211;192;48;2;225;213;194m▀[38;2;224;212;193;48;2;225;213;194m▘[38;2;225;213;194;48;2;225;213;194m██[38;2;224;212;194;48;2;225;213;194m▝[38;2;223;211;193;48;2;225;213;194m▀[38;2;238;225;205;48;2;224;212;193m▝[38;2;242;230;209;48;2;222;210;191m▀[38;2;73;69;61;48;2;210;199;181m▀[38;2;50;46;41;48;2;209;197;180m▀[38;2;50;46;40;48;2;209;197;180m▀▀▀▀[38;2;49;46;40;48;2;209;197;180m▀[38;2;49;45;39;48;2;209;197;180m▀[38;2;41;38;33;48;2;206;195;177m▘[38;2;242;230;209;48;2;222;210;191m▀[38;2;233;220;201;48;2;223;211;192m▘[38;2;224;212;193;48;2;225;213;194m▀[0m
[38;2;225;213;194;48;2;225;213;194m███[38;2;229;217;198;48;2;225;213;194m▝[38;2;229;217;197;48;2;224;212;193m▀▀▀▀▀▀▀[38;2;228;216;197;48;2;224;212;193m▀[38;2;225;213;194;48;2;225;213;194m██████████[38;2;229;217;197;48;2;224;212;193m▀[38;2;229;217;198;48;2;225;213;194m▘[38;2;225;213;194;48;2;225;213;194m████[38;2;227;215;196;48;2;224;213;194m▝[38;2;229;217;197;48;2;224;212;193m▀▀▀▀[38;2;228;216;197;48;2;224;212;193m▀[38;2;225;213;194;48;2;225;213;194m████[38;2;226;214;195;48;2;225;213;194m▝[38;2;229;217;197;48;2;224;212;193m▀[38;2;229;217;198;48;2;225;213;194m▘[38;2;225;213;194;48;2;225;213;194m██████[38;2;229;217;198;48;2;225;213;194m▝[38;2;229;217;197;48;2;224;212;193m▀▀▀▀[38;2;228;216;197;48;2;224;212;193m▘[38;2;225;213;194;48;2;225;213;194m████[38;2;229;216;197;48;2;224;212;193m▝[38;2;229;217;197;48;2;224;212;193m▀[38;2;227;214;195;48;2;225;213;194m▘[38;2;225;213;194;48;2;225;213;194m████[38;2;225;213;194;48;2;224;212;193m▌[38;2;230;218;198;48;2;203;192;175m▌[38;2;45;42;36;48;2;39;36;30m▌[38;2;38;35;30;48;2;42;39;34m▀▀▀[38;2;39;36;30;48;2;45;42;36m▌[38;2;203;192;175;48;2;230;218;198m▌[38;2;224;212;193;48;2;225;213;194m▌[38;2;225;213;194;48;2;225;213;194m██[38;2;224;212;193;48;2;231;219;199m▌[38;2;83;78;70;48;2;31;29;24m▌[38;2;41;38;32;48;2;50;46;40m▛[38;2;129;121;109;48;2;232;220;200m▀[38;2;140;132;119;48;2;228;216;197m▘[38;2;229;217;198;48;2;224;212;193m▀[38;2;226;214;195;48;2;225;213;194m▘[38;2;225;213;194;48;2;225;213;194m██[38;2;228;216;197;48;2;224;212;193m▝[38;2;229;217;197;48;2;224;212;193m▀▀▀▀▀▀▀▀▀▀▀[38;2;228;216;197;48;2;224;212;193m▘[38;2;225;213;194;48;2;225;213;194m██████[38;2;228;216;197;48;2;224;212;193m▀[38;2;229;217;197;48;2;224;212;193m▀▀▀▀[38;2;227;215;196;48;2;224;213;194m▘[38;2;225;213;194;48;2;225;213;194m████[38;2;229;217;198;48;2;225;213;194m▝[38;2;229;217;197;48;2;224;212;193m▀[38;2;225;213;194;48;2;225;213;194m██████████[38;2;228;216;197;48;2;224;212;193m▀[38;2;229;217;197;48;2;224;212;193m▀▀▀▀▀▀▀[38;2;229;217;198;48;2;225;213;194m▘[38;2;225;213;194;48;2;225;213;194m███[0m
