[38;2;166;160;146;48;2;100;109;105m▌[38;2;92;96;92;48;2;80;85;82m▀[38;2;81;83;81;48;2;77;85;86m▀[38;2;87;93;92;48;2;75;77;74m▖[38;2;72;72;70;48;2;60;63;62m▛[38;2;108;88;79;48;2;189;130;108m▌[38;2;192;132;109;48;2;180;116;94m▀[38;2;191;129;108;48;2;178;111;91m▀[38;2;188;131;110;48;2;175;106;87m▀[38;2;183;126;106;48;2;171;105;88m▀[38;2;184;121;100;48;2;157;119;103m▌[38;2;130;119;109;48;2;118;107;98m▀[38;2;138;125;114;48;2;118;108;99m▀[38;2;133;122;111;48;2;118;109;101m▀[38;2;130;118;108;48;2;114;104;96m▀[38;2;124;113;104;48;2;104;95;88m▀[38;2;123;113;104;48;2;103;95;89m▀[38;2;120;110;102;48;2;92;85;80m▀[38;2;118;108;101;48;2;88;81;76m▀[38;2;112;103;96;48;2;76;72;68m▀[38;2;110;101;94;48;2;73;68;65m▀[38;2;107;99;93;48;2;63;59;57m▀[38;2;101;94;88;48;2;56;53;52m▀[38;2;101;94;88;48;2;58;55;54m▀[38;2;106;99;92;48;2;59;55;53m▀[38;2;108;100;94;48;2;57;54;53m▀[38;2;110;102;96;48;2;57;54;53m▀[38;2;111;102;95;48;2;58;55;53m▀[38;2;111;102;96;48;2;57;54;52m▀[38;2;108;100;93;48;2;56;53;52m▀[38;2;112;102;96;48;2;55;52;51m▀[38;2;114;105;98;48;2;54;51;50m▀[38;2;116;107;100;48;2;55;52;51m▀[38;2;115;106;99;48;2;57;54;53m▀[38;2;116;107;99;48;2;57;54;52m▀▀[38;2;119;109;101;48;2;57;54;52m▀[38;2;121;111;103;48;2;58;55;52m▀[38;2;122;112;104;48;2;57;54;53m▀[38;2;124;114;106;48;2;56;52;50m▀[38;2;129;118;110;48;2;58;54;53m▀[38;2;130;120;111;48;2;56;53;52m▀[38;2;131;121;112;48;2;60;57;55m▀[38;2;132;122;113;48;2;57;54;53m▀[38;2;132;123;115;48;2;52;51;50m▀[38;2;138;128;118;48;2;56;53;52m▀[38;2;141;130;120;48;2;55;52;52m▀[38;2;145;134;124;48;2;54;52;51m▀[38;2;144;133;123;48;2;58;55;53m▀[38;2;145;133;123;48;2;55;54;53m▀[38;2;146;135;125;48;2;56;53;52m▀[38;2;150;139;128;48;2;54;51;49m▀[38;2;150;138;127;48;2;55;52;50m▀[38;2;147;136;126;48;2;60;56;53m▀[38;2;150;138;128;48;2;59;55;53m▀[38;2;154;142;132;48;2;53;50;48m▀[38;2;153;141;130;48;2;58;54;52m▀[38;2;158;144;133;48;2;71;65;61m▀[0m
[38;2;145;147;136;48;2;83;96;94m▌[38;2;83;86;80;48;2;76;84;82m▌[38;2;75;82;80;48;2;70;74;73m▛[38;2;73;77;76;48;2;66;70;69m▀[38;2;65;66;66;48;2;67;68;67m▞[38;2;59;61;61;48;2;126;92;79m▌[38;2;184;118;95;48;2;188;124;101m▝[38;2;183;112;90;48;2;181;107;87m▌[38;2;179;107;87;48;2;181;110;90m▌[38;2;178;109;90;48;2;182;107;87m▀[38;2;183;120;99;48;2;188;116;95m▝[38;2;143;120;105;48;2;119;111;103m▌[38;2;116;106;98;48;2;123;113;104m▖[38;2;125;115;106;48;2;120;110;102m▘[38;2;118;108;99;48;2;116;106;99m▘[38;2;114;105;97;48;2;109;100;93m▛[38;2;113;104;96;48;2;111;102;95m▛[38;2;102;94;88;48;2;95;88;82m▌[38;2;92;85;80;48;2;86;80;75m▌[38;2;82;77;73;48;2;79;74;70m▌[38;2;78;73;69;48;2;73;68;66m▌[38;2;69;65;62;48;2;66;61;59m▀[38;2;65;60;58;48;2;62;58;56m▛[38;2;65;61;59;48;2;62;58;56m▀[38;2;64;60;58;48;2;66;62;59m▖[38;2;62;59;57;48;2;65;61;59m▀[38;2;64;61;59;48;2;63;59;56m▛[38;2;64;60;58;48;2;67;63;60m▖[38;2;67;62;59;48;2;67;63;60m▝[38;2;67;63;61;48;2;70;66;63m▛[38;2;66;62;59;48;2;65;61;59m▘[38;2;64;60;58;48;2;65;61;58m▘▘[38;2;65;61;59;48;2;64;60;58m▀[38;2;65;61;58;48;2;66;61;59m▖[38;2;67;63;61;48;2;66;62;60m▌[38;2;67;62;59;48;2;68;64;61m▀[38;2;68;64;60;48;2;67;63;60m▀[38;2;67;63;60;48;2;65;62;59m▘[38;2;68;64;61;48;2;65;62;60m▀[38;2;67;63;61;48;2;68;64;61m▝[38;2;65;60;59;48;2;66;62;60m▘[38;2;65;62;60;48;2;80;73;68m▌[38;2;71;67;64;48;2;65;62;61m▌[38;2;71;66;63;48;2;67;63;60m▖[38;2;68;64;62;48;2;70;66;64m▘[38;2;69;64;62;48;2;70;67;64m▛[38;2;70;67;65;48;2;68;64;63m▖[38;2;72;68;65;48;2;83;76;70m▛[38;2;67;65;63;48;2;69;65;64m▀[38;2;65;62;61;48;2;88;81;76m▛[38;2;104;95;88;48;2;194;176;156m▛[38;2;83;77;72;48;2;158;143;128m▀[38;2;59;56;54;48;2;112;103;95m▀[38;2;59;56;53;48;2;111;102;93m▀[38;2;79;74;70;48;2;169;154;139m▀[38;2;125;113;103;48;2;70;65;61m▖[38;2;63;59;57;48;2;94;86;78m▌[0m
[38;2;142;147;139;48;2;73;89;88m▌[38;2;80;82;78;48;2;77;84;83m▌[38;2;73;80;79;48;2;69;73;73m▌[38;2;66;67;66;48;2;66;68;67m▝[38;2;66;68;67;48;2;63;63;63m▌[38;2;63;62;61;48;2;50;54;53m▛[38;2;112;81;71;48;2;176;110;91m▖[38;2;174;106;87;48;2;182;112;90m▞[38;2;183;110;90;48;2;180;104;84m▝[38;2;184;108;88;48;2;192;122;100m▛[38;2;191;120;99;48;2;192;115;93m▖[38;2;169;115;96;48;2;124;113;102m▌[38;2;120;110;101;48;2;123;113;104m▀[38;2;114;105;97;48;2;118;108;100m▌[38;2;114;105;97;48;2;123;113;104m▝[38;2;115;106;98;48;2;110;101;94m▌[38;2;112;103;96;48;2;113;104;97m▀[38;2;102;93;87;48;2;94;88;82m▌[38;2;93;85;81;48;2;88;81;77m▀[38;2;83;77;73;48;2;79;74;70m▌[38;2;77;72;68;48;2;74;69;66m▌[38;2;67;62;60;48;2;70;65;62m▝[38;2;64;60;58;48;2;61;59;57m▌[38;2;62;59;57;48;2;61;57;55m▌[38;2;63;59;57;48;2;65;60;59m▌[38;2;66;62;60;48;2;65;61;59m▘[38;2;63;59;58;48;2;64;60;58m▖[38;2;63;59;57;48;2;64;61;59m▛[38;2;64;59;58;48;2;65;61;59m▀[38;2;65;61;59;48;2;67;63;61m▌[38;2;65;61;58;48;2;63;59;57m▛[38;2;65;61;59;48;2;63;58;57m▛[38;2;64;60;57;48;2;63;59;58m▛[38;2;64;61;59;48;2;64;60;58m▞[38;2;62;58;56;48;2;63;59;57m▖[38;2;65;61;59;48;2;64;60;57m▀[38;2;68;64;61;48;2;64;60;57m▀[38;2;68;64;61;48;2;65;61;59m▝[38;2;67;63;60;48;2;64;61;59m▘[38;2;67;63;62;48;2;66;62;60m▌[38;2;65;61;59;48;2;68;64;61m▖[38;2;65;61;59;48;2;65;62;60m▖[38;2;65;62;60;48;2;87;78;71m▌[38;2;73;68;65;48;2;67;63;61m▘[38;2;72;67;64;48;2;65;61;59m▀[38;2;68;64;61;48;2;66;62;60m▛[38;2;67;63;61;48;2;69;66;63m▖[38;2;70;66;64;48;2;67;63;61m▀[38;2;73;68;63;48;2;96;83;73m▌[38;2;69;64;62;48;2;61;58;56m▌[38;2;101;92;85;48;2;177;159;142m▌[38;2;142;128;114;48;2;180;163;145m▌[38;2;166;149;134;48;2;176;159;141m▘[38;2;206;186;165;48;2;167;150;134m▘[38;2;183;164;145;48;2;201;181;160m▌[38;2;181;163;145;48;2;197;178;156m▛[38;2;181;163;142;48;2;194;174;152m▝[38;2;82;76;71;48;2;98;90;83m▌[0m
[38;2;158;160;151;48;2;76;90;88m▌[38;2;82;85;80;48;2;78;85;84m▌[38;2;71;76;75;48;2;75;80;79m▝[38;2;70;74;73;48;2;67;71;70m▖[38;2;66;67;66;48;2;67;69;68m▝[38;2;64;64;64;48;2;61;61;59m▌[38;2;65;62;60;48;2;154;100;83m▌[38;2;195;118;94;48;2;178;109;89m▖[38;2;182;108;86;48;2;181;115;95m▀[38;2;186;109;89;48;2;185;108;88m▘[38;2;191;115;93;48;2;188;112;90m▖[38;2;194;117;93;48;2;137;107;93m▌[38;2;116;107;99;48;2;136;124;113m▀[38;2;115;105;98;48;2;117;107;100m▞[38;2;118;108;100;48;2;111;102;94m▛[38;2;115;105;98;48;2;105;96;91m▛[38;2;110;101;95;48;2;105;97;91m▀[38;2;104;95;89;48;2;94;87;82m▘[38;2;91;83;79;48;2;88;81;78m▝[38;2;84;77;73;48;2;76;70;68m▛[38;2;77;72;69;48;2;74;69;66m▘[38;2;71;67;64;48;2;69;64;61m▖[38;2;64;61;59;48;2;63;59;58m▛[38;2;60;56;55;48;2;62;58;57m▝[38;2;63;59;57;48;2;65;61;59m▌[38;2;65;60;59;48;2;64;60;58m▝[38;2;63;59;57;48;2;62;58;57m▛[38;2;62;58;56;48;2;63;60;58m▘[38;2;65;61;60;48;2;68;64;62m▛[38;2;65;61;59;48;2;63;59;57m▀[38;2;64;60;59;48;2;63;59;57m▌[38;2;63;58;56;48;2;64;60;58m▘[38;2;63;59;57;48;2;64;60;58m▝[38;2;62;58;57;48;2;56;54;53m▛[38;2;64;59;58;48;2;55;52;52m▀[38;2;62;58;56;48;2;59;55;55m▀[38;2;62;58;56;48;2;65;61;58m▛[38;2;63;59;57;48;2;65;61;59m▛[38;2;63;59;58;48;2;65;61;60m▘[38;2;64;60;58;48;2;58;56;56m▛[38;2;65;61;58;48;2;58;56;56m▀[38;2;65;60;58;48;2;54;53;53m▀[38;2;71;65;62;48;2;83;75;68m▘[38;2;56;54;55;48;2;64;60;58m▖[38;2;65;61;58;48;2;64;60;58m▞[38;2;64;60;57;48;2;64;61;59m▖[38;2;64;59;57;48;2;65;61;60m▖[38;2;64;60;58;48;2;59;56;55m▌[38;2;105;91;77;48;2;86;77;68m▞[38;2;61;58;57;48;2;64;61;60m▞[38;2;180;162;144;48;2;99;90;83m▝[38;2;153;137;123;48;2;188;168;150m▌[38;2;170;152;136;48;2;189;169;149m▛[38;2;192;172;153;48;2;173;156;140m▌[38;2;173;155;139;48;2;206;186;164m▌[38;2;164;147;130;48;2;186;167;149m▝[38;2;191;171;151;48;2;133;120;107m▛[38;2;64;60;57;48;2;113;106;98m▌[0m
[38;2;163;164;153;48;2;79;91;88m▌[38;2;86;86;80;48;2;78;86;84m▌[38;2;74;84;83;48;2;73;80;79m▌[38;2;71;76;76;48;2;69;73;73m▌[38;2;68;72;71;48;2;66;68;68m▛[38;2;62;62;61;48;2;65;66;65m▝[38;2;79;70;65;48;2;59;61;59m▝[38;2;133;91;78;48;2;181;108;90m▖[38;2;185;122;101;48;2;178;106;87m▘[38;2;185;106;87;48;2;189;109;90m▀[38;2;192;113;92;48;2;188;111;90m▖[38;2;163;107;89;48;2;193;119;98m▝[38;2;173;151;134;48;2;222;202;179m▛[38;2;179;160;143;48;2;219;196;174m▀[38;2;172;154;138;48;2;222;202;180m▀[38;2;206;186;165;48;2;183;163;141m▌[38;2;169;153;132;48;2;153;138;118m▌[38;2;147;132;114;48;2;194;160;128m▀[38;2;103;93;83;48;2;187;165;139m▀[38;2;114;104;98;48;2;189;168;141m▀[38;2;88;80;76;48;2;164;150;136m▀[38;2;62;58;57;48;2;106;96;89m▀[38;2;65;61;58;48;2;56;53;51m▀[38;2;59;55;54;48;2;63;59;56m▖[38;2;64;60;59;48;2;62;58;57m▝[38;2;65;61;58;48;2;60;56;55m▀[38;2;62;59;57;48;2;61;57;55m▀[38;2;63;59;58;48;2;60;56;54m▀[38;2;64;60;58;48;2;60;55;54m▀[38;2;64;60;58;48;2;59;54;54m▀[38;2;65;60;59;48;2;57;54;54m▀[38;2;60;56;55;48;2;70;65;62m▛[38;2;56;53;53;48;2;81;70;64m▀[38;2;89;76;68;48;2;153;117;95m▀[38;2;124;98;83;48;2;153;118;97m▀[38;2;143;111;91;48;2;162;123;97m▛[38;2;144;112;91;48;2;161;122;96m▘[38;2;154;118;95;48;2;170;127;99m▀[38;2;150;116;94;48;2;161;121;96m▘[38;2;151;117;95;48;2;167;125;98m▀[38;2;136;107;89;48;2;166;124;97m▀[38;2;116;93;78;48;2;167;125;98m▀[38;2;117;98;83;48;2;170;130;103m▀[38;2;81;71;65;48;2;161;123;99m▀[38;2;62;59;57;48;2;133;104;86m▀[38;2;59;57;56;48;2;97;82;72m▀[38;2;67;62;59;48;2;60;58;56m▛[38;2;66;60;58;48;2;105;89;76m▛[38;2;106;91;77;48;2;65;61;59m▌[38;2;67;63;61;48;2;66;62;60m▞[38;2;62;58;56;48;2;64;60;57m▝[38;2;99;90;82;48;2;58;55;54m▀[38;2;120;108;98;48;2;56;53;52m▀[38;2;128;116;105;48;2;59;55;54m▀[38;2;128;116;105;48;2;57;53;52m▀[38;2;113;103;93;48;2;60;56;55m▀[38;2;89;82;77;48;2;67;62;60m▘[38;2;60;57;55;48;2;109;101;93m▌[0m
[38;2;169;169;158;48;2;86;91;85m▌[38;2;87;89;83;48;2;78;89;88m▌[38;2;77;87;87;48;2;73;82;81m▌[38;2;69;73;73;48;2;72;78;77m▝[38;2;68;72;72;48;2;67;71;70m▖[38;2;68;71;70;48;2;66;66;65m▌[38;2;66;65;64;48;2;62;62;60m▘[38;2;69;63;60;48;2;160;100;83m▌[38;2;176;105;87;48;2;186;110;90m▘[38;2;196;115;93;48;2;180;103;84m▝[38;2;196;118;96;48;2;193;113;91m▘[38;2;205;125;100;48;2;193;112;90m▝[38;2;170;113;94;48;2;195;176;157m▌[38;2;217;195;173;48;2;180;155;134m▛[38;2;202;178;154;48;2;191;142;106m▘[38;2;174;143;108;48;2;170;153;123m▌[38;2;179;145;114;48;2;208;149;109m▘[38;2;207;146;105;48;2;199;140;99m▛[38;2;212;156;119;48;2;182;145;116m▀[38;2;177;159;139;48;2;205;188;168m▀[38;2;190;175;157;48;2;162;146;129m▛[38;2;155;148;136;48;2;187;164;141m▀[38;2;146;137;126;48;2;211;180;155m▀[38;2;82;76;72;48;2;191;172;154m▀[38;2;63;59;57;48;2;168;152;137m▀[38;2;72;67;65;48;2;167;146;129m▀[38;2;63;61;59;48;2;169;144;123m▀[38;2;64;61;59;48;2;189;151;124m▀[38;2;58;56;55;48;2;164;129;105m▀[38;2;73;68;65;48;2;166;129;102m▀[38;2;107;94;83;48;2;193;143;107m▀[38;2;158;126;103;48;2;199;147;112m▀[38;2;204;152;119;48;2;214;159;123m▘[38;2;164;124;99;48;2;203;151;117m▝[38;2;159;121;98;48;2;199;148;114m▀[38;2;165;124;99;48;2;200;149;115m▀[38;2;178;132;103;48;2;212;156;120m▀[38;2;155;116;92;48;2;204;150;115m▀[38;2;155;117;93;48;2;181;132;103m▀[38;2;149;113;90;48;2;177;131;101m▀[38;2;152;114;90;48;2;190;138;106m▛[38;2;202;146;110;48;2;157;120;95m▖[38;2;154;118;95;48;2;182;136;105m▀[38;2;138;108;88;48;2;184;138;109m▛[38;2;158;119;96;48;2;185;137;106m▛[38;2;180;133;104;48;2;165;125;99m▖[38;2;108;88;75;48;2;160;122;97m▝[38;2;105;89;76;48;2;159;123;98m▀[38;2;86;75;68;48;2;59;56;55m▖[38;2;62;58;56;48;2;63;59;57m▝▖[38;2;67;62;60;48;2;63;59;58m▀[38;2;67;63;60;48;2;64;59;57m▝[38;2;67;63;60;48;2;63;58;56m▀[38;2;65;61;58;48;2;63;58;57m▀[38;2;68;63;60;48;2;63;59;56m▀[38;2;70;65;62;48;2;62;58;56m▀[38;2;60;56;54;48;2;101;93;87m▌[0m
[38;2;176;173;160;48;2;92;93;85m▌[38;2;86;92;86;48;2;78;92;91m▌[38;2;74;85;84;48;2;77;88;88m▝[38;2;73;81;81;48;2;72;79;78m▌[38;2;68;74;74;48;2;67;71;70m▖[38;2;67;70;69;48;2;65;66;65m▌[38;2;68;65;63;48;2;64;63;61m▝[38;2;79;68;65;48;2;61;63;62m▝[38;2;125;85;74;48;2;180;108;88m▖[38;2;183;115;96;48;2;177;107;90m▀[38;2;193;115;92;48;2;187;109;88m▘[38;2;188;109;87;48;2;194;114;90m▌[38;2;196;114;89;48;2;165;123;103m▌[38;2;212;193;172;48;2;191;159;134m▌[38;2;209;142;96;48;2;195;140;99m▖[38;2;179;156;124;48;2;166;145;113m▝[38;2;193;140;102;48;2;157;145;128m▀[38;2;162;140;119;48;2;185;171;154m▀[38;2;192;180;162;48;2;195;148;114m▀[38;2;191;157;130;48;2;207;144;102m▀[38;2;184;135;99;48;2;203;145;105m▘[38;2;203;145;104;48;2;209;149;108m▛[38;2;204;144;104;48;2;211;150;110m▀[38;2;214;189;165;48;2;198;147;113m▝[38;2;215;194;173;48;2;203;167;139m▌[38;2;217;152;109;48;2;204;152;115m▞[38;2;192;141;106;48;2;202;148;112m▞[38;2;198;151;121;48;2;216;158;122m▖[38;2;216;159;122;48;2;202;149;116m▛[38;2;198;151;119;48;2;207;159;124m▞[38;2;188;146;119;48;2;208;158;125m▖[38;2;186;147;120;48;2;202;154;122m▌[38;2;190;138;104;48;2;204;154;121m▝[38;2;207;149;109;48;2;192;144;111m▀[38;2;207;148;109;48;2;202;156;121m▀[38;2;182;144;116;48;2;203;154;118m▝[38;2;218;175;139;48;2;198;156;125m▖[38;2;209;153;118;48;2;203;159;126m▀[38;2;201;162;132;48;2;213;180;150m▌[38;2;192;144;112;48;2;205;167;135m▝[38;2;204;151;117;48;2;214;170;134m▀[38;2;172;137;110;48;2;144;117;95m▌[38;2;215;167;133;48;2;146;113;89m▌[38;2;169;128;100;48;2;211;155;117m▌[38;2;201;162;131;48;2;201;147;111m▖[38;2;201;145;110;48;2;214;155;116m▞[38;2;186;136;105;48;2;212;154;117m▀[38;2;202;147;112;48;2;209;152;116m▀[38;2;117;95;81;48;2;198;147;113m▝[38;2;167;129;103;48;2;62;58;56m▖[38;2;62;57;55;48;2;62;59;57m▌[38;2;64;60;57;48;2;65;61;58m▖[38;2;61;57;55;48;2;64;59;56m▀[38;2;63;59;56;48;2;64;60;58m▝[38;2;62;58;55;48;2;65;61;58m▀[38;2;64;60;58;48;2;62;58;55m▝[38;2;61;57;56;48;2;65;61;59m▌[38;2;57;54;52;48;2;105;97;91m▌[0m
[38;2;178;175;163;48;2;92;94;86m▌[38;2;89;93;88;48;2;80;94;95m▌[38;2;79;92;93;48;2;78;89;89m▌[38;2;75;84;85;48;2;73;82;82m▌[38;2;71;78;77;48;2;68;72;71m▌[38;2;67;70;69;48;2;67;71;70m▞[38;2;66;68;68;48;2;63;63;61m▖[38;2;61;62;61;48;2;64;63;62m▞[38;2;62;59;57;48;2;151;98;82m▌[38;2;182;106;85;48;2;172;98;80m▞[38;2;194;113;91;48;2;171;101;84m▝[38;2;195;113;90;48;2;189;106;85m▝[38;2;187;125;102;48;2;197;114;89m▝[38;2;172;131;105;48;2;161;149;134m▞[38;2;165;135;104;48;2;168;155;130m▀[38;2;162;146;113;48;2;178;165;145m▘[38;2;149;138;122;48;2;191;136;97m▛[38;2;188;137;100;48;2;208;147;105m▀[38;2;212;148;105;48;2;199;139;97m▝[38;2;204;149;111;48;2;203;144;104m▝[38;2;203;148;110;48;2;208;147;106m▘[38;2;209;150;109;48;2;207;144;102m▀[38;2;203;145;105;48;2;207;146;103m▘[38;2;210;149;108;48;2;208;146;105m▌[38;2;209;178;152;48;2;199;144;107m▝[38;2;194;150;121;48;2;204;162;131m▞[38;2;199;152;120;48;2;213;163;130m▀[38;2;214;159;123;48;2;196;159;133m▀[38;2;194;149;118;48;2;217;170;132m▀[38;2;221;175;137;48;2;216;171;134m▞[38;2;200;162;131;48;2;224;178;140m▀[38;2;202;155;124;48;2;220;175;139m▀[38;2;207;159;126;48;2;215;172;138m▀[38;2;205;161;129;48;2;183;146;119m▌[38;2;220;177;141;48;2;218;173;136m▝[38;2;218;175;140;48;2;217;171;135m▘[38;2;217;170;130;48;2;215;168;130m▀[38;2;218;170;130;48;2;214;168;130m▀[38;2;219;171;132;48;2;216;168;128m▌[38;2;216;167;126;48;2;217;169;129m▘[38;2;213;166;127;48;2;224;174;133m▌[38;2;147;117;93;48;2;153;121;94m▖[38;2;226;174;133;48;2;132;106;83m▌[38;2;187;148;113;48;2;223;174;134m▌[38;2;195;156;127;48;2;215;172;136m▝[38;2;213;153;114;48;2;197;149;116m▝[38;2;205;160;127;48;2;210;152;115m▖[38;2;208;151;115;48;2;208;152;116m▛[38;2;207;152;117;48;2;205;150;116m▌[38;2;145;115;95;48;2;208;155;121m▝[38;2;70;64;60;48;2;60;57;55m▞[38;2;65;60;58;48;2;62;57;55m▛[38;2;62;58;56;48;2;61;56;54m▀[38;2;65;60;57;48;2;62;57;55m▖[38;2;62;58;56;48;2;65;60;58m▌[38;2;61;57;55;48;2;62;58;55m▝[38;2;62;58;56;48;2;67;63;61m▌[38;2;58;55;53;48;2;109;100;93m▌[0m
[38;2;173;173;162;48;2;98;97;90m▌[38;2;103;97;88;48;2;80;93;93m▌[38;2;80;95;96;48;2;77;90;91m▖[38;2;76;88;88;48;2;73;84;84m▖[38;2;72;81;81;48;2;69;75;75m▌[38;2;67;71;72;48;2;68;72;71m▘[38;2;68;72;70;48;2;64;65;63m▖[38;2;62;62;60;48;2;66;66;64m▀[38;2;64;62;61;48;2;53;57;57m▛[38;2;118;89;78;48;2;179;106;87m▖[38;2;163;98;81;48;2;181;108;88m▞[38;2;188;107;87;48;2;187;121;101m▀[38;2;198;113;89;48;2;192;110;89m▝[38;2;169;150;131;48;2;174;112;91m▝[38;2;154;145;116;48;2;175;154;124m▖[38;2;162;148;131;48;2;187;137;101m▘[38;2;201;144;105;48;2;202;141;101m▞[38;2;205;154;117;48;2;178;142;115m▀[38;2;204;158;123;48;2;199;175;152m▘[38;2;176;147;122;48;2;187;168;145m▀[38;2;168;148;108;48;2;174;153;127m▌[38;2;196;159;129;48;2;138;128;114m▛[38;2;205;145;105;48;2;162;146;128m▀[38;2;207;148;107;48;2;211;183;159m▀[38;2;201;166;139;48;2;197;147;114m▛[38;2;198;155;127;48;2;200;144;106m▘[38;2;197;146;112;48;2;208;145;101m▀[38;2;191;147;115;48;2;214;149;104m▀[38;2;214;167;129;48;2;195;147;112m▝[38;2;218;171;133;48;2;216;169;132m▛[38;2;223;176;138;48;2;218;172;133m▘[38;2;216;171;135;48;2;218;172;134m▝[38;2;229;181;141;48;2;219;174;136m▝[38;2;217;172;134;48;2;193;154;121m▖[38;2;225;178;138;48;2;197;154;119m▀[38;2;216;171;134;48;2;216;170;133m▝[38;2;212;167;129;48;2;214;168;130m▞[38;2;214;169;131;48;2;216;170;130m▘[38;2;217;170;131;48;2;215;166;126m▘[38;2;217;168;127;48;2;218;169;129m▌[38;2;216;168;129;48;2;227;176;135m▌[38;2;149;118;93;48;2;118;97;78m▛[38;2;225;174;130;48;2;145;115;91m▌[38;2;149;119;93;48;2;224;173;131m▌[38;2;219;171;131;48;2;217;168;128m▝[38;2;217;173;136;48;2;220;172;133m▝[38;2;214;171;136;48;2;197;153;122m▌[38;2;195;158;131;48;2;204;149;114m▖[38;2;217;158;121;48;2;211;154;118m▖[38;2;209;154;119;48;2;214;160;125m▛[38;2;98;83;73;48;2;59;56;55m▌[38;2;68;63;60;48;2;65;60;58m▖[38;2;66;61;58;48;2;63;58;55m▝[38;2;62;57;54;48;2;63;59;56m▝[38;2;64;59;56;48;2;62;58;56m▝[38;2;62;58;56;48;2;63;59;57m▘[38;2;61;58;55;48;2;64;60;58m▌[38;2;57;53;51;48;2;103;95;88m▌[0m
[38;2;181;181;168;48;2;92;100;96m▌[38;2;128;112;98;48;2;86;95;91m▌[38;2;78;93;93;48;2;80;97;98m▝[38;2;80;95;97;48;2;77;90;91m▖[38;2;72;81;81;48;2;75;86;86m▀[38;2;71;82;82;48;2;69;76;76m▖[38;2;68;68;65;48;2;70;75;74m▝[38;2;67;68;66;48;2;63;64;63m▖[38;2;61;61;60;48;2;66;66;64m▛[38;2;170;115;96;48;2;69;67;64m▝[38;2;182;112;90;48;2;165;98;80m▌[38;2;180;106;87;48;2;166;101;84m▞[38;2;192;110;88;48;2;193;107;86m▛[38;2;189;112;89;48;2;206;129;102m▛[38;2;164;129;104;48;2;202;144;104m▌[38;2;208;148;107;48;2;202;147;110m▛[38;2;189;145;113;48;2;208;188;168m▛[38;2;203;181;159;48;2;162;143;126m▛[38;2;190;169;149;48;2;170;153;137m▀[38;2;159;143;114;48;2;173;156;134m▝[38;2;153;140;108;48;2;188;171;149m▘[38;2;160;151;136;48;2;205;175;151m▝[38;2;195;169;146;48;2;210;151;114m▀[38;2;198;147;115;48;2;202;165;138m▞[38;2;188;171;152;48;2;193;141;104m▖[38;2;208;145;102;48;2;211;147;103m▀[38;2;209;148;106;48;2;209;145;102m▀[38;2;210;148;106;48;2;209;145;101m▀[38;2;195;147;113;48;2;206;168;136m▛[38;2;216;170;133;48;2;219;173;136m▝[38;2;216;169;132;48;2;219;173;134m▘[38;2;217;171;132;48;2;220;173;134m▖[38;2;225;179;139;48;2;219;173;133m▖[38;2;219;173;133;48;2;222;177;137m▛[38;2;200;155;118;48;2;225;177;136m▀[38;2;215;168;130;48;2;219;172;133m▀[38;2;222;175;137;48;2;215;168;129m▖[38;2;217;167;127;48;2;220;173;133m▀[38;2;216;167;127;48;2;218;173;135m▀[38;2;214;168;130;48;2;218;170;131m▌[38;2;223;175;136;48;2;217;170;132m▝[38;2;213;169;133;48;2;129;105;85m▌[38;2;122;99;80;48;2;203;159;121m▖[38;2;176;139;108;48;2;108;89;73m▞[38;2;202;159;124;48;2;218;171;131m▖[38;2;220;173;135;48;2;218;172;134m▝[38;2;221;177;139;48;2;208;167;134m▌[38;2;194;151;121;48;2;207;151;115m▌[38;2;214;157;121;48;2;211;155;118m▌[38;2;214;158;123;48;2;173;134;108m▛[38;2;86;74;67;48;2;62;58;56m▘[38;2;67;62;59;48;2;64;59;57m▀[38;2;63;58;56;48;2;64;60;57m▛[38;2;63;59;57;48;2;62;57;55m▛[38;2;62;57;57;48;2;63;59;57m▌[38;2;63;59;57;48;2;62;57;57m▛[38;2;67;63;60;48;2;62;58;56m▝[38;2;58;54;53;48;2;108;99;93m▌[0m
[38;2;180;180;168;48;2;88;100;96m▌[38;2;144;116;94;48;2;101;101;95m▌[38;2;76;94;95;48;2;79;96;97m▖[38;2;77;93;94;48;2;76;91;91m▀[38;2;78;92;93;48;2;74;87;88m▌[38;2;70;81;81;48;2;74;86;86m▀[38;2;72;81;81;48;2;71;75;73m▖[38;2;72;74;71;48;2;65;68;67m▌[38;2;64;66;65;48;2;61;63;62m▞[38;2;53;56;56;48;2;62;63;62m▝[38;2;58;61;61;48;2;156;105;88m▖[38;2;191;111;88;48;2;168;108;89m▖[38;2;167;106;88;48;2;188;104;83m▌[38;2;200;117;92;48;2;190;106;83m▝[38;2;202;116;92;48;2;161;111;90m▖[38;2;161;127;101;48;2;198;155;124m▞[38;2;212;191;168;48;2;180;157;137m▛[38;2;175;158;141;48;2;203;161;132m▀[38;2;196;169;146;48;2;215;158;120m▀[38;2;212;172;141;48;2;212;150;112m▀[38;2;217;170;137;48;2;201;153;121m▘[38;2;203;149;115;48;2;203;177;154m▀[38;2;199;164;138;48;2;202;183;163m▀[38;2;197;176;156;48;2;193;169;148m▘[38;2;189;145;113;48;2;192;163;138m▀[38;2;199;149;113;48;2;195;168;143m▀[38;2;197;162;134;48;2;190;152;123m▖[38;2;186;151;124;48;2;220;180;146m▛[38;2;208;169;137;48;2;219;171;131m▘[38;2;217;171;133;48;2;214;168;130m▘[38;2;213;169;134;48;2;220;174;135m▛[38;2;216;171;133;48;2;182;140;114m▛[38;2;208;164;129;48;2;197;148;118m▘[38;2;190;144;113;48;2;205;164;137m▀[38;2;199;156;123;48;2;208;181;157m▀[38;2;210;168;134;48;2;229;178;137m▛[38;2;230;180;138;48;2;221;173;133m▖[38;2;221;174;135;48;2;218;171;131m▀[38;2;218;171;131;48;2;215;168;129m▌[38;2;217;169;130;48;2;217;171;132m▖[38;2;211;168;133;48;2;217;171;133m▝[38;2;213;167;129;48;2;222;175;135m▞[38;2;158;125;98;48;2;121;98;80m▞[38;2;138;110;87;48;2;215;167;128m▝[38;2;137;109;86;48;2;207;163;128m▌[38;2;222;176;137;48;2;217;172;135m▖[38;2;220;173;135;48;2;218;177;143m▌[38;2;202;169;144;48;2;203;150;116m▌[38;2;218;160;122;48;2;202;155;122m▘[38;2;181;146;119;48;2;88;77;68m▌[38;2;56;54;54;48;2;64;59;57m▘[38;2;65;60;57;48;2;64;59;56m▀[38;2;64;59;57;48;2;61;57;55m▀[38;2;63;59;57;48;2;61;57;56m▀[38;2;62;58;57;48;2;63;59;57m▖[38;2;62;59;57;48;2;61;56;55m▌[38;2;61;57;55;48;2;64;59;57m▌[38;2;55;51;50;48;2;107;99;92m▌[0m
[38;2;183;180;168;48;2;81;98;96m▌[38;2;142;117;94;48;2;113;107;94m▌[38;2;75;94;97;48;2;80;99;101m▛[38;2;76;91;91;48;2;78;96;97m▝[38;2;74;88;88;48;2;77;92;93m▀[38;2;72;84;85;48;2;76;89;89m▀[38;2;71;83;84;48;2;71;78;77m▌[38;2;77;75;71;48;2;67;70;70m▌[38;2;67;71;71;48;2;64;67;66m▖[38;2;65;67;66;48;2;62;62;61m▖[38;2;70;66;62;48;2;56;56;55m▝[38;2;75;64;60;48;2;181;109;88m▖[38;2;182;104;83;48;2;153;101;86m▖[38;2;165;100;84;48;2;192;105;84m▖[38;2;187;107;85;48;2;196;111;87m▞[38;2;134;95;80;48;2;181;164;146m▌[38;2;201;176;154;48;2;209;158;124m▌[38;2;214;154;114;48;2;217;158;120m▀[38;2;216;159;121;48;2;211;155;118m▞[38;2;196;160;134;48;2;207;188;167m▛[38;2;204;183;162;48;2;179;148;121m▛[38;2;191;165;142;48;2;202;179;158m▌[38;2;197;177;157;48;2;193;163;136m▀[38;2;203;175;150;48;2;219;173;136m▀[38;2;203;163;132;48;2;217;170;131m▀[38;2;209;164;127;48;2;199;143;105m▖[38;2;197;136;97;48;2;198;152;116m▀[38;2;197;158;127;48;2;217;171;134m▘[38;2;220;174;135;48;2;217;170;132m▝[38;2;218;171;132;48;2;213;168;130m▘[38;2;217;172;134;48;2;188;153;126m▛[38;2;177;140;115;48;2;199;149;121m▘[38;2;203;158;130;48;2;215;185;160m▌[38;2;219;197;174;48;2;218;194;171m▞[38;2;220;198;174;48;2;206;183;162m▛[38;2;170;153;137;48;2;116;102;91m▘[38;2;70;64;62;48;2;189;151;120m▖[38;2;227;179;138;48;2;215;170;132m▖[38;2;219;172;134;48;2;216;170;130m▘[38;2;220;173;132;48;2;220;174;136m▌[38;2;221;175;137;48;2;220;174;135m▀[38;2;217;172;135;48;2;220;174;134m▘[38;2;197;156;121;48;2;120;96;76m▌[38;2;181;141;108;48;2;227;176;134m▌[38;2;144;115;89;48;2;175;141;110m▌[38;2;221;174;136;48;2;210;164;129m▀[38;2;213;171;137;48;2;209;157;123m▀[38;2;192;150;118;48;2;211;165;126m▛[38;2;211;167;131;48;2;109;93;81m▛[38;2;88;76;68;48;2;58;54;54m▘[38;2;63;58;56;48;2;61;56;54m▝[38;2;60;56;54;48;2;61;57;55m▝[38;2;58;55;53;48;2;61;56;55m▀[38;2;60;56;54;48;2;62;58;57m▀[38;2;59;55;54;48;2;62;58;56m▘[38;2;62;58;57;48;2;57;57;56m▛[38;2;61;57;56;48;2;95;78;70m▛[38;2;58;55;53;48;2;160;123;105m▘[0m
[38;2;190;185;171;48;2;88;104;101m▌[38;2;139;118;97;48;2;151;123;98m▝[38;2;84;98;98;48;2;81;101;104m▌[38;2;84;102;104;48;2;80;98;100m▝[38;2;80;97;99;48;2;76;92;94m▘[38;2;77;90;91;48;2;74;90;92m▀[38;2;72;81;81;48;2;73;86;87m▝[38;2;89;83;75;48;2;70;73;71m▌[38;2;66;72;72;48;2;66;69;68m▌[38;2;65;67;67;48;2;63;64;63m▌[38;2;60;60;59;48;2;62;63;62m▘[38;2;87;67;61;48;2;57;57;56m▝[38;2;100;75;67;48;2;185;105;84m▖[38;2;172;98;81;48;2;128;83;73m▞[38;2;193;115;92;48;2;189;107;87m▝[38;2;135;98;85;48;2;190;112;90m▝[38;2;142;117;103;48;2;203;166;138m▖[38;2;211;154;117;48;2;176;152;132m▀[38;2;210;154;117;48;2;198;170;146m▀[38;2;203;181;160;48;2;173;155;138m▀[38;2;131;130;121;48;2;186;165;145m▖[38;2;215;193;171;48;2;199;177;154m▘[38;2;198;160;127;48;2;223;178;140m▌[38;2;217;174;138;48;2;222;178;141m▀[38;2;212;169;133;48;2;216;172;136m▞[38;2;216;174;137;48;2;223;178;141m▀[38;2;212;171;134;48;2;224;177;138m▀[38;2;221;175;134;48;2;218;174;136m▖[38;2;218;172;134;48;2;197;154;119m▛[38;2;210;168;133;48;2;218;172;132m▖[38;2;206;166;132;48;2;220;174;133m▝[38;2;196;149;121;48;2;212;166;129m▀[38;2;196;145;116;48;2;203;156;124m▘[38;2;211;175;149;48;2;201;150;118m▀[38;2;214;186;163;48;2;206;161;129m▀[38;2;224;200;176;48;2;198;165;136m▘[38;2;199;161;128;48;2;217;171;132m▘[38;2;219;172;132;48;2;223;176;136m▛[38;2;220;173;133;48;2;223;177;136m▀[38;2;222;174;133;48;2;225;178;138m▌[38;2;222;176;137;48;2;224;178;138m▀[38;2;219;173;134;48;2;226;180;139m▘[38;2;189;150;118;48;2;138;110;86m▘[38;2;208;164;126;48;2;148;118;90m▛[38;2;154;123;96;48;2;202;160;125m▌[38;2;211;173;142;48;2;211;159;124m▘[38;2;221;166;130;48;2;207;158;123m▖[38;2;192;156;126;48;2;71;64;59m▛[38;2;98;85;76;48;2;59;55;54m▘[38;2;65;60;58;48;2;61;57;55m▘[38;2;60;56;53;48;2;62;58;56m▛[38;2;64;60;57;48;2;63;58;56m▝[38;2;62;58;56;48;2;63;58;57m▌[38;2;64;60;58;48;2;56;55;55m▀[38;2;63;59;57;48;2;128;93;80m▛[38;2;88;73;67;48;2;182;113;90m▀[38;2;159;115;98;48;2;184;121;98m▘[38;2;174;107;84;48;2;194;143;120m▌[0m
[38;2;195;190;176;48;2;106;109;99m▌[38;2;160;123;96;48;2;149;118;95m▌[38;2;89;101;98;48;2;79;100;105m▌[38;2;82;100;102;48;2;78;96;99m▌[38;2;78;96;99;48;2;76;94;96m▝[38;2;74;90;93;48;2;76;93;95m▝[38;2;73;87;87;48;2;75;90;91m▝[38;2;103;93;81;48;2;80;80;76m▌[38;2;70;79;80;48;2;68;74;74m▌[38;2;63;65;63;48;2;66;69;69m▝[38;2;60;60;59;48;2;64;65;64m▝[38;2;61;61;60;48;2;68;62;59m▌[38;2;96;73;66;48;2;61;57;55m▝[38;2;88;74;68;48;2;184;112;92m▖[38;2;177;105;86;48;2;143;92;78m▞[38;2;193;110;87;48;2;185;102;81m▝[38;2;163;144;128;48;2;171;104;83m▝[38;2;183;158;136;48;2;221;163;125m▛[38;2;182;164;145;48;2;211;185;162m▀[38;2;165;146;130;48;2;113;120;116m▘[38;2;112;125;120;48;2;174;161;146m▛[38;2;224;200;177;48;2;178;159;132m▖[38;2;157;141;107;48;2;168;150;126m▌[38;2;115;100;89;48;2;43;42;42m▛[38;2;77;68;61;48;2;47;46;46m▀[38;2;102;87;76;48;2;42;42;45m▀[38;2;139;113;92;48;2;42;42;43m▀[38;2;61;55;52;48;2;191;154;122m▖[38;2;178;137;107;48;2;202;166;137m▝[38;2;189;143;109;48;2;194;153;121m▛[38;2;222;174;134;48;2;207;166;133m▝[38;2;223;177;138;48;2;200;161;129m▛[38;2;221;175;135;48;2;196;151;122m▀[38;2;195;154;127;48;2;209;166;132m▖[38;2;217;170;131;48;2;207;179;156m▀[38;2;229;182;141;48;2;171;150;132m▀[38;2;192;156;128;48;2;215;167;130m▞[38;2;204;160;125;48;2;211;155;118m▀[38;2;209;163;126;48;2;210;153;116m▀[38;2;217;171;134;48;2;209;154;118m▀[38;2;218;173;137;48;2;217;161;125m▀[38;2;212;167;128;48;2;147;116;91m▘[38;2;149;118;91;48;2;169;133;103m▌[38;2;163;128;99;48;2;211;158;123m▀[38;2;221;163;125;48;2;197;147;114m▀[38;2;214;160;124;48;2;164;129;100m▀[38;2;157;126;101;48;2;82;72;65m▛[38;2;81;71;64;48;2;60;56;55m▘[38;2;63;58;56;48;2;62;57;54m▀[38;2;62;57;54;48;2;62;57;55m▖[38;2;61;57;55;48;2;62;57;54m▀[38;2;58;56;54;48;2;63;60;58m▞[38;2;55;54;54;48;2;129;95;81m▀[38;2;86;71;65;48;2;177;110;87m▘[38;2;189;116;91;48;2;183;107;83m▀[38;2;182;108;85;48;2;171;104;83m▛[38;2;178;108;85;48;2;169;104;85m▀[38;2;162;100;80;48;2;188;142;122m▌[0m
[38;2;203;196;181;48;2;107;108;99m▌[38;2;156;121;94;48;2;131;113;95m▌[38;2;83;99;99;48;2;81;100;104m▌[38;2;78;96;99;48;2;80;98;101m▝[38;2;78;96;100;48;2;76;93;97m▖[38;2;76;92;94;48;2;77;94;98m▀[38;2;80;98;101;48;2;79;94;95m▖[38;2;101;93;82;48;2;119;103;86m▝[38;2;70;80;81;48;2;74;86;86m▀[38;2;70;76;76;48;2;72;80;80m▀[38;2;68;73;72;48;2;64;66;65m▖[38;2;63;66;65;48;2;64;61;59m▖[38;2;76;65;61;48;2;68;60;57m▖[38;2;66;60;58;48;2;55;56;54m▞[38;2;60;62;60;48;2;148;97;83m▖[38;2;146;92;78;48;2;180;103;83m▌[38;2;193;110;87;48;2;195;119;96m▌[38;2;189;128;103;48;2;158;99;81m▞[38;2;180;125;99;48;2;211;167;136m▖[38;2;204;173;149;48;2;184;147;119m▖[38;2;211;178;153;48;2;201;155;124m▀[38;2;201;178;157;48;2;200;158;128m▘[38;2;177;159;133;48;2;202;164;138m▀[38;2;85;77;71;48;2;188;168;149m▝[38;2;75;70;66;48;2;50;47;46m▖[38;2;55;53;51;48;2;56;53;51m▘[38;2;55;51;50;48;2;61;56;54m▛[38;2;57;53;51;48;2;105;89;75m▀[38;2;133;116;101;48;2;92;80;70m▝[38;2;154;129;110;48;2;93;81;70m▀[38;2;207;167;134;48;2;104;88;76m▀[38;2;201;160;128;48;2;82;72;64m▀[38;2;202;153;123;48;2;83;70;65m▀[38;2;223;192;166;48;2;121;99;85m▀[38;2;231;206;181;48;2;162;140;122m▘[38;2;91;76;71;48;2;151;124;101m▀[38;2;225;172;136;48;2;172;145;121m▝[38;2;175;142;116;48;2;213;162;127m▖[38;2;215;159;122;48;2;193;145;114m▛[38;2;225;164;125;48;2;181;138;107m▀[38;2;214;156;120;48;2;158;123;95m▘[38;2;159;124;94;48;2;141;111;86m▞[38;2;151;119;96;48;2;120;98;80m▀[38;2;130;105;84;48;2;141;111;88m▞[38;2;136;108;85;48;2;98;84;72m▛[38;2;124;103;82;48;2;63;58;56m▀[38;2;72;65;61;48;2;62;57;56m▘[38;2;65;60;58;48;2;61;57;56m▀[38;2;65;60;57;48;2;60;56;54m▛[38;2;60;56;55;48;2;71;67;64m▛[38;2;59;57;55;48;2;135;94;80m▀[38;2;105;81;72;48;2;183;111;87m▘[38;2;200;127;101;48;2;185;112;87m▀[38;2;192;112;85;48;2;173;108;87m▀[38;2;166;101;82;48;2;175;106;84m▖[38;2;173;103;82;48;2;178;112;90m▌[38;2;187;135;111;48;2;185;117;92m▘[38;2;174;108;84;48;2;193;146;124m▌[0m
[38;2;201;192;177;48;2;85;103;101m▌[38;2;154;123;97;48;2;125;111;94m▌[38;2;83;102;105;48;2;79;99;101m▝[38;2;81;100;103;48;2;79;98;100m▘[38;2;76;94;97;48;2;79;98;101m▝[38;2;77;95;99;48;2;80;99;102m▝[38;2;78;97;101;48;2;88;100;97m▌[38;2;138;110;89;48;2;124;106;89m▖[38;2;73;89;90;48;2;76;90;91m▝[38;2;73;85;85;48;2;77;90;92m▀[38;2;70;76;75;48;2;73;83;84m▝[38;2;68;69;67;48;2;75;77;76m▀[38;2;82;70;64;48;2;78;67;64m▌[38;2;68;63;60;48;2;62;61;59m▖[38;2;52;56;56;48;2;60;59;59m▝[38;2;102;78;71;48;2;58;59;59m▀[38;2;88;72;67;48;2;179;107;85m▖[38;2;199;116;90;48;2;189;108;84m▖[38;2;206;153;117;48;2;184;117;92m▝[38;2;208;177;152;48;2;196;165;146m▌[38;2;175;137;117;48;2;199;120;95m▀[38;2;195;148;119;48;2;189;117;93m▀[38;2;201;139;110;48;2;201;160;131m▖[38;2;207;166;137;48;2;191;153;126m▞[38;2;71;67;64;48;2;187;154;129m▝[38;2;64;62;60;48;2;55;52;51m▖[38;2;64;58;55;48;2;119;99;82m▘[38;2;143;117;92;48;2;124;101;82m▌[38;2;121;100;83;48;2;88;76;66m▞[38;2;101;87;74;48;2;57;54;52m▘[38;2;54;51;50;48;2;48;47;47m▌[38;2;45;45;46;48;2;117;98;80m▀[38;2;81;71;61;48;2;129;105;85m▀[38;2;108;89;73;48;2;156;125;97m▀[38;2;136;108;84;48;2;114;93;77m▛[38;2;116;95;77;48;2;127;103;82m▖[38;2;126;102;82;48;2;117;95;75m▖[38;2;128;106;85;48;2;97;82;70m▀[38;2;139;114;92;48;2;74;66;60m▀[38;2;133;108;85;48;2;61;57;54m▀[38;2;116;96;80;48;2;54;51;52m▀[38;2;100;85;72;48;2;54;52;52m▀[38;2;92;79;69;48;2;53;51;51m▀[38;2;78;69;62;48;2;61;57;56m▘[38;2;54;52;52;48;2;59;56;55m▝[38;2;59;55;54;48;2;62;57;55m▘[38;2;62;58;55;48;2;52;51;51m▛[38;2;56;54;53;48;2;81;70;64m▛[38;2;62;60;57;48;2;152;98;79m▀[38;2;116;84;73;48;2;183;108;84m▘[38;2;191;108;82;48;2;170;100;79m▀[38;2;176;104;81;48;2;165;111;91m▀[38;2;164;98;79;48;2;168;102;82m▛[38;2;177;107;84;48;2;170;104;82m▀[38;2;178;107;85;48;2;182;118;94m▛[38;2;179;117;94;48;2;119;102;93m▛[38;2;161;109;89;48;2;80;96;98m▀[38;2;82;91;91;48;2;132;136;130m▌[0m
[38;2;207;197;180;48;2;85;107;107m▌[38;2;127;118;101;48;2;136;120;102m▞[38;2;80;100;102;48;2;85;103;103m▀[38;2;80;99;99;48;2;85;102;103m▀[38;2;82;100;101;48;2;81;98;99m▌[38;2;81;100;103;48;2;82;99;100m▝[38;2;82;101;103;48;2;125;111;95m▌[38;2;146;115;91;48;2;110;102;91m▌[38;2;77;92;94;48;2;77;93;96m▘[38;2;79;94;97;48;2;76;91;92m▘[38;2;75;89;89;48;2;79;93;94m▛[38;2;79;85;84;48;2;101;92;83m▛[38;2;95;79;71;48;2;108;92;82m▀[38;2;77;73;70;48;2;66;67;65m▖[38;2;61;61;60;48;2;63;65;63m▝[38;2;61;60;59;48;2;62;63;62m▀[38;2;55;57;56;48;2;63;61;58m▘[38;2;58;58;56;48;2;149;95;79m▖[38;2;184;115;90;48;2;189;139;113m▛[38;2;196;172;147;48;2;179;137;117m▌[38;2;190;112;89;48;2;170;102;82m▝[38;2;191;109;85;48;2;180;106;86m▀[38;2;179;105;84;48;2;188;114;90m▖[38;2;182;111;90;48;2;191;147;121m▖[38;2;184;134;109;48;2;189;162;140m▘[38;2;85;73;67;48;2;172;117;98m▀[38;2;112;95;78;48;2;145;108;88m▘[38;2;137;112;90;48;2;116;98;80m▌[38;2;88;77;67;48;2;51;50;50m▘[38;2;55;53;52;48;2;46;46;47m▛[38;2;51;48;48;48;2;142;117;92m▘[38;2;157;126;98;48;2;108;90;74m▘[38;2;176;141;107;48;2;133;108;86m▞[38;2;109;90;74;48;2;125;103;84m▞[38;2;111;93;75;48;2;69;62;57m▛[38;2;90;77;66;48;2;49;47;48m▀[38;2;54;51;50;48;2;64;58;56m▞[38;2;50;49;49;48;2;65;60;57m▀[38;2;57;54;53;48;2;51;49;48m▛[38;2;60;56;54;48;2;52;49;48m▀[38;2;59;55;54;48;2;63;58;56m▀[38;2;58;54;52;48;2;59;55;54m▝[38;2;60;56;54;48;2;60;56;54m█[38;2;60;56;54;48;2;59;54;52m▛[38;2;58;54;53;48;2;55;57;56m▛[38;2;62;58;56;48;2;119;94;83m▛[38;2;86;75;69;48;2;180;124;103m▀[38;2;148;99;82;48;2;178;105;82m▘[38;2;184;104;81;48;2;158;96;78m▀[38;2;163;98;79;48;2;168;103;83m▖[38;2;167;102;82;48;2;174;105;84m▌[38;2;177;114;93;48;2;177;104;83m▀[38;2;171;106;85;48;2;130;99;87m▛[38;2;167;104;84;48;2;85;93;94m▀[38;2;129;99;88;48;2;81;99;102m▘[38;2;76;100;104;48;2;76;95;99m▞[38;2;77;96;99;48;2;78;99;103m▖[38;2;73;92;95;48;2;132;138;130m▌[0m
[38;2;207;197;180;48;2;85;108;108m▌[38;2;106;113;104;48;2;145;120;95m▌[38;2;103;105;96;48;2;83;101;100m▖[38;2;82;101;102;48;2;84;104;104m▝[38;2;81;99;102;48;2;82;102;105m▀[38;2;81;101;103;48;2;89;105;104m▛[38;2;113;111;99;48;2;144;111;88m▘[38;2;129;107;90;48;2;79;94;94m▌[38;2;77;94;96;48;2;74;93;96m▝[38;2;74;91;92;48;2;76;94;95m▝[38;2;74;91;92;48;2;75;93;96m▀[38;2;95;99;94;48;2;126;105;92m▘[38;2;100;87;78;48;2;116;96;85m▝[38;2;79;80;76;48;2;67;73;73m▌[38;2;67;72;72;48;2;64;67;66m▖[38;2;60;60;59;48;2;63;65;64m▝[38;2;63;62;60;48;2;62;58;55m▛[38;2;51;51;50;48;2;58;57;55m▞[38;2;147;107;91;48;2;64;60;58m▝[38;2;188;141;118;48;2;116;87;75m▀[38;2;200;124;97;48;2;181;115;92m▘[38;2;174;106;86;48;2;196;124;98m▘[38;2;191;124;101;48;2;209;136;107m▀[38;2;186;116;93;48;2;201;121;93m▀[38;2;191;167;146;48;2;188;125;101m▝[38;2;187;156;137;48;2;182;117;96m▌[38;2;193;118;95;48;2;188;112;89m▝[38;2;185;121;99;48;2;187;110;86m▀[38;2;142;97;82;48;2;191;111;87m▀[38;2;93;75;67;48;2;188;112;87m▀[38;2;143;116;93;48;2;164;102;81m▀[38;2;101;87;73;48;2;143;103;82m▘[38;2;146;112;88;48;2;113;90;74m▌[38;2;116;95;79;48;2;78;67;62m▌[38;2;59;55;53;48;2;129;104;88m▛[38;2;96;83;74;48;2;195;151;120m▀[38;2;200;170;145;48;2;79;74;69m▖[38;2;70;64;60;48;2;144;118;98m▛[38;2;83;76;71;48;2;183;148;121m▘[38;2;131;118;108;48;2;198;166;141m▀[38;2;53;51;52;48;2;124;105;89m▀[38;2;58;55;54;48;2;164;137;115m▀[38;2;152;136;121;48;2;64;59;57m▖[38;2;68;61;58;48;2;135;95;81m▛[38;2;93;80;73;48;2;154;102;85m▘[38;2;170;108;89;48;2;151;97;80m▀[38;2;155;97;80;48;2;168;98;79m▛[38;2;153;98;80;48;2;186;106;83m▀[38;2;186;109;84;48;2;167;102;82m▖[38;2;182;116;95;48;2;133;104;93m▀[38;2;155;100;84;48;2;82;100;102m▀[38;2;105;98;93;48;2;74;103;109m▀[38;2;81;101;103;48;2;80;104;109m▘[38;2;77;101;104;48;2;80;103;108m▀[38;2;80;100;101;48;2;79;104;107m▀[38;2;79;97;98;48;2;78;99;102m▘[38;2;81;104;108;48;2;77;99;100m▝[38;2;75;97;98;48;2;141;148;137m▌[0m
[38;2;206;195;178;48;2;85;105;104m▌[38;2;103;112;104;48;2;161;123;95m▌[38;2;135;115;97;48;2;81;100;101m▌[38;2;83;105;108;48;2;86;108;113m▌[38;2;85;104;107;48;2;84;106;111m▝[38;2;83;105;107;48;2;137;121;100m▌[38;2;153;113;87;48;2;155;116;90m▞[38;2;98;101;93;48;2;74;95;100m▌[38;2;77;96;98;48;2;77;97;101m▀[38;2;76;96;99;48;2;78;98;102m▀[38;2;79;98;101;48;2;99;108;106m▛[38;2;149;117;95;48;2;141;114;97m▖[38;2;123;103;90;48;2;139;113;97m▝[38;2;90;92;88;48;2;71;83;83m▌[38;2;68;74;75;48;2;70;81;81m▀[38;2;70;78;78;48;2;65;70;70m▖[38;2;65;66;64;48;2;83;74;66m▛[38;2;74;65;59;48;2;56;55;53m▖[38;2;58;57;56;48;2;60;59;59m▘[38;2;53;57;57;48;2;60;60;58m▀[38;2;75;72;69;48;2;59;61;60m▝[38;2;99;83;75;48;2;56;62;62m▀[38;2;139;99;83;48;2;60;68;69m▀[38;2;173;113;89;48;2;70;74;72m▀[38;2;197;120;94;48;2;95;87;82m▀[38;2;205;124;96;48;2;121;95;83m▀[38;2;209;140;112;48;2;149;105;88m▀[38;2;194;116;90;48;2;169;109;87m▀[38;2;182;108;84;48;2;189;110;85m▞[38;2;184;105;82;48;2;191;109;83m▀[38;2;190;111;87;48;2;202;128;100m▀[38;2;180;104;84;48;2;191;108;84m▝[38;2;181;105;84;48;2;190;108;83m▀[38;2;174;105;85;48;2;188;107;83m▀[38;2;180;117;94;48;2;178;103;81m▝[38;2;176;129;107;48;2;176;108;85m▘[38;2;192;155;128;48;2;183;118;92m▝[38;2;195;159;133;48;2;184;127;102m▌[38;2;184;120;95;48;2;188;131;106m▞[38;2;184;126;99;48;2;200;160;129m▌[38;2;189;135;108;48;2;161;94;75m▛[38;2;190;131;101;48;2;167;101;79m▀[38;2;186;148;121;48;2;181;110;85m▀[38;2;157;112;94;48;2;202;150;118m▀[38;2;185;123;100;48;2;166;104;84m▖[38;2;188;110;84;48;2;140;102;87m▀[38;2;183;109;86;48;2;95;100;98m▀[38;2;144;106;92;48;2;76;105;110m▀[38;2;102;101;99;48;2;80;105;110m▘[38;2;74;104;111;48;2;83;108;112m▀[38;2;85;111;116;48;2;83;107;112m▀[38;2;83;109;114;48;2;79;103;108m▖[38;2;81;105;110;48;2;78;104;110m▘[38;2;77;103;108;48;2;74;99;105m▀[38;2;80;104;108;48;2;73;98;103m▀[38;2;81;103;106;48;2;75;98;102m▀[38;2;75;96;99;48;2;78;98;100m▖[38;2;72;91;90;48;2;148;148;136m▌[0m
[38;2;210;199;183;48;2;83;107;108m▌[38;2;111;117;107;48;2;173;129;96m▌[38;2;166;129;103;48;2;100;108;103m▌[38;2;78;100;105;48;2;82;104;107m▌[38;2;85;105;108;48;2;78;104;110m▌[38;2;114;113;101;48;2;161;120;91m▌[38;2;153;113;88;48;2;157;114;89m▀[38;2;100;103;97;48;2;75;99;105m▌[38;2;75;96;103;48;2;79;101;106m▝[38;2;78;99;104;48;2;81;103;108m▀[38;2;75;99;105;48;2;98;108;105m▌[38;2;149;117;95;48;2;157;121;94m▝[38;2;146;118;100;48;2;155;128;108m▝[38;2;109;105;97;48;2;75;92;95m▌[38;2;73;86;86;48;2;76;91;93m▝[38;2;70;80;80;48;2;73;86;87m▝[38;2;67;77;77;48;2;92;84;74m▌[38;2;106;84;70;48;2;67;62;59m▌[38;2;59;61;60;48;2;66;68;67m▛[38;2;62;63;62;48;2;65;68;68m▀[38;2;63;65;64;48;2;67;72;70m▀[38;2;68;72;71;48;2;66;73;73m▀[38;2;69;76;76;48;2;71;81;81m▛[38;2;70;80;81;48;2;75;85;85m▛[38;2;66;78;80;48;2;74;85;85m▀[38;2;62;76;77;48;2;74;84;84m▀[38;2;64;76;76;48;2;71;81;79m▘[38;2;71;81;79;48;2;75;86;84m▀[38;2;85;85;82;48;2;70;88;90m▀[38;2;126;103;88;48;2;83;100;97m▀[38;2;135;102;87;48;2;106;115;102m▀[38;2;151;106;89;48;2;79;99;97m▀[38;2;165;108;87;48;2;109;116;104m▀[38;2;178;116;93;48;2;126;125;107m▀[38;2;185;107;83;48;2;133;122;102m▀[38;2;191;110;83;48;2;134;115;97m▀[38;2;198;114;85;48;2;143;117;100m▀[38;2;194;123;96;48;2;144;109;92m▀[38;2;195;114;87;48;2;147;107;91m▀[38;2;211;154;115;48;2;170;116;93m▝[38;2;202;167;137;48;2;157;116;99m▌[38;2;199;116;89;48;2;114;105;98m▀[38;2;179;106;83;48;2;85;102;105m▀[38;2;155;119;99;48;2;82;107;111m▀[38;2;182;147;122;48;2;117;121;115m▌[38;2;73;103;108;48;2;84;109;114m▀[38;2;83;106;111;48;2;76;103;110m▖[38;2;84;107;112;48;2;80;106;111m▝[38;2;79;104;109;48;2;77;101;107m▛[38;2;79;103;108;48;2;84;109;113m▌[38;2;82;108;113;48;2;81;106;112m▀[38;2;85;110;115;48;2;83;107;113m▖[38;2;81;107;113;48;2;79;103;110m▀[38;2;79;105;110;48;2;77;102;107m▘[38;2;78;104;109;48;2;74;99;105m▞[38;2;72;96;101;48;2;74;97;102m▞[38;2;76;96;101;48;2;74;95;100m▝[38;2;67;88;92;48;2;165;163;153m▌[0m
[38;2;213;202;186;48;2;88;113;111m▌[38;2;141;121;99;48;2;177;127;94m▌[38;2;173;134;106;48;2;105;111;105m▌[38;2;81;105;109;48;2;84;105;108m▌[38;2;84;105;109;48;2;79;106;109m▌[38;2;132;118;99;48;2;170;124;93m▌[38;2;159;115;89;48;2;163;118;91m▘[38;2;144;121;100;48;2;81;102;104m▌[38;2;79;101;105;48;2;79;102;107m▘[38;2;80;104;108;48;2;78;101;105m▘[38;2;77;102;107;48;2;96;111;108m▌[38;2;158;121;94;48;2;159;126;98m▀[38;2;157;125;100;48;2;166;133;110m▛[38;2;128;114;100;48;2;76;95;97m▌[38;2;80;100;104;48;2;77;95;97m▖[38;2;75;90;91;48;2;78;95;99m▀[38;2;72;91;93;48;2;111;100;87m▌[38;2;132;100;81;48;2;83;76;68m▌[38;2;59;63;63;48;2;65;72;72m▘[38;2;65;71;70;48;2;68;77;77m▀[38;2;67;76;76;48;2;69;82;82m▀[38;2;68;78;79;48;2;72;85;86m▀[38;2;70;82;83;48;2;74;87;88m▀[38;2;70;82;82;48;2;72;87;87m▀[38;2;71;84;85;48;2;73;90;92m▀[38;2;73;87;89;48;2;73;89;92m▘[38;2;74;87;86;48;2;77;92;93m▀[38;2;76;88;87;48;2;78;93;92m▀[38;2;78;93;93;48;2;78;97;99m▌[38;2;81;100;102;48;2;80;103;106m▀[38;2;107;111;98;48;2;84;102;102m▝[38;2;91;105;100;48;2;118;122;105m▖[38;2;119;122;105;48;2;120;126;110m▀[38;2;120;124;106;48;2;109;125;120m▀[38;2;113;120;105;48;2;124;128;108m▞[38;2;118;125;108;48;2;111;119;109m▛[38;2;114;125;110;48;2;127;128;108m▀[38;2;125;132;110;48;2;106;115;106m▀[38;2;88;107;105;48;2;75;106;113m▌[38;2;99;109;105;48;2;168;136;111m▌[38;2;137;132;121;48;2;81;107;112m▘[38;2;76;107;114;48;2;84;108;113m▀[38;2;81;108;114;48;2;78;105;111m▛[38;2;83;109;115;48;2;83;107;111m▌[38;2;141;124;107;48;2;84;106;110m▘[38;2;85;112;118;48;2;81;107;114m▖[38;2;84;110;116;48;2;80;107;113m▌[38;2;80;107;111;48;2;77;103;109m▀[38;2;78;101;107;48;2;79;104;108m▘[38;2;81;106;110;48;2;84;109;113m▛[38;2;82;107;112;48;2;80;105;110m▞[38;2;82;106;111;48;2;80;104;110m▌[38;2;84;108;114;48;2;80;104;110m▖[38;2;78;103;108;48;2;76;99;106m▛[38;2;73;97;102;48;2;78;101;107m▀[38;2;70;94;100;48;2;73;97;102m▀[38;2;71;93;99;48;2;74;95;99m▌[38;2;66;86;89;48;2;164;161;151m▌[0m
[38;2;217;206;190;48;2;91;115;112m▌[38;2;156;124;98;48;2;182;129;95m▌[38;2;127;123;112;48;2;178;136;107m▝[38;2;78;106;111;48;2;84;109;112m▘[38;2;83;106;110;48;2;81;109;115m▘[38;2;115;117;108;48;2;175;133;103m▌[38;2;168;125;97;48;2;159;116;91m▌[38;2;119;114;104;48;2;164;123;96m▝[38;2;76;102;108;48;2;81;104;109m▘[38;2;81;104;108;48;2;80;104;109m▘[38;2;76;102;108;48;2;94;110;107m▌[38;2;167;130;100;48;2;171;130;101m▛[38;2;163;128;99;48;2;168;133;107m▘[38;2;131;118;103;48;2;76;98;101m▌[38;2;80;103;108;48;2;78;100;106m▌[38;2;78;98;101;48;2;79;100;105m▝[38;2;74;98;102;48;2;118;106;94m▌[38;2;153;113;87;48;2;112;95;81m▌[38;2;66;77;78;48;2;70;82;81m▌[38;2;72;83;83;48;2;74;86;87m▌[38;2;71;82;83;48;2;73;87;87m▘[38;2;73;86;87;48;2;76;92;94m▀[38;2;76;91;91;48;2;75;93;94m▘[38;2;76;93;95;48;2;76;95;97m▀[38;2;76;95;98;48;2;76;97;101m▀[38;2;77;97;100;48;2;79;99;104m▌[38;2;76;97;101;48;2;76;94;94m▌[38;2;79;95;94;48;2;77;97;96m▘[38;2;79;98;97;48;2;80;102;105m▌[38;2;80;102;106;48;2;77;101;107m▀[38;2;87;106;103;48;2;77;98;101m▝[38;2;109;121;112;48;2;85;104;104m▝[38;2;115;125;113;48;2;123;131;114m▖[38;2;113;127;118;48;2;118;124;109m▀[38;2;123;128;111;48;2;114;119;104m▛[38;2;128;133;114;48;2;109;119;109m▞[38;2;113;121;110;48;2;80;105;110m▘[38;2;77;104;111;48;2;79;106;111m▀[38;2;81;108;114;48;2;78;104;110m▌[38;2;90;106;106;48;2;78;104;110m▘[38;2;82;108;114;48;2;78;106;112m▛[38;2;83;110;116;48;2;81;109;115m▀[38;2;81;107;114;48;2;79;105;112m▛[38;2;78;105;113;48;2;80;106;113m▖[38;2;82;108;114;48;2;80;106;111m▀[38;2;76;103;109;48;2;80;107;114m▖[38;2;80;108;115;48;2;76;103;110m▌[38;2;78;103;108;48;2;75;101;107m▝[38;2;77;102;108;48;2;79;104;109m▞[38;2;82;107;112;48;2;79;103;109m▀[38;2;81;106;111;48;2;77;102;107m▝[38;2;80;106;111;48;2;78;103;109m▀[38;2;83;108;113;48;2;79;103;108m▘[38;2;78;101;106;48;2;80;103;109m▌[38;2;80;104;109;48;2;76;100;105m▘[38;2;76;100;105;48;2;72;96;101m▌[38;2;72;94;99;48;2;75;96;101m▌[38;2;64;85;88;48;2;164;162;151m▌[0m
[38;2;221;208;191;48;2;89;112;113m▌[38;2;99;113;108;48;2;163;125;96m▌[38;2;186;136;102;48;2;174;126;95m▞[38;2;175;133;104;48;2;99;113;110m▖[38;2;81;108;113;48;2;87;111;115m▖[38;2;76;108;115;48;2;141;123;105m▌[38;2;182;136;103;48;2;165;121;93m▖[38;2;162;117;91;48;2;173;127;97m▌[38;2;128;120;107;48;2;75;101;108m▌[38;2;80;103;107;48;2;81;105;109m▞[38;2;77;104;111;48;2;116;113;100m▌[38;2;170;128;99;48;2;166;128;101m▌[38;2;167;129;102;48;2;174;134;106m▖[38;2;129;116;103;48;2;78;101;104m▌[38;2;80;103;107;48;2;81;105;110m▝[38;2;78;102;107;48;2;81;103;109m▘[38;2;78;104;111;48;2;105;108;102m▌[38;2;141;113;93;48;2;159;118;95m▝[38;2;98;96;89;48;2;72;85;86m▖[38;2;74;88;88;48;2;77;94;96m▀[38;2;73;90;92;48;2;74;93;94m▀[38;2;73;91;94;48;2;74;94;97m▌[38;2;76;95;98;48;2;78;99;103m▀[38;2;75;96;100;48;2;76;99;103m▘[38;2;77;100;105;48;2;81;105;110m▛[38;2;74;98;102;48;2;78;103;108m▘[38;2;80;104;109;48;2;79;99;100m▌[38;2;77;97;97;48;2;81;101;101m▌[38;2;82;102;102;48;2;76;98;102m▘[38;2;73;99;104;48;2;80;103;109m▀[38;2;79;101;103;48;2;89;107;105m▛[38;2;88;104;102;48;2;105;127;126m▀[38;2;123;132;115;48;2;118;125;110m▝[38;2;122;128;111;48;2;114;120;106m▌[38;2;120;128;112;48;2;128;130;108m▀[38;2;103;112;102;48;2;78;103;110m▌[38;2;82;108;116;48;2;77;102;109m▀[38;2;80;105;112;48;2;79;106;114m▞[38;2;82;107;112;48;2;79;104;109m▘[38;2;77;104;110;48;2;81;107;113m▞[38;2;83;109;114;48;2;79;106;112m▖[38;2;78;105;112;48;2;77;104;110m▀[38;2;78;103;109;48;2;78;105;112m▛[38;2;81;108;114;48;2;78;104;112m▝[38;2;80;107;114;48;2;78;104;111m▛[38;2;80;107;114;48;2;76;103;110m▝[38;2;76;102;110;48;2;79;104;111m▀[38;2;79;105;111;48;2;77;103;109m▝[38;2;77;102;108;48;2;79;105;110m▖[38;2;80;105;110;48;2;76;102;107m▌[38;2;73;99;104;48;2;77;102;107m▀[38;2;78;102;108;48;2;79;105;111m▀[38;2;79;103;108;48;2;75;100;105m▛[38;2;75;100;105;48;2;73;97;102m▛[38;2;74;99;104;48;2;70;94;100m▛[38;2;72;97;102;48;2;71;94;98m▌[38;2;71;91;95;48;2;74;94;96m▌[38;2;66;85;86;48;2;163;162;152m▌[0m
[38;2;221;209;192;48;2;91;112;111m▌[38;2;85;105;104;48;2;81;106;109m▝[38;2;81;106;110;48;2;155;124;102m▖[38;2;173;131;103;48;2;183;132;99m▞[38;2;176;133;103;48;2;99;113;110m▖[38;2;78;108;116;48;2;100;115;110m▌[38;2;177;137;106;48;2;172;128;100m▌[38;2;169;123;94;48;2;177;130;101m▛[38;2;163;136;114;48;2;80;104;109m▌[38;2;78;103;109;48;2;80;106;112m▀[38;2;76;106;113;48;2;129;114;99m▌[38;2;171;123;97;48;2;166;127;102m▌[38;2;165;127;100;48;2;174;133;104m▌[38;2;129;120;108;48;2;78;104;110m▌[38;2;79;103;108;48;2;80;103;109m▘[38;2;80;103;109;48;2;79;102;107m▘[38;2;76;103;109;48;2;102;107;102m▌[38;2;173;128;103;48;2;160;121;98m▝[38;2;151;124;103;48;2;80;93;93m▌[38;2;74;94;97;48;2;79;98;101m▞[38;2;78;98;101;48;2;77;101;106m▀[38;2;82;104;109;48;2;76;101;106m▝[38;2;80;102;107;48;2;75;99;105m▘[38;2;77;101;105;48;2;76;102;108m▀[38;2;81;105;110;48;2;79;104;109m▝[38;2;80;104;110;48;2;91;111;111m▛[38;2;75;99;101;48;2;104;115;105m▀[38;2;83;101;99;48;2;115;121;106m▀[38;2;98;112;106;48;2;119;123;106m▀[38;2;106;120;115;48;2;118;130;118m▀[38;2;111;130;126;48;2;108;120;109m▀[38;2;117;134;126;48;2;102;115;107m▀[38;2;113;124;114;48;2;91;108;104m▀[38;2;117;122;106;48;2;78;103;107m▀[38;2;100;110;100;48;2;78;103;109m▀[38;2;84;102;103;48;2;78;104;111m▘[38;2;79;104;111;48;2;78;105;112m▘[38;2;78;104;111;48;2;81;107;114m▌[38;2;83;107;114;48;2;80;106;113m▘[38;2;78;103;108;48;2;79;105;111m▘[38;2;82;108;113;48;2;78;103;109m▘[38;2;77;103;108;48;2;80;107;113m▀[38;2;78;105;111;48;2;81;107;112m▀[38;2;78;105;111;48;2;76;103;109m▌[38;2;76;102;108;48;2;80;106;112m▛[38;2;81;106;112;48;2;77;103;109m▌[38;2;77;102;108;48;2;80;105;111m▌[38;2;79;104;110;48;2;82;106;112m▞[38;2;79;104;110;48;2;78;103;108m▌[38;2;79;103;107;48;2;77;101;105m▛[38;2;79;102;107;48;2;77;100;104m▀[38;2;79;104;109;48;2;78;102;106m▀[38;2;74;99;105;48;2;79;103;108m▝[38;2;76;100;106;48;2;74;97;102m▌[38;2;70;94;100;48;2;75;99;104m▝[38;2;71;94;98;48;2;75;99;104m▝[38;2;73;93;98;48;2;78;99;104m▛[38;2;70;91;94;48;2;169;166;156m▌[0m
[38;2;223;211;193;48;2;91;114;114m▌[38;2;82;106;108;48;2;87;109;110m▌[38;2;73;102;109;48;2;85;108;111m▝[38;2;171;134;106;48;2;90;109;109m▝[38;2;152;126;105;48;2;186;134;102m▖[38;2;106;115;108;48;2;171;130;103m▀[38;2;172;134;105;48;2;182;133;100m▌[38;2;174;127;97;48;2;187;139;106m▌[38;2;137;126;113;48;2;77;104;111m▌[38;2;84;107;113;48;2;82;106;110m▀[38;2;83;111;117;48;2;108;113;107m▌[38;2;166;122;97;48;2;167;129;103m▌[38;2;168;132;107;48;2;175;134;105m▌[38;2;136;124;111;48;2;77;105;112m▌[38;2;85;109;114;48;2;79;103;108m▌[38;2;80;103;108;48;2;80;104;110m▖[38;2;81;106;111;48;2;135;118;102m▌[38;2;156;119;98;48;2;149;117;97m▀[38;2;110;107;98;48;2;153;127;105m▝[38;2;76;101;107;48;2;94;110;104m▀[38;2;81;105;110;48;2;109;118;106m▀[38;2;91;110;111;48;2;118;123;108m▀[38;2;104;115;107;48;2;96;110;104m▛[38;2;105;119;110;48;2;93;109;107m▀[38;2;105;115;105;48;2;123;128;111m▌[38;2;124;129;112;48;2;119;123;109m▛[38;2;125;128;109;48;2;109;118;106m▀[38;2;118;123;105;48;2;89;109;109m▀[38;2;105;116;106;48;2;76;102;109m▀[38;2;91;108;105;48;2;79;99;99m▘[38;2;85;105;104;48;2;86;108;109m▛[38;2;80;104;109;48;2;84;105;103m▛[38;2;80;103;104;48;2;79;105;109m▌[38;2;81;107;113;48;2;83;110;115m▛[38;2;81;106;110;48;2;82;108;114m▀[38;2;80;107;112;48;2;78;105;111m▖[38;2;77;104;112;48;2;80;107;114m▛[38;2;80;107;114;48;2;83;110;117m▌[38;2;80;106;112;48;2;78;104;110m▛[38;2;75;101;106;48;2;78;104;110m▝[38;2;80;106;113;48;2;78;105;112m▀[38;2;84;110;117;48;2;81;107;114m▘[38;2;76;104;110;48;2;80;106;112m▖[38;2;78;104;111;48;2;80;108;115m▀[38;2;83;110;116;48;2;80;106;113m▀[38;2;80;107;114;48;2;78;105;112m▀[38;2;80;107;114;48;2;78;104;110m▘[38;2;81;106;111;48;2;78;102;107m▖[38;2;79;103;108;48;2;76;101;105m▝[38;2;83;107;112;48;2;79;104;108m▖[38;2;81;105;108;48;2;78;102;106m▝[38;2;81;105;109;48;2;83;107;112m▀[38;2;82;106;110;48;2;83;106;111m▝[38;2;81;105;110;48;2;79;101;106m▌[38;2;77;100;106;48;2;74;98;103m▀[38;2;78;102;106;48;2;76;98;102m▌[38;2;80;101;105;48;2;76;96;99m▝[38;2;70;87;87;48;2;172;168;155m▌[0m
[38;2;227;215;198;48;2;96;118;117m▌[38;2;83;106;108;48;2;83;108;110m▝[38;2;85;108;111;48;2;82;106;110m▌[38;2;82;106;110;48;2;86;109;113m▛[38;2;148;121;103;48;2;87;111;115m▝[38;2;163;130;108;48;2;181;133;104m▖[38;2;179;134;107;48;2;183;139;111m▝[38;2;182;137;108;48;2;159;134;113m▛[38;2;105;119;118;48;2;85;110;115m▘[38;2;80;106;110;48;2;84;110;115m▝[38;2;84;110;113;48;2;85;112;118m▀[38;2;141;120;103;48;2;172;130;103m▌[38;2;163;131;105;48;2;174;137;109m▌[38;2;135;123;109;48;2;79;107;114m▌[38;2;85;111;116;48;2;82;107;112m▌[38;2;82;106;111;48;2;79;105;111m▌[38;2;115;122;114;48;2;156;133;111m▌[38;2;141;118;99;48;2;142;125;107m▘[38;2;150;138;118;48;2;132;135;124m▛[38;2;93;109;104;48;2;81;108;114m▀[38;2;81;103;105;48;2;93;110;107m▞[38;2;82;106;110;48;2;119;125;109m▀[38;2;96;114;112;48;2;118;124;108m▀[38;2;111;121;111;48;2;91;112;112m▛[38;2;105;117;107;48;2;80;104;105m▀[38;2;96;112;108;48;2;81;102;101m▘[38;2;78;102;104;48;2;79;104;110m▀[38;2;77;103;110;48;2;79;104;107m▛[38;2;80;103;104;48;2;79;99;98m▛[38;2;81;102;101;48;2;83;107;110m▛[38;2;82;105;108;48;2;82;103;104m▞[38;2;83;105;106;48;2;83;110;117m▛[38;2;78;104;110;48;2;80;107;112m▝[38;2;81;108;113;48;2;83;110;116m▀[38;2;84;111;116;48;2;81;108;113m▖[38;2;79;107;113;48;2;80;108;115m▘[38;2;80;107;113;48;2;82;109;116m▀[38;2;79;106;113;48;2;84;112;117m▀[38;2;80;107;113;48;2;82;109;115m▀[38;2;80;107;113;48;2;83;109;115m▞[38;2;82;110;116;48;2;78;106;112m▖[38;2;85;112;117;48;2;80;108;114m▖[38;2;78;105;111;48;2;79;106;113m▘[38;2;80;107;114;48;2;83;110;116m▛[38;2;78;104;111;48;2;83;109;116m▀[38;2;80;107;115;48;2;81;108;115m▝[38;2;79;105;112;48;2;80;106;114m▀[38;2;79;104;111;48;2;80;106;113m▌[38;2;77;101;106;48;2;78;103;109m▝[38;2;80;104;110;48;2;78;102;107m▌[38;2;81;105;108;48;2;77;101;105m▝[38;2;81;104;108;48;2;83;107;111m▛[38;2;79;102;107;48;2;82;105;110m▛[38;2;77;102;107;48;2;76;99;104m▛[38;2;77;101;106;48;2;80;105;110m▛[38;2;83;106;111;48;2;76;100;105m▘[38;2;76;96;98;48;2;77;98;102m▝[38;2;74;94;96;48;2;188;182;169m▌[0m
[38;2;231;217;200;48;2;96;117;116m▌[38;2;80;106;108;48;2;83;108;110m▖[38;2;82;106;109;48;2;80;104;107m▀[38;2;82;106;112;48;2;79;104;107m▀[38;2;82;106;112;48;2;86;111;117m▌[38;2;97;115;117;48;2;158;130;110m▌[38;2;180;138;111;48;2;170;129;102m▌[38;2;179;133;103;48;2;142;124;108m▌[38;2;78;104;109;48;2;84;109;114m▖[38;2;86;110;115;48;2;83;108;113m▀[38;2;82;108;113;48;2;82;111;117m▌[38;2;101;116;112;48;2;161;129;103m▌[38;2;163;135;110;48;2;152;133;112m▀[38;2;135;125;109;48;2;80;106;110m▌[38;2;77;104;109;48;2;80;107;112m▞[38;2;79;106;111;48;2;83;110;115m▀[38;2;130;129;116;48;2;132;123;107m▌[38;2;128;123;108;48;2;136;133;119m▌[38;2;139;141;129;48;2;111;120;112m▌[38;2;88;105;98;48;2;82;102;103m▀[38;2;96;110;102;48;2;77;103;110m▀[38;2;91;109;108;48;2;77;103;109m▀[38;2;81;107;112;48;2;79;104;110m▀[38;2;80;105;110;48;2;79;101;101m▀[38;2;84;106;106;48;2;79;102;104m▀[38;2;82;104;104;48;2;80;106;112m▘[38;2;80;106;113;48;2;76;100;102m▀[38;2;82;105;108;48;2;80;100;100m▘[38;2;76;98;101;48;2;84;105;105m▖[38;2;83;107;111;48;2;80;102;104m▘[38;2;86;111;114;48;2;80;105;108m▝[38;2;86;111;118;48;2;80;105;110m▀[38;2;81;107;113;48;2;80;105;111m▀[38;2;84;110;116;48;2;77;104;110m▀[38;2;80;108;113;48;2;83;109;115m▞[38;2;79;108;113;48;2;83;110;116m▀[38;2;81;108;115;48;2;83;110;117m▌[38;2;83;109;115;48;2;80;107;115m▖[38;2;82;108;115;48;2;83;109;116m▘[38;2;82;108;114;48;2;79;105;111m▌[38;2;79;105;110;48;2;81;107;114m▀[38;2;80;106;112;48;2;81;108;115m▌[38;2;80;107;115;48;2;79;106;113m▖[38;2;79;106;113;48;2;83;109;116m▌[38;2;83;109;117;48;2;80;106;113m▛[38;2;81;106;114;48;2;82;109;116m▖[38;2;82;108;114;48;2;77;104;110m▖[38;2;79;105;112;48;2;81;107;113m▘[38;2;81;106;113;48;2;80;104;110m▖[38;2;81;107;113;48;2;80;105;111m▘[38;2;78;102;107;48;2;81;105;110m▀[38;2;83;107;112;48;2;81;105;110m▖[38;2;79;103;108;48;2;82;106;112m▘[38;2;80;104;110;48;2;77;100;106m▌[38;2;81;105;111;48;2;77;102;108m▝[38;2;74;97;103;48;2;78;103;110m▀[38;2;77;97;100;48;2;80;104;108m▀[38;2;79;100;100;48;2;196;189;175m▌[0m
[38;2;233;218;199;48;2;95;115;113m▌[38;2;78;104;105;48;2;81;106;108m▖[38;2;80;104;108;48;2;78;103;107m▛[38;2;81;106;110;48;2;80;105;108m▞[38;2;84;109;114;48;2;81;105;109m▀[38;2;98;109;107;48;2;84;108;113m▝[38;2;128;119;103;48;2;163;130;105m▖[38;2;167;128;101;48;2;153;129;105m▘[38;2;97;111;108;48;2;83;108;112m▖[38;2;82;109;114;48;2;86;111;116m▀[38;2;86;110;114;48;2;83;111;117m▌[38;2;103;119;115;48;2;141;127;108m▌[38;2;138;129;111;48;2;137;137;121m▌[38;2;133;135;122;48;2;88;111;111m▌[38;2;80;108;113;48;2;82;108;113m▛[38;2;80;107;113;48;2;82;109;115m▘[38;2;106;122;120;48;2;122;126;115m▖[38;2;114;122;113;48;2;119;131;126m▌[38;2;111;124;121;48;2;77;102;108m▌[38;2;79;106;114;48;2;80;106;111m▘[38;2;76;102;109;48;2;78;104;110m▘[38;2;84;108;113;48;2;80;104;110m▝[38;2;81;107;112;48;2;79;103;105m▘[38;2;79;102;103;48;2;78;105;109m▛[38;2;80;106;114;48;2;80;104;108m▞[38;2;85;109;113;48;2;87;107;107m▘[38;2;86;107;106;48;2;84;107;109m▘[38;2;79;102;104;48;2;82;105;107m▝[38;2;79;102;103;48;2;81;106;111m▀[38;2;74;99;105;48;2;80;105;111m▘[38;2;78;104;110;48;2;80;106;112m▝[38;2;78;105;111;48;2;81;108;115m▘[38;2;85;110;116;48;2;81;107;114m▀[38;2;84;110;115;48;2;82;107;113m▝[38;2;86;112;119;48;2;83;109;116m▀[38;2;84;109;115;48;2;86;112;118m▖[38;2;83;109;116;48;2;84;111;118m▀[38;2;86;113;119;48;2;83;110;117m▝[38;2;82;109;114;48;2;78;105;112m▀[38;2;81;109;114;48;2;80;107;111m▖[38;2;79;106;111;48;2;82;108;114m▖[38;2;81;107;115;48;2;82;108;114m▝[38;2;82;107;115;48;2;81;107;113m▘[38;2;83;109;115;48;2;81;106;113m▝[38;2;84;109;115;48;2;84;110;117m▌[38;2;89;114;121;48;2;82;109;117m▝[38;2;90;115;122;48;2;82;108;114m▘[38;2;82;107;113;48;2;80;106;111m▝[38;2;81;106;112;48;2;79;104;109m▌[38;2;80;104;109;48;2;81;105;111m▞[38;2;79;103;107;48;2;82;106;110m▌[38;2;80;104;109;48;2;82;106;110m▝[38;2;85;108;113;48;2;82;106;111m▝[38;2;83;106;110;48;2;79;103;108m▀[38;2;82;106;110;48;2;80;103;108m▌[38;2;82;106;112;48;2;79;101;108m▀[38;2;81;105;109;48;2;78;98;101m▀[38;2;77;97;98;48;2;200;192;177m▌[0m
[38;2;237;221;202;48;2;97;117;114m▌[38;2;78;105;106;48;2;81;105;108m▌[38;2;83;107;111;48;2;79;104;107m▘[38;2;81;105;108;48;2;80;103;107m▘[38;2;83;106;111;48;2;82;105;109m▌[38;2;83;109;113;48;2;86;109;112m▞[38;2;140;127;109;48;2;87;108;109m▝[38;2;129;125;110;48;2;148;132;109m▖[38;2;122;124;110;48;2;82;105;108m▌[38;2;80;106;110;48;2;85;109;113m▖[38;2;82;109;114;48;2;88;112;115m▞[38;2;130;125;106;48;2;113;121;111m▝[38;2;120;124;112;48;2;120;133;127m▌[38;2;121;133;128;48;2;89;112;114m▌[38;2;79;106;111;48;2;82;109;115m▛[38;2;78;105;111;48;2;81;108;113m▛[38;2;84;109;115;48;2;105;123;122m▖[38;2;114;130;129;48;2;109;124;122m▝[38;2;84;107;112;48;2;80;104;108m▀[38;2;82;107;110;48;2;81;106;112m▀[38;2;78;105;111;48;2;76;103;108m▌[38;2;80;105;109;48;2;78;100;102m▛[38;2;80;102;102;48;2;84;106;107m▌[38;2;80;105;111;48;2;82;104;105m▛[38;2;84;105;104;48;2;80;102;103m▞[38;2;87;109;112;48;2;83;105;106m▀[38;2;82;104;107;48;2;87;110;115m▌[38;2;83;107;112;48;2;83;108;114m▘[38;2;80;106;111;48;2;84;109;113m▀[38;2;83;109;113;48;2;80;106;111m▖[38;2;78;106;113;48;2;81;107;112m▀[38;2;79;106;112;48;2;80;105;111m▘[38;2;79;106;112;48;2;82;107;113m▀[38;2;82;107;112;48;2;80;105;110m▖[38;2;82;107;113;48;2;86;111;115m▀[38;2;82;108;113;48;2;83;108;115m▛[38;2;83;109;116;48;2;81;106;112m▛[38;2;84;111;117;48;2;82;107;112m▀[38;2;80;106;112;48;2;81;108;114m▞[38;2;84;109;113;48;2;81;107;112m▖[38;2;82;108;113;48;2;85;111;115m▀[38;2;82;108;116;48;2;86;112;118m▀[38;2;87;112;118;48;2;82;107;114m▖[38;2;79;105;112;48;2;83;108;114m▛[38;2;81;107;114;48;2;78;104;111m▖[38;2;79;105;112;48;2;80;105;110m▛[38;2;81;104;109;48;2;77;102;109m▀[38;2;80;104;110;48;2;81;105;111m▌[38;2;80;105;111;48;2;85;110;115m▀[38;2;82;105;109;48;2;83;107;112m▝[38;2;85;108;112;48;2;81;104;108m▝[38;2;84;107;111;48;2;86;109;114m▞[38;2;87;110;115;48;2;83;107;113m▘[38;2;82;106;113;48;2;78;101;107m▌[38;2;78;100;106;48;2;79;102;108m▞[38;2;81;103;109;48;2;78;99;105m▖[38;2;79;98;98;48;2;77;98;101m▝[38;2;74;93;92;48;2;194;187;172m▌[0m
[38;2;235;219;199;48;2;95;114;112m▌[38;2;79;105;106;48;2;82;106;109m▌[38;2;78;103;107;48;2;82;105;109m▝[38;2;77;102;107;48;2;82;106;110m▀[38;2;78;104;109;48;2;84;108;112m▘[38;2;83;108;113;48;2;82;104;108m▘[38;2;82;107;112;48;2;82;105;108m▝[38;2;123;126;112;48;2;90;111;112m▝[38;2;132;131;114;48;2;113;124;116m▘[38;2;79;105;109;48;2;89;112;115m▀[38;2;84;112;117;48;2;97;118;118m▌[38;2;113;124;117;48;2;107;121;119m▛[38;2;113;131;133;48;2;119;136;138m▛[38;2;112;130;132;48;2;87;110;114m▌[38;2;84;112;117;48;2;80;107;112m▀[38;2;82;109;113;48;2;81;105;111m▘[38;2;81;107;112;48;2;94;117;120m▌[38;2;113;129;125;48;2;115;134;134m▌[38;2;90;114;117;48;2;81;106;112m▖[38;2;76;103;108;48;2;77;105;110m▖[38;2;78;105;111;48;2;75;102;108m▛[38;2;81;107;111;48;2;80;104;105m▘[38;2;79;101;103;48;2;81;105;108m▘[38;2;80;104;106;48;2;84;104;103m▌[38;2;86;107;108;48;2;83;106;108m▘[38;2;82;104;105;48;2;82;106;110m▌[38;2;85;109;115;48;2;81;107;113m▀[38;2;85;111;117;48;2;83;108;115m▌[38;2;80;106;111;48;2;85;109;114m▖[38;2;85;110;115;48;2;81;108;113m▛[38;2;84;109;114;48;2;80;105;111m▀[38;2;85;111;116;48;2;81;106;113m▘[38;2;82;107;112;48;2;80;105;111m▀[38;2;78;103;108;48;2;80;106;110m▝[38;2;84;111;117;48;2;81;107;112m▝[38;2;83;109;114;48;2;81;106;110m▀[38;2;79;105;109;48;2;82;107;111m▛[38;2;81;106;112;48;2;80;106;111m▌[38;2;82;108;115;48;2;83;108;113m▀[38;2;84;109;116;48;2;82;106;111m▘[38;2;82;107;112;48;2;85;110;115m▀[38;2;84;110;114;48;2;87;110;115m▀[38;2;85;111;118;48;2;87;110;116m▀[38;2;86;110;116;48;2;80;105;110m▀[38;2;84;108;113;48;2;84;109;115m▌[38;2;82;108;114;48;2;80;105;111m▌[38;2;79;106;113;48;2;83;108;113m▝[38;2;81;106;113;48;2;83;108;114m▀[38;2;86;110;114;48;2;85;109;114m▌[38;2;81;104;110;48;2;81;105;110m▝[38;2;82;105;110;48;2;80;103;108m▛[38;2;82;105;112;48;2;85;107;114m▞[38;2;80;103;109;48;2;82;105;111m▘[38;2;79;101;107;48;2;81;104;110m▀[38;2;80;103;109;48;2;86;109;116m▀[38;2;80;102;108;48;2;90;111;117m▛[38;2;84;103;106;48;2;87;107;111m▀[38;2;80;99;98;48;2;199;191;176m▌[0m
[38;2;244;227;207;48;2;105;123;120m▌[38;2;75;103;105;48;2;78;103;107m▌[38;2;78;103;107;48;2;81;105;109m▌[38;2;79;104;107;48;2;82;106;111m▌[38;2;81;105;109;48;2;79;103;107m▘[38;2;80;103;107;48;2;82;104;106m▞[38;2;81;104;107;48;2;79;103;106m▀[38;2;85;110;112;48;2;80;105;108m▝[38;2;101;121;121;48;2;111;125;118m▌[38;2;103;121;121;48;2;79;105;111m▌[38;2;84;111;117;48;2;108;124;120m▌[38;2;107;122;119;48;2;105;125;129m▌[38;2;110;131;136;48;2;115;135;140m▖[38;2;105;127;131;48;2;77;103;108m▌[38;2;87;112;114;48;2;80;106;111m▘[38;2;81;106;111;48;2;84;108;114m▌[38;2;89;115;122;48;2;82;107;112m▝[38;2;106;125;125;48;2;113;130;129m▌[38;2;120;139;141;48;2;90;113;117m▖[38;2;82;108;113;48;2;80;105;110m▀[38;2;72;99;105;48;2;79;105;110m▝[38;2;71;95;101;48;2;78;102;104m▘[38;2;77;99;101;48;2;79;103;108m▌[38;2;82;103;104;48;2;86;108;110m▀[38;2;80;101;103;48;2;84;106;108m▀[38;2;80;105;110;48;2;84;108;113m▌[38;2;85;110;118;48;2;87;112;117m▀[38;2;83;109;116;48;2;86;111;117m▀[38;2;83;108;114;48;2;80;106;111m▘[38;2;81;107;113;48;2;80;105;111m▞[38;2;82;108;114;48;2;84;108;113m▀[38;2;84;109;114;48;2;88;112;116m▛[38;2;82;108;114;48;2;85;109;114m▝[38;2;82;107;112;48;2;79;105;110m▞[38;2;85;110;115;48;2;82;107;111m▝[38;2;85;109;113;48;2;83;107;112m▞[38;2;84;108;112;48;2;80;103;106m▀[38;2;85;108;114;48;2;80;105;109m▝[38;2;82;105;110;48;2;84;108;113m▖[38;2;84;108;114;48;2;82;106;111m▀[38;2;82;107;112;48;2;80;105;109m▀[38;2;87;111;117;48;2;80;104;108m▀[38;2;86;108;112;48;2;86;109;115m▖[38;2;87;111;117;48;2;84;107;113m▘[38;2;86;110;115;48;2;80;104;108m▀[38;2;81;106;112;48;2;87;112;117m▖[38;2;85;111;116;48;2;82;107;111m▌[38;2;81;105;111;48;2;82;106;110m▀[38;2;83;106;111;48;2;84;108;113m▌[38;2;83;106;110;48;2;81;103;107m▀[38;2;81;103;108;48;2;84;107;111m▝[38;2;83;105;110;48;2;80;101;106m▞[38;2;80;102;107;48;2;85;109;114m▌[38;2;87;110;114;48;2;84;104;107m▛[38;2;85;107;114;48;2;81;103;107m▀[38;2;85;108;114;48;2;78;99;103m▀[38;2;82;101;103;48;2;76;94;94m▀[38;2;79;94;91;48;2;208;197;181m▌[0m
[38;2;244;226;207;48;2;105;123;119m▌[38;2;78;104;106;48;2;81;106;110m▌[38;2;81;106;110;48;2;78;102;106m▖[38;2;80;104;107;48;2;77;102;104m▞[38;2;77;101;103;48;2;79;102;105m▖[38;2;78;101;104;48;2;79;103;105m▘[38;2;78;102;106;48;2;81;105;108m▛[38;2;80;104;107;48;2;76;101;104m▌[38;2;87;110;113;48;2;109;125;122m▌[38;2;109;126;124;48;2;85;109;116m▌[38;2;89;113;118;48;2;110;126;124m▌[38;2;106;124;125;48;2;108;129;135m▌[38;2;109;130;136;48;2;112;132;137m▌[38;2;94;117;123;48;2;77;102;107m▌[38;2;83;109;114;48;2;77;104;109m▌[38;2;79;105;110;48;2;78;103;109m▝[38;2;81;106;109;48;2;86;110;112m▖[38;2;104;122;121;48;2;108;125;123m▖[38;2;97;121;126;48;2;113;133;136m▝[38;2;77;106;111;48;2;75;100;105m▀[38;2;78;105;110;48;2;75;101;105m▛[38;2;80;101;101;48;2;78;104;108m▝[38;2;86;108;112;48;2;82;104;104m▝[38;2;89;109;111;48;2;84;105;106m▝[38;2;88;110;114;48;2;85;106;108m▀[38;2;85;112;117;48;2;84;108;113m▀[38;2;84;109;115;48;2;86;111;116m▞[38;2;87;111;117;48;2;84;108;113m▝[38;2;88;112;117;48;2;82;107;112m▀[38;2;89;115;120;48;2;83;109;114m▘[38;2;85;109;114;48;2;89;113;119m▛[38;2;84;108;112;48;2;88;112;117m▘[38;2;85;109;114;48;2;81;105;110m▌[38;2;81;105;109;48;2;82;107;112m▝[38;2;80;105;110;48;2;83;108;113m▌[38;2;87;111;115;48;2;82;106;110m▖[38;2;79;103;107;48;2;84;108;112m▀[38;2;80;104;107;48;2;85;109;113m▀[38;2;80;104;108;48;2;83;107;110m▛[38;2;79;104;108;48;2;83;108;112m▀[38;2;79;103;107;48;2;83;107;111m▀[38;2;77;101;104;48;2;80;103;107m▝[38;2;83;105;109;48;2;80;104;107m▝[38;2;80;103;108;48;2;83;104;106m▀[38;2;79;103;108;48;2;84;106;110m▝[38;2;81;105;109;48;2;83;108;112m▌[38;2;80;104;109;48;2;78;102;107m▌[38;2;81;104;110;48;2;80;102;105m▀[38;2;81;103;108;48;2;83;106;110m▞[38;2;81;104;108;48;2;86;107;112m▀[38;2;82;103;108;48;2;85;106;112m▀[38;2;81;102;105;48;2;86;107;111m▀[38;2;82;104;109;48;2;87;107;109m▀[38;2;79;100;102;48;2;83;103;105m▝[38;2;77;96;97;48;2;80;100;103m▝[38;2;75;93;93;48;2;82;97;98m▀[38;2;86;99;99;48;2;77;92;91m▖[38;2;88;96;91;48;2;225;209;191m▌[0m
[38;2;245;226;206;48;2;113;127;123m▌[38;2;83;107;109;48;2;87;107;107m▀[38;2;82;105;107;48;2;89;108;109m▀[38;2;87;107;108;48;2;82;104;105m▖[38;2;83;106;109;48;2;87;107;109m▀[38;2;80;105;107;48;2;85;107;110m▀[38;2;79;104;107;48;2;85;107;110m▀[38;2;80;104;107;48;2;85;107;109m▀[38;2;85;109;114;48;2;101;120;121m▌[38;2;112;128;127;48;2;102;124;129m▌[38;2;95;115;118;48;2;110;126;123m▌[38;2;108;124;124;48;2;109;128;135m▌[38;2;111;132;140;48;2;108;128;135m▝[38;2;109;129;134;48;2;92;116;121m▌[38;2;78;103;107;48;2;82;106;110m▝[38;2;80;106;110;48;2;82;107;111m▝[38;2;82;107;111;48;2;81;104;108m▖[38;2;103;120;117;48;2;99;116;116m▝[38;2;103;121;122;48;2;110;130;135m▌[38;2;105;125;130;48;2;85;109;113m▖[38;2;79;103;107;48;2;84;108;111m▀[38;2;82;106;110;48;2;85;109;113m▀[38;2;86;105;104;48;2;86;108;110m▌[38;2;89;111;113;48;2;84;103;103m▘[38;2;86;106;107;48;2;85;104;103m▝[38;2;85;109;111;48;2;89;113;116m▀[38;2;87;111;116;48;2;90;114;118m▛[38;2;93;115;119;48;2;86;108;113m▖[38;2;86;108;112;48;2;91;114;117m▀[38;2;88;111;114;48;2;91;113;116m▀[38;2;90;112;116;48;2;87;110;115m▖[38;2;91;118;125;48;2;87;113;119m▝[38;2;91;115;120;48;2;87;111;116m▌[38;2;86;109;113;48;2;91;113;117m▖[38;2;87;110;114;48;2;92;117;122m▀[38;2;88;112;117;48;2;93;117;121m▀[38;2;88;111;115;48;2;91;113;116m▛[38;2;89;113;117;48;2;88;110;114m▀[38;2;84;107;110;48;2;88;111;114m▝[38;2;83;108;111;48;2;87;110;112m▘[38;2;87;111;113;48;2;85;108;110m▌[38;2;87;109;111;48;2;85;107;110m▌[38;2;85;106;109;48;2;83;104;105m▀[38;2;84;105;108;48;2;86;107;109m▀[38;2;85;106;109;48;2;87;108;111m▀[38;2;89;111;113;48;2;87;108;111m▀[38;2;86;106;108;48;2;83;104;106m▌[38;2;88;108;112;48;2;87;106;109m▖[38;2;86;106;109;48;2;90;109;112m▛[38;2;87;108;111;48;2;90;108;109m▀[38;2;86;105;108;48;2;87;104;105m▀[38;2;90;110;112;48;2;91;108;110m▀[38;2;90;109;112;48;2;89;106;108m▌[38;2;84;103;106;48;2;90;105;107m▀[38;2;86;101;102;48;2;82;98;99m▖[38;2;80;94;94;48;2;82;96;98m▝[38;2;73;84;81;48;2;78;92;91m▝[38;2;93;102;98;48;2;229;213;196m▌[0m
[38;2;248;228;208;48;2;129;134;127m▌[38;2;88;103;103;48;2;113;120;114m▀[38;2;87;102;101;48;2;108;116;111m▀[38;2;84;100;100;48;2;111;118;112m▀[38;2;86;105;106;48;2;107;118;114m▀[38;2;84;105;106;48;2;109;120;116m▀[38;2;85;105;107;48;2;108;120;117m▀[38;2;87;109;111;48;2;110;122;119m▀[38;2;86;109;114;48;2;112;126;123m▀[38;2;104;122;124;48;2;122;133;129m▀[38;2;98;117;119;48;2;124;136;134m▀[38;2;99;118;123;48;2;121;133;132m▀[38;2;100;120;127;48;2;122;134;132m▀[38;2;96;113;116;48;2;126;135;131m▀[38;2;80;104;106;48;2;116;130;125m▀[38;2;75;100;102;48;2;116;130;127m▀[38;2;75;100;104;48;2;114;127;125m▀[38;2;95;111;112;48;2;123;131;124m▀[38;2;97;117;122;48;2;131;141;137m▀[38;2;88;112;117;48;2;119;134;129m▀[38;2;86;112;114;48;2;121;135;130m▀[38;2;83;108;111;48;2;121;135;131m▀[38;2;82;102;102;48;2;125;135;127m▀[38;2;82;102;101;48;2;123;132;124m▀[38;2;85;104;101;48;2;123;133;125m▀[38;2;86;109;112;48;2;118;131;126m▀[38;2;84;108;110;48;2;116;129;124m▀[38;2;84;107;110;48;2;113;125;120m▀[38;2;83;108;111;48;2;115;127;121m▀[38;2;83;106;108;48;2;114;126;120m▀[38;2;87;109;111;48;2;115;128;123m▀[38;2;84;108;110;48;2;119;130;124m▀[38;2;84;107;109;48;2;116;128;123m▀[38;2;82;107;110;48;2;121;132;125m▀[38;2;80;105;108;48;2;121;130;124m▀[38;2;85;109;111;48;2;119;130;123m▀[38;2;87;110;112;48;2;118;129;123m▀[38;2;83;105;107;48;2;117;128;122m▀[38;2;83;106;108;48;2;119;130;124m▀[38;2;84;106;107;48;2;118;131;126m▀[38;2;82;104;104;48;2;121;132;125m▀[38;2;84;106;107;48;2;123;133;127m▀[38;2;82;104;106;48;2;122;133;126m▀[38;2;79;102;104;48;2;120;131;125m▀[38;2;79;101;104;48;2;123;133;126m▀[38;2;78;102;104;48;2;123;134;128m▀[38;2;78;100;102;48;2;123;133;127m▀[38;2;77;100;102;48;2;123;131;124m▀[38;2;81;101;103;48;2;127;134;126m▀[38;2;82;101;102;48;2;124;130;123m▀[38;2;83;99;101;48;2;122;128;123m▀[38;2;83;98;99;48;2;128;132;126m▀[38;2;86;100;101;48;2;128;130;123m▀[38;2;78;91;92;48;2;118;125;120m▀[38;2;78;92;93;48;2;113;121;118m▀[38;2;75;92;93;48;2;107;116;112m▀[38;2;74;90;92;48;2;102;112;109m▀[38;2;95;107;104;48;2;224;209;191m▌[0m

       Katsushika Hokusai: Kohada Koheiji, 1831-32
