   [38;2;212;211;191;48;2;139;147;131m▛[38;2;193;194;176;48;2;138;147;133m▀[38;2;192;194;176;48;2;138;149;139m▀[38;2;194;196;177;48;2;140;152;141m▀[38;2;194;197;179;48;2;139;150;139m▀[38;2;195;197;179;48;2;140;151;141m▀[38;2;198;199;180;48;2;135;147;138m▀[38;2;191;194;177;48;2;137;148;140m▀[38;2;191;194;178;48;2;138;151;142m▀[38;2;190;195;179;48;2;139;154;144m▀[38;2;191;197;181;48;2;141;157;148m▀[38;2;191;196;180;48;2;140;157;149m▀[38;2;186;191;175;48;2;136;153;144m▀[38;2;190;196;180;48;2;136;154;146m▀[38;2;187;193;178;48;2;142;158;149m▀[38;2;185;191;176;48;2;136;153;145m▀[38;2;182;188;174;48;2;147;162;150m▀[38;2;190;196;179;48;2;138;153;145m▀[38;2;194;199;181;48;2;87;107;120m▀[38;2;167;172;163;48;2;57;79;109m▀[38;2;153;160;161;48;2;55;78;111m▀[38;2;155;161;158;48;2;55;77;110m▀[38;2;154;161;163;48;2;55;78;112m▀[38;2;154;162;163;48;2;56;80;115m▀[38;2;152;161;163;48;2;57;80;115m▀[38;2;150;159;161;48;2;60;84;116m▀[38;2;150;158;161;48;2;57;82;116m▀[38;2;152;161;164;48;2;58;83;119m▀[38;2;149;158;162;48;2;59;83;117m▀[38;2;150;158;162;48;2;58;82;117m▀[38;2;152;160;162;48;2;54;78;112m▀[38;2;151;159;162;48;2;53;76;111m▀[38;2;156;164;165;48;2;55;79;113m▀[38;2;149;157;161;48;2;51;75;110m▀[38;2;147;155;159;48;2;52;75;109m▀[38;2;149;158;161;48;2;55;78;112m▀[38;2;147;155;159;48;2;53;77;111m▀[38;2;149;157;161;48;2;52;75;109m▀[38;2;149;157;161;48;2;52;76;111m▀[38;2;150;158;161;48;2;53;77;111m▀[38;2;149;158;162;48;2;51;75;110m▀[38;2;150;158;159;48;2;51;74;108m▀[38;2;151;158;160;48;2;53;76;109m▀[38;2;155;162;163;48;2;56;77;108m▀[38;2;158;164;164;48;2;58;80;110m▀[38;2;155;162;162;48;2;54;76;107m▀[38;2;154;161;162;48;2;53;75;107m▀[38;2;156;163;164;48;2;53;75;107m▀[38;2;157;164;163;48;2;56;78;108m▀[38;2;157;162;161;48;2;54;75;106m▀[38;2;157;161;157;48;2;54;73;102m▀[38;2;152;156;151;48;2;58;74;102m▀[38;2;151;153;146;48;2;57;73;100m▀[38;2;162;165;160;48;2;56;70;95m▀[38;2;163;167;162;48;2;53;67;92m▀[38;2;167;170;164;48;2;55;68;90m▀[38;2;166;169;162;48;2;55;68;88m▀[38;2;171;173;166;48;2;56;67;87m▀[38;2;176;177;166;48;2;70;80;94m▀[0m
   [38;2;217;215;195;48;2;145;154;137m▌[38;2;144;153;140;48;2;150;152;132m▛[38;2;157;159;139;48;2;180;176;151m▌[38;2;156;163;146;48;2;179;174;146m▝[38;2;143;156;146;48;2;171;169;144m▀[38;2;144;154;144;48;2;174;170;143m▀[38;2;155;157;138;48;2;183;176;147m▘[38;2;151;161;150;48;2;176;174;150m▀[38;2;145;158;147;48;2;147;160;151m▞[38;2;139;156;147;48;2;144;159;149m▖[38;2;145;160;151;48;2;148;163;154m▀[38;2;148;163;153;48;2;151;165;156m▝[38;2;148;163;154;48;2;143;158;149m▝[38;2;150;164;153;48;2;157;171;159m▛[38;2;156;169;157;48;2;138;154;146m▛[38;2;161;173;159;48;2;96;115;127m▀[38;2;126;141;141;48;2;58;82;117m▀[38;2;75;96;119;48;2;57;81;117m▘[38;2;54;78;115;48;2;60;85;121m▘[38;2;62;85;119;48;2;58;83;119m▝[38;2;67;91;125;48;2;64;89;124m▀[38;2;62;86;121;48;2;65;90;125m▌[38;2;65;91;126;48;2;64;89;124m▖[38;2;64;89;123;48;2;67;91;125m▝[38;2;66;90;122;48;2;63;87;121m▀[38;2;67;92;124;48;2;64;89;123m▀[38;2;68;93;128;48;2;64;88;123m▀[38;2;69;94;128;48;2;66;91;127m▀[38;2;68;94;128;48;2;66;90;124m▀[38;2;62;86;121;48;2;65;90;124m▞[38;2;64;88;121;48;2;66;90;123m▘[38;2;68;92;125;48;2;71;96;128m▛[38;2;64;89;122;48;2;68;92;125m▝[38;2;65;88;120;48;2;61;85;118m▛[38;2;64;88;120;48;2;62;85;118m▘[38;2;64;88;121;48;2;63;86;119m▀[38;2;67;91;123;48;2;62;85;118m▝[38;2;61;84;116;48;2;66;88;121m▛[38;2;64;87;121;48;2;61;84;118m▞[38;2;63;87;119;48;2;60;84;118m▀▛[38;2;63;86;119;48;2;61;84;117m▝[38;2;61;85;118;48;2;59;83;116m▛[38;2;59;82;115;48;2;60;83;116m▞[38;2;56;80;114;48;2;59;83;117m▀[38;2;60;83;116;48;2;57;80;113m▞[38;2;57;80;110;48;2;56;79;112m▝[38;2;58;81;113;48;2;64;87;119m▛[38;2;58;82;113;48;2;59;83;116m▀[38;2;58;80;112;48;2;62;85;118m▛[38;2;58;77;107;48;2;61;84;114m▀[38;2;60;76;101;48;2;64;83;111m▀[38;2;61;75;101;48;2;61;79;109m▀[38;2;62;76;100;48;2;57;76;106m▀[38;2;61;73;96;48;2;61;78;104m▝[38;2;62;73;94;48;2;61;77;104m▀[38;2;63;75;94;48;2;61;77;103m▀[38;2;62;73;92;48;2;64;78;101m▀[38;2;65;78;96;48;2;91;104;115m▌[0m
   [38;2;216;215;195;48;2;149;163;147m▌[38;2;138;139;117;48;2;169;161;132m▛[38;2;127;120;94;48;2;165;157;129m▌[38;2;157;150;121;48;2;181;173;142m▘[38;2;195;186;154;48;2;174;165;133m▘[38;2;185;175;143;48;2;194;186;156m▝[38;2;175;167;137;48;2;191;184;155m▝[38;2;184;176;145;48;2;196;189;160m▘[38;2;152;160;143;48;2;143;160;151m▌[38;2;145;160;149;48;2;143;160;151m▘[38;2;143;160;151;48;2;147;163;153m▀[38;2;151;167;158;48;2;160;176;164m▛[38;2;151;166;155;48;2;119;135;135m▛[38;2;137;155;150;48;2;68;89;114m▀[38;2;92;112;125;48;2;57;80;113m▘[38;2;55;79;115;48;2;59;84;120m▘[38;2;63;87;124;48;2;65;90;125m▛[38;2;64;89;124;48;2;60;85;121m▖[38;2;65;91;125;48;2;62;88;124m▝[38;2;63;88;123;48;2;65;91;127m▘[38;2;64;90;125;48;2;62;88;124m▀[38;2;61;86;121;48;2;59;84;119m▌[38;2;62;87;122;48;2;65;91;126m▛[38;2;60;87;124;48;2;66;92;128m▘[38;2;69;95;130;48;2;66;92;127m▖[38;2;64;89;125;48;2;61;87;123m▌[38;2;60;85;121;48;2;62;87;122m▞[38;2;60;85;120;48;2;64;89;123m▌[38;2;66;92;127;48;2;63;88;123m▝[38;2;67;91;127;48;2;64;90;124m▀[38;2;64;89;124;48;2;68;92;126m▛[38;2;68;92;125;48;2;64;88;122m▀[38;2;68;92;124;48;2;65;88;121m▝[38;2;67;91;123;48;2;62;86;119m▘[38;2;61;84;118;48;2;62;87;120m▘[38;2;62;87;120;48;2;61;84;117m▘[38;2;60;83;116;48;2;63;86;118m▝[38;2;62;85;118;48;2;63;86;120m▘[38;2;61;85;119;48;2;61;84;116m▀[38;2;61;85;118;48;2;62;86;120m▖[38;2;60;84;119;48;2;58;82;117m▘[38;2;60;85;118;48;2;57;81;115m▘[38;2;54;78;113;48;2;57;81;116m▝[38;2;61;86;120;48;2;58;82;117m▞[38;2;58;81;115;48;2;59;84;117m▞[38;2;61;85;118;48;2;58;82;116m▌[38;2;57;81;114;48;2;60;84;117m▝[38;2;60;84;117;48;2;62;87;120m▀[38;2;63;86;120;48;2;60;83;117m▖[38;2;62;85;119;48;2;60;83;117m▖[38;2;61;84;117;48;2;57;80;113m▌[38;2;57;80;114;48;2;53;76;111m▛[38;2;54;76;109;48;2;56;78;112m▝[38;2;51;73;106;48;2;55;78;110m▘[38;2;53;75;108;48;2;48;71;103m▛[38;2;58;79;110;48;2;54;74;105m▘[38;2;57;78;107;48;2;53;74;105m▀[38;2;59;79;105;48;2;54;72;100m▀[38;2;63;81;106;48;2;80;97;115m▌[0m
   [38;2;214;214;194;48;2;151;165;150m▌[38;2;153;155;134;48;2;135;137;117m▞[38;2;133;126;101;48;2;183;176;147m▌[38;2;176;168;139;48;2;158;151;121m▝[38;2;184;177;147;48;2;161;153;121m▀[38;2;195;187;157;48;2;173;166;136m▌[38;2;181;173;142;48;2;204;198;169m▌[38;2;200;194;167;48;2;148;154;135m▛[38;2;133;145;133;48;2;143;160;151m▘[38;2;143;160;151;48;2;154;170;159m▛[38;2;151;167;156;48;2;115;133;135m▛[38;2;128;146;143;48;2;63;83;110m▀[38;2;73;93;115;48;2;56;79;113m▘[38;2;56;79;112;48;2;61;84;118m▘[38;2;62;85;119;48;2;67;90;123m▀[38;2;61;84;120;48;2;65;89;124m▌[38;2;65;89;124;48;2;62;85;120m▞[38;2;65;89;123;48;2;61;85;120m▖[38;2;61;86;122;48;2;63;87;122m▛[38;2;63;87;122;48;2;64;89;124m▖[38;2;63;89;124;48;2;61;88;124m▞[38;2;63;88;123;48;2;56;83;122m▀[38;2;51;78;118;48;2;61;85;121m▖[38;2;63;89;124;48;2;65;90;127m▀[38;2;60;87;123;48;2;64;89;124m▘[38;2;66;92;127;48;2;62;87;122m▖[38;2;64;88;122;48;2;61;85;118m▝[38;2;62;87;121;48;2;63;88;123m▘[38;2;65;90;124;48;2;63;88;124m▛[38;2;65;90;125;48;2;67;92;127m▘[38;2;69;94;127;48;2;62;87;121m▛[38;2;65;90;124;48;2;61;86;120m▀[38;2;67;91;124;48;2;62;86;121m▀[38;2;66;91;125;48;2;63;88;123m▀[38;2;63;89;124;48;2;58;83;117m▀[38;2;62;87;122;48;2;58;83;118m▀[38;2;59;83;118;48;2;61;85;120m▌[38;2;62;87;121;48;2;58;82;116m▀[38;2;58;83;117;48;2;56;80;114m▀[38;2;58;83;118;48;2;57;82;115m▀[38;2;56;81;117;48;2;59;84;118m▘[38;2;59;85;120;48;2;59;84;119m▘[38;2;54;79;116;48;2;60;85;120m▌[38;2;60;84;119;48;2;57;81;116m▌[38;2;59;84;118;48;2;61;85;119m▖[38;2;57;82;116;48;2;60;84;118m▌[38;2;58;83;117;48;2;61;85;118m▝[38;2;62;86;120;48;2;61;85;119m▛[38;2;60;84;117;48;2;58;82;115m▌[38;2;59;82;115;48;2;56;79;114m▌[38;2;59;82;116;48;2;61;84;117m▞[38;2;55;78;111;48;2;60;82;115m▝[38;2;61;83;115;48;2;59;81;113m▛[38;2;56;79;111;48;2;54;75;107m▀[38;2;50;72;104;48;2;53;75;107m▞[38;2;56;77;108;48;2;54;74;105m▌[38;2;52;74;105;48;2;54;75;105m▘[38;2;53;73;104;48;2;58;78;105m▛[38;2;60;79;105;48;2;86;102;118m▌[0m
   [38;2;212;214;194;48;2;144;159;145m▌[38;2;142;157;146;48;2;152;166;155m▛[38;2;141;155;144;48;2;152;163;149m▌[38;2;150;156;138;48;2;148;164;154m▀[38;2;156;163;144;48;2;142;160;151m▀[38;2;158;166;148;48;2;135;154;145m▀[38;2;148;158;144;48;2;134;154;144m▀[38;2;141;156;144;48;2;142;158;149m▘[38;2;145;164;154;48;2;127;145;140m▛[38;2;131;151;147;48;2;67;85;105m▀[38;2;71;91;109;48;2;57;78;107m▘[38;2;62;85;118;48;2;60;82;113m▝[38;2;57;80;113;48;2;51;76;112m▛[38;2;49;74;111;48;2;62;83;115m▖[38;2;53;78;117;48;2;143;138;130m▀[38;2;61;83;116;48;2;185;170;148m▀[38;2;159;147;128;48;2;61;82;114m▖[38;2;62;87;122;48;2;58;81;117m▀[38;2;59;83;118;48;2;83;96;117m▛[38;2;52;80;120;48;2;105;112;122m▀[38;2;53;79;117;48;2;155;148;136m▀[38;2;84;97;115;48;2;206;182;148m▀[38;2;92;101;115;48;2;203;179;144m▀[38;2;58;82;117;48;2;165;153;133m▀[38;2;56;83;121;48;2;97;104;116m▀[38;2;64;87;119;48;2;52;78;115m▛[38;2;53;81;120;48;2;64;89;123m▖[38;2;61;87;122;48;2;63;90;124m▘[38;2;61;86;120;48;2;65;91;126m▖[38;2;65;91;126;48;2;61;91;126m▀[38;2;63;89;124;48;2;60;87;121m▛[38;2;65;90;123;48;2;61;87;121m▞[38;2;62;88;122;48;2;58;84;121m▀[38;2;60;86;122;48;2;64;89;124m▌[38;2;60;86;123;48;2;69;90;117m▀[38;2;61;86;123;48;2;61;82;112m▀[38;2;60;87;123;48;2;67;81;99m▀[38;2;63;89;126;48;2;61;74;88m▀[38;2;60;86;122;48;2;66;83;104m▀[38;2;63;88;122;48;2;66;84;106m▀[38;2;61;86;121;48;2;63;84;112m▀[38;2;60;86;122;48;2;62;85;114m▀[38;2;62;88;124;48;2;59;85;121m▞[38;2;57;84;122;48;2;63;88;124m▖[38;2;66;91;125;48;2;63;88;121m▌[38;2;63;87;121;48;2;60;84;120m▌[38;2;59;84;119;48;2;61;86;121m▘[38;2;63;87;120;48;2;61;85;119m▛[38;2;62;86;118;48;2;60;83;117m▀[38;2;62;85;116;48;2;57;80;113m▌[38;2;55;79;113;48;2;58;81;114m▘[38;2;59;82;115;48;2;58;81;113m▝[38;2;60;82;113;48;2;56;78;110m▌[38;2;61;83;114;48;2;56;78;109m▝[38;2;58;79;109;48;2;57;80;112m▝[38;2;52;74;105;48;2;55;77;108m▘[38;2;55;77;107;48;2;55;77;108m▝[38;2;54;75;103;48;2;52;72;102m▞[38;2;57;78;105;48;2;85;103;120m▌[0m
   [38;2;211;213;193;48;2;145;160;146m▌[38;2;140;156;145;48;2;147;161;150m▘[38;2;142;155;143;48;2;151;163;149m▘[38;2;154;167;153;48;2;153;165;151m▖[38;2;148;163;151;48;2;145;161;151m▌[38;2;148;163;152;48;2;143;159;148m▖[38;2;138;154;143;48;2;147;163;152m▞[38;2;144;161;150;48;2;81;95;100m▛[38;2;108;124;121;48;2;56;72;90m▘[38;2;56;74;98;48;2;50;68;95m▞[38;2;50;71;100;48;2;59;79;106m▖[38;2;60;80;108;48;2;136;131;122m▛[38;2;82;93;110;48;2;202;180;149m▀[38;2;133;129;123;48;2;202;180;148m▘[38;2;217;196;164;48;2;187;165;135m▀[38;2;216;197;166;48;2;186;166;135m▀[38;2;166;151;128;48;2;211;190;158m▝[38;2;188;168;140;48;2;160;142;117m▞[38;2;204;180;148;48;2;134;116;91m▀[38;2;214;187;151;48;2;117;100;77m▀[38;2;211;189;154;48;2;114;99;75m▀[38;2;201;180;149;48;2;102;88;67m▀[38;2;210;186;154;48;2;119;104;82m▀[38;2;195;172;137;48;2;133;116;90m▀[38;2;173;154;127;48;2;208;185;150m▖[38;2;177;164;142;48;2;216;197;165m▀[38;2;210;190;155;48;2;94;103;113m▖[38;2;54;83;123;48;2;65;91;123m▖[38;2;71;98;131;48;2;65;91;119m▀[38;2;69;98;131;48;2;82;95;102m▀[38;2;71;94;122;48;2;87;85;74m▀[38;2;74;91;111;48;2;95;91;77m▀[38;2;72;85;101;48;2;79;73;58m▀[38;2;77;81;79;48;2;116;105;84m▛[38;2;74;74;67;48;2;170;154;126m▀[38;2;94;89;76;48;2;209;188;156m▀[38;2;118;109;91;48;2;184;168;139m▀[38;2;147;135;113;48;2;126;115;93m▖[38;2;130;120;99;48;2;95;88;73m▘[38;2;70;67;58;48;2;84;79;67m▘[38;2;77;77;71;48;2;86;80;65m▀[38;2;77;79;76;48;2;90;83;67m▀[38;2;66;77;89;48;2;84;78;63m▀[38;2;69;87;108;48;2;86;82;67m▀[38;2;63;87;122;48;2;67;74;78m▀[38;2;60;85;122;48;2;58;75;99m▀[38;2;65;90;124;48;2;60;84;119m▘[38;2;60;85;119;48;2;58;83;118m▞[38;2;60;85;118;48;2;58;82;115m▛[38;2;59;82;114;48;2;61;84;116m▞[38;2;63;86;117;48;2;58;82;114m▝[38;2;59;82;113;48;2;55;78;112m▀[38;2;56;79;110;48;2;51;74;106m▛[38;2;52;75;107;48;2;57;79;110m▖[38;2;59;81;112;48;2;56;78;109m▖[38;2;56;77;108;48;2;60;81;110m▀[38;2;61;82;111;48;2;55;77;107m▖[38;2;54;74;103;48;2;57;78;104m▀[38;2;59;80;106;48;2;95;113;127m▌[0m
   [38;2;209;210;191;48;2;147;162;148m▌[38;2;148;162;151;48;2;155;168;155m▌[38;2;154;167;154;48;2;158;171;156m▌[38;2;158;171;157;48;2;154;168;156m▝[38;2;155;169;158;48;2;143;160;149m▌[38;2;143;160;150;48;2;148;164;154m▝[38;2;117;132;125;48;2;47;52;55m▛[38;2;50;59;69;48;2;57;66;72m▞[38;2;51;64;79;48;2;93;90;84m▛[38;2;77;84;93;48;2;200;177;147m▀[38;2;152;142;128;48;2;216;191;158m▀[38;2;210;187;154;48;2;190;166;133m▛[38;2;213;190;157;48;2;153;131;104m▀[38;2;195;174;144;48;2;133;111;79m▀[38;2;148;132;102;48;2;184;165;133m▖[38;2;178;158;128;48;2;123;105;78m▘[38;2;168;147;118;48;2;207;189;158m▌[38;2;206;186;156;48;2;187;171;140m▘[38;2;93;77;56;48;2;178;152;114m▀[38;2;83;70;53;48;2;135;127;103m▀[38;2;91;80;61;48;2;97;91;73m▝[38;2;87;74;55;48;2;83;69;49m▖[38;2;76;62;44;48;2;98;87;68m▀[38;2;82;70;52;48;2;120;104;80m▛[38;2;143;126;100;48;2;196;176;144m▘[38;2;202;183;152;48;2;173;157;129m▛[38;2;138;127;108;48;2;181;159;127m▞[38;2;117;118;115;48;2;214;192;156m▀[38;2;125;116;100;48;2;221;196;161m▀[38;2;202;183;150;48;2;98;90;71m▖[38;2;81;76;62;48;2;91;85;69m▛[38;2;73;69;58;48;2;91;85;68m▝[38;2;114;104;85;48;2;198;176;145m▀[38;2;199;182;151;48;2;215;195;163m▘[38;2;218;198;166;48;2;206;182;149m▀[38;2;173;155;125;48;2;81;75;59m▛[38;2;74;69;56;48;2;92;85;69m▝[38;2;74;69;56;48;2;88;82;67m▀[38;2;94;87;72;48;2;83;78;64m▝[38;2;84;78;64;48;2;91;84;68m▛[38;2;86;80;65;48;2;81;76;62m▛[38;2;90;83;67;48;2;83;78;64m▝[38;2;90;83;67;48;2;81;76;62m▀[38;2;81;76;62;48;2;85;79;64m▖[38;2;80;74;58;48;2;86;80;66m▀[38;2;87;81;67;48;2;69;67;59m▖[38;2;59;75;94;48;2;71;72;68m▝[38;2;58;81;111;48;2;74;79;80m▀[38;2;60;85;118;48;2;60;77;96m▀[38;2;63;87;120;48;2;64;80;99m▀[38;2;62;87;119;48;2;59;83;115m▘[38;2;56;81;113;48;2;59;83;117m▀[38;2;50;72;104;48;2;54;77;109m▝[38;2;57;78;107;48;2;62;84;111m▀[38;2;60;81;111;48;2;55;78;107m▘[38;2;52;74;105;48;2;59;81;109m▖[38;2;60;82;111;48;2;56;78;107m▌[38;2;54;76;104;48;2;56;76;102m▌[38;2;61;81;105;48;2;100;116;130m▌[0m
   [38;2;202;205;185;48;2;145;160;147m▌[38;2;150;166;155;48;2;157;171;158m▛[38;2;152;166;153;48;2;159;171;156m▌[38;2;160;173;160;48;2;155;169;158m▌[38;2;161;176;164;48;2;151;166;155m▖[38;2;152;167;157;48;2;62;67;63m▘[38;2;41;43;44;48;2;49;52;51m▘[38;2;39;43;45;48;2;50;53;54m▖[38;2;55;57;57;48;2;187;169;141m▘[38;2;209;187;155;48;2;170;150;121m▛[38;2;191;166;134;48;2;120;97;68m▀[38;2;147;121;89;48;2;115;89;59m▘[38;2;125;102;72;48;2;109;88;60m▖[38;2;83;66;45;48;2;114;96;70m▖[38;2;88;70;46;48;2;129;112;84m▘[38;2;145;127;96;48;2;179;170;142m▛[38;2;201;195;167;48;2;181;168;136m▖[38;2;172;169;141;48;2;190;182;153m▖[38;2;111;106;86;48;2;178;175;149m▝[38;2;105;101;83;48;2;96;92;75m▖[38;2;102;98;81;48;2;94;87;70m▛[38;2;85;74;56;48;2;98;92;74m▛[38;2;102;98;79;48;2;86;75;57m▝[38;2;87;83;66;48;2;131;121;99m▌[38;2;197;185;155;48;2;170;159;132m▀[38;2;164;151;124;48;2;200;185;154m▀[38;2;203;194;165;48;2;185;167;137m▖[38;2;190;170;140;48;2;129;116;91m▛[38;2;177;159;128;48;2;100;93;74m▀[38;2;128;118;96;48;2;84;79;64m▘[38;2;91;86;70;48;2;85;79;65m▞[38;2;91;84;67;48;2;171;152;123m▌[38;2;203;181;149;48;2;142;127;99m▛[38;2;149;134;108;48;2;102;94;74m▀[38;2;123;111;90;48;2;76;71;58m▀[38;2;115;106;85;48;2;87;81;67m▘[38;2;88;82;67;48;2;84;78;64m▀[38;2;98;90;72;48;2;84;79;64m▖[38;2;86;80;65;48;2;77;73;60m▛[38;2;98;91;73;48;2;86;80;66m▝[38;2;75;71;58;48;2;90;84;68m▖[38;2;95;88;71;48;2;84;79;66m▀[38;2;85;79;65;48;2;80;74;60m▌[38;2;80;74;60;48;2;85;78;63m▛[38;2;81;75;61;48;2;79;73;59m▌[38;2;79;73;59;48;2;86;79;64m▞[38;2;86;80;64;48;2;88;81;66m▛[38;2;83;77;64;48;2;77;72;59m▝[38;2;80;82;79;48;2;84;79;65m▝[38;2;82;79;69;48;2;86;79;64m▀[38;2;68;77;86;48;2;83;77;62m▀[38;2;58;79;106;48;2;75;77;76m▀[38;2;54;67;83;48;2;54;77;108m▖[38;2;53;76;107;48;2;55;79;110m▝[38;2;57;79;109;48;2;53;75;106m▖[38;2;54;76;107;48;2;51;74;104m▝[38;2;57;79;109;48;2;56;77;105m▝[38;2;55;75;103;48;2;63;81;106m▛[38;2;58;78;104;48;2;100;116;131m▌[0m
   [38;2;200;205;184;48;2;150;164;150m▌[38;2;155;169;156;48;2;158;170;156m▘[38;2;160;172;158;48;2;161;174;159m▘[38;2;159;172;158;48;2;160;173;160m▘[38;2;155;168;156;48;2;57;61;56m▘[38;2;46;47;45;48;2;37;37;36m▞[38;2;46;46;43;48;2;142;129;107m▛[38;2;85;80;69;48;2;200;180;149m▘[38;2;203;179;146;48;2;209;187;156m▖[38;2;111;89;61;48;2;200;179;147m▝[38;2;191;170;136;48;2;120;96;67m▖[38;2;104;82;55;48;2;142;131;105m▛[38;2;99;80;55;48;2;144;131;105m▀[38;2;86;68;45;48;2;173;167;141m▘[38;2;201;200;175;48;2;197;190;161m▌[38;2;199;193;164;48;2;200;200;175m▌[38;2;197;197;173;48;2;210;207;181m▀[38;2;201;199;173;48;2;210;208;183m▀[38;2;192;190;164;48;2;202;202;179m▀[38;2;158;156;132;48;2;103;98;79m▖[38;2;105;101;84;48;2;94;88;71m▘[38;2;88;77;59;48;2;97;89;71m▌[38;2;87;79;63;48;2;97;90;70m▀[38;2;106;100;82;48;2;83;76;61m▝[38;2;141;134;110;48;2;81;72;55m▀[38;2;136;132;111;48;2;84;80;65m▀[38;2;120;116;97;48;2;92;89;72m▘[38;2;93;88;73;48;2;113;105;86m▌[38;2;102;95;77;48;2;91;86;71m▌[38;2;94;89;72;48;2;107;100;80m▛[38;2;86;82;68;48;2;100;93;76m▝[38;2;178;160;130;48;2;111;102;81m▝[38;2;173;155;123;48;2;113;104;81m▘[38;2;104;96;77;48;2;91;85;69m▘[38;2;88;83;68;48;2;86;81;66m▖[38;2;100;93;73;48;2;109;99;77m▌[38;2;100;92;71;48;2;145;129;101m▛[38;2;99;90;71;48;2;185;165;133m▀[38;2;90;84;67;48;2;172;154;125m▀[38;2;96;88;69;48;2;180;160;129m▀[38;2;116;104;80;48;2;200;178;144m▀[38;2;99;89;71;48;2;199;178;145m▀[38;2;100;92;72;48;2;197;177;146m▀[38;2;102;92;72;48;2;188;168;135m▀[38;2;72;68;55;48;2;128;113;88m▀[38;2;77;71;58;48;2;72;68;56m▌[38;2;70;66;56;48;2;82;76;62m▖[38;2;89;82;66;48;2;81;75;60m▖[38;2;87;81;65;48;2;82;75;61m▖[38;2;81;75;61;48;2;85;79;64m▘[38;2;86;79;63;48;2;82;75;60m▛[38;2;83;77;62;48;2;112;101;81m▛[38;2;74;78;78;48;2;85;80;65m▝[38;2;74;76;71;48;2;53;74;102m▖[38;2;59;81;111;48;2;55;78;108m▘[38;2;54;75;105;48;2;53;74;103m▞[38;2;54;75;104;48;2;51;72;101m▛[38;2;52;72;100;48;2;59;79;105m▌[38;2;55;76;104;48;2;102;117;132m▌[0m
   [38;2;199;203;183;48;2;147;162;146m▌[38;2;158;170;155;48;2;154;167;152m▝[38;2;162;172;155;48;2;165;177;160m▞[38;2;148;159;146;48;2;66;71;64m▌[38;2;36;38;35;48;2;93;84;68m▛[38;2;102;95;82;48;2;215;198;168m▀[38;2;212;191;158;48;2;204;184;154m▞[38;2;209;189;157;48;2;206;184;150m▖[38;2;206;184;151;48;2;209;188;154m▀[38;2;207;188;156;48;2;194;174;141m▛[38;2;166;152;121;48;2;197;180;148m▝[38;2;195;189;161;48;2;216;212;186m▌[38;2;218;215;188;48;2;206;205;180m▀[38;2;209;207;183;48;2;201;201;178m▀[38;2;204;204;182;48;2;206;206;183m▌[38;2;202;203;179;48;2;207;207;184m▝[38;2;210;207;181;48;2;161;158;132m▀[38;2;223;218;190;48;2;202;203;180m▖[38;2;203;205;183;48;2;202;203;178m▀[38;2;193;191;165;48;2;209;207;181m▝[38;2;179;176;150;48;2;212;207;178m▀[38;2;178;152;113;48;2;199;172;132m▀[38;2;193;185;155;48;2;223;218;190m▀[38;2;197;192;161;48;2;98;93;75m▖[38;2;61;52;39;48;2;80;71;55m▖[38;2;85;80;64;48;2;91;88;72m▖[38;2;91;88;72;48;2;81;78;64m▛[38;2;106;100;82;48;2;94;89;72m▞[38;2;85;81;67;48;2;88;83;69m▞[38;2;104;97;77;48;2;93;87;70m▝[38;2;102;95;75;48;2;110;101;80m▛[38;2;138;126;100;48;2;124;113;88m▝[38;2;130;119;93;48;2;160;144;114m▀[38;2;126;113;88;48;2;190;168;135m▀[38;2;133;119;92;48;2;209;188;155m▀[38;2;166;148;117;48;2;217;197;164m▀[38;2;190;171;138;48;2;214;195;162m▘[38;2;216;198;166;48;2;211;193;161m▀[38;2;219;201;169;48;2;211;195;165m▀[38;2;217;199;167;48;2;211;193;162m▀[38;2;211;191;159;48;2;213;195;164m▖[38;2;213;194;162;48;2;210;191;158m▛[38;2;219;201;171;48;2;213;195;163m▘[38;2;213;195;162;48;2;210;191;157m▌[38;2;190;168;134;48;2;210;192;158m▝[38;2;125;111;85;48;2;201;178;141m▀[38;2;121;108;84;48;2;186;167;133m▀[38;2;86;79;62;48;2;158;141;110m▀[38;2;140;125;96;48;2;85;78;62m▖[38;2;78;73;59;48;2;89;82;66m▌[38;2;88;81;64;48;2;87;80;63m▖[38;2;190;173;142;48;2;97;89;69m▝[38;2;127;114;88;48;2;195;175;141m▝[38;2;190;171;136;48;2;76;77;75m▖[38;2;45;68;103;48;2;53;76;107m▖[38;2;49;72;104;48;2;51;74;104m▖[38;2;52;73;102;48;2;50;70;99m▛[38;2;49;69;98;48;2;53;75;102m▌[38;2;50;71;100;48;2;106;120;133m▌[0m
   [38;2;201;205;186;48;2;143;159;144m▌[38;2;158;170;156;48;2;153;166;153m▝[38;2;159;172;159;48;2;106;115;106m▛[38;2;29;30;28;48;2;67;65;56m▞[38;2;92;83;67;48;2;198;176;142m▘[38;2;215;198;168;48;2;184;165;133m▀[38;2;210;192;160;48;2;214;198;167m▛[38;2;212;194;160;48;2;200;183;150m▛[38;2;204;184;152;48;2;190;168;135m▘[38;2;201;180;147;48;2;192;172;138m▀[38;2;199;183;150;48;2;196;176;142m▀[38;2;213;210;182;48;2;196;185;153m▀[38;2;197;181;148;48;2;200;189;158m▝[38;2;153;121;81;48;2;178;165;131m▘[38;2;202;204;180;48;2;189;188;162m▛[38;2;194;192;164;48;2;202;204;180m▌[38;2;169;165;137;48;2;214;210;183m▀[38;2;226;219;190;48;2;207;205;179m▘[38;2;201;202;177;48;2;205;204;178m▌[38;2;208;206;177;48;2;210;208;180m▛[38;2;209;206;177;48;2;199;179;141m▌[38;2;217;211;184;48;2;207;189;151m▌[38;2;214;207;177;48;2;200;196;167m▛[38;2;169;157;126;48;2;195;178;145m▛[38;2;101;94;76;48;2;185;174;144m▀[38;2;75;70;55;48;2;99;92;72m▀[38;2;83;80;67;48;2;132;122;99m▀[38;2;98;93;75;48;2;93;88;72m▖[38;2;94;89;73;48;2;104;98;79m▀[38;2;112;104;81;48;2;126;115;89m▛[38;2;128;118;91;48;2;121;111;86m▞[38;2;116;107;81;48;2;132;119;90m▛[38;2;132;118;90;48;2;168;151;119m▀[38;2;169;152;119;48;2;203;183;151m▘[38;2;213;193;160;48;2;184;164;131m▀[38;2;204;181;147;48;2;187;167;134m▀[38;2;202;180;144;48;2;190;171;137m▀[38;2;205;183;149;48;2;190;171;137m▀[38;2;211;193;162;48;2;199;180;147m▀[38;2;212;197;167;48;2;208;187;154m▀[38;2;212;196;165;48;2;210;193;161m▘[38;2;209;192;159;48;2;212;196;164m▞[38;2;209;191;158;48;2;213;196;163m▀[38;2;213;196;163;48;2;211;194;160m▝[38;2;211;194;161;48;2;210;192;158m▛[38;2;210;193;160;48;2;212;194;162m▀[38;2;211;195;162;48;2;208;191;157m▛[38;2;215;197;164;48;2;208;191;158m▀[38;2;185;167;132;48;2;210;192;158m▝[38;2;144;128;98;48;2;72;66;52m▌[38;2;78;72;57;48;2;80;74;59m▝[38;2;81;74;58;48;2;144;128;100m▛[38;2;182;163;131;48;2;201;182;148m▘[38;2;181;166;133;48;2;204;186;151m▝[38;2;77;84;91;48;2;49;73;106m▌[38;2;50;73;102;48;2;55;76;104m▖[38;2;50;71;102;48;2;54;76;105m▝[38;2;52;74;104;48;2;57;80;107m▌[38;2;49;71;99;48;2;120;132;140m▌[0m
   [38;2;200;203;183;48;2;140;155;138m▌[38;2;143;157;140;48;2;155;169;152m▖[38;2;124;134;120;48;2;33;34;30m▌[38;2;54;50;41;48;2;175;153;118m▘[38;2;200;177;142;48;2;210;187;149m▛[38;2;182;162;128;48;2;209;186;150m▀[38;2;187;167;134;48;2;184;161;125m▝[38;2;175;154;118;48;2;191;169;133m▝[38;2;200;176;139;48;2;192;167;129m▀[38;2;205;182;145;48;2;216;196;160m▛[38;2;210;187;151;48;2;212;192;156m▀[38;2;204;183;148;48;2;214;193;157m▝[38;2;191;185;154;48;2;213;194;156m▀[38;2;206;206;180;48;2;201;189;154m▀[38;2;204;205;179;48;2;203;198;167m▘[38;2;202;198;168;48;2;145;142;112m▛[38;2;171;165;134;48;2;210;204;174m▖[38;2;198;198;169;48;2;201;201;173m▖[38;2;204;203;174;48;2;210;208;177m▛[38;2;209;204;174;48;2;199;175;132m▛[38;2;207;194;158;48;2;196;167;123m▌[38;2;211;198;164;48;2;187;176;139m▛[38;2;199;192;161;48;2;114;109;85m▛[38;2;146;133;104;48;2;203;183;148m▖[38;2;169;154;120;48;2;204;184;147m▘[38;2;197;176;139;48;2;169;150;115m▌[38;2;213;193;158;48;2;184;164;127m▀[38;2;202;183;146;48;2;110;100;76m▌[38;2;98;92;72;48;2;109;101;77m▌[38;2;121;111;83;48;2;148;133;97m▛[38;2;135;121;90;48;2;168;149;111m▀[38;2;166;146;111;48;2;194;171;133m▘[38;2;206;184;148;48;2;183;160;124m▀[38;2;185;165;131;48;2;210;188;150m▀[38;2;208;189;154;48;2;203;182;145m▝[38;2;212;191;155;48;2;204;180;142m▀[38;2;214;193;157;48;2;196;172;133m▀[38;2;213;194;159;48;2;201;179;140m▀[38;2;206;186;151;48;2;214;193;155m▀[38;2;213;194;158;48;2;208;185;149m▖[38;2;209;184;145;48;2;210;191;157m▖[38;2;211;192;158;48;2;210;190;153m▘[38;2;216;198;162;48;2;213;192;156m▖[38;2;212;193;157;48;2;211;190;153m▛[38;2;209;188;151;48;2;212;193;157m▖[38;2;211;192;157;48;2;209;188;151m▀[38;2;209;191;155;48;2;205;185;147m▛[38;2;209;190;156;48;2;205;186;149m▀[38;2;204;185;147;48;2;207;188;152m▝[38;2;86;76;56;48;2;193;172;134m▝[38;2;73;69;56;48;2;92;84;64m▘[38;2;141;126;97;48;2;98;90;68m▝[38;2;109;97;72;48;2;180;160;124m▖[38;2;197;175;136;48;2;94;96;93m▌[38;2;51;71;97;48;2;55;77;104m▘[38;2;53;76;104;48;2;57;79;105m▘[38;2;52;74;102;48;2;51;71;98m▛[38;2;51;72;100;48;2;55;74;99m▘[38;2;49;69;94;48;2;128;138;144m▌[0m
   [38;2;200;204;185;48;2;145;160;145m▌[38;2;154;168;153;48;2;134;146;134m▛[38;2;107;99;81;48;2;220;198;164m▛[38;2;202;176;139;48;2;202;180;146m▀[38;2;206;182;148;48;2;202;177;142m▌[38;2;211;191;155;48;2;201;179;145m▝[38;2;206;187;153;48;2;177;157;125m▘[38;2;205;182;147;48;2;213;193;161m▀[38;2;187;167;133;48;2;215;196;165m▀[38;2;207;187;153;48;2;165;146;113m▞[38;2;222;203;169;48;2;131;121;97m▀[38;2;213;194;160;48;2;110;103;82m▀[38;2;196;179;145;48;2;91;85;67m▀[38;2;187;168;136;48;2;92;86;68m▀[38;2;177;161;129;48;2;92;86;68m▀[38;2;179;164;132;48;2;93;86;69m▀[38;2;204;193;159;48;2;114;104;84m▀[38;2;204;200;170;48;2;130;120;96m▀[38;2;197;193;163;48;2;101;95;75m▀[38;2;170;156;123;48;2;82;77;62m▀[38;2;72;68;53;48;2;143;130;102m▖[38;2;140;130;105;48;2;220;205;173m▀[38;2;204;188;157;48;2;134;121;95m▖[38;2;220;199;166;48;2;176;158;125m▖[38;2;206;188;155;48;2;174;158;127m▀[38;2;176;158;124;48;2;192;175;141m▞[38;2;189;170;135;48;2;211;192;158m▘[38;2;125;113;85;48;2;190;170;135m▝[38;2;114;104;77;48;2;160;145;113m▀[38;2;125;113;83;48;2;168;150;116m▘[38;2;191;170;135;48;2;180;161;127m▛[38;2;187;166;131;48;2;200;182;150m▛[38;2;198;178;144;48;2;196;172;137m▛[38;2;206;182;145;48;2;187;164;129m▘[38;2;186;163;127;48;2;190;166;130m▀[38;2;187;164;129;48;2;179;160;126m▛[38;2;194;170;133;48;2;172;155;123m▀[38;2;187;164;123;48;2;166;147;113m▀[38;2;180;158;119;48;2;192;169;131m▘[38;2;201;180;140;48;2;204;185;147m▛[38;2;211;194;159;48;2;208;189;153m▝[38;2;209;192;157;48;2;210;193;160m▘[38;2;212;194;160;48;2;209;191;156m▘[38;2;210;192;158;48;2;210;193;160m▞[38;2;211;190;155;48;2;212;194;161m▀[38;2;211;192;158;48;2;204;183;148m▛[38;2;209;191;156;48;2;193;172;139m▀[38;2;208;188;152;48;2;193;173;139m▀[38;2;211;193;160;48;2;200;179;145m▀[38;2;214;196;162;48;2;205;186;154m▝[38;2;209;191;158;48;2;155;139;108m▌[38;2;119;107;80;48;2;90;82;63m▀[38;2;160;143;111;48;2;94;88;71m▀[38;2;98;95;84;48;2;66;78;89m▘[38;2;60;82;109;48;2;56;77;105m▘[38;2;56;79;107;48;2;57;80;108m▘[38;2;52;73;101;48;2;54;76;104m▝[38;2;55;77;105;48;2;62;84;110m▛[38;2;51;72;99;48;2;132;142;147m▌[0m
   [38;2;199;203;185;48;2;149;163;148m▌[38;2;157;172;161;48;2;150;149;130m▌[38;2;205;183;152;48;2;202;179;145m▝[38;2;205;183;151;48;2;201;178;145m▝[38;2;205;185;152;48;2;209;194;164m▛[38;2;168;148;116;48;2;198;179;148m▞[38;2;209;187;155;48;2;204;182;149m▞[38;2;212;193;162;48;2;220;204;175m▛[38;2;206;189;158;48;2;149;115;80m▛[38;2;191;174;146;48;2;125;94;65m▘[38;2;72;67;54;48;2;172;117;69m▀[38;2;83;78;64;48;2;145;101;62m▀[38;2;112;91;66;48;2;92;86;70m▖[38;2;99;94;76;48;2;106;99;79m▌[38;2;100;93;74;48;2;107;100;79m▖[38;2;96;90;72;48;2;105;99;79m▀[38;2;92;87;69;48;2;103;97;76m▀[38;2;82;78;64;48;2;100;94;76m▀[38;2;96;91;74;48;2;88;83;67m▖[38;2;91;86;69;48;2;91;86;70m▘[38;2;149;137;111;48;2;86;81;65m▝[38;2;138;127;104;48;2;220;204;174m▖[38;2;172;155;125;48;2;193;175;143m▀[38;2;172;154;124;48;2;215;195;162m▝[38;2;205;184;151;48;2;186;168;135m▞[38;2;213;192;158;48;2;199;179;146m▀[38;2;212;192;160;48;2;198;179;146m▀[38;2;211;193;159;48;2;194;176;144m▘[38;2;201;182;150;48;2;180;162;130m▀[38;2;200;182;149;48;2;192;172;138m▘[38;2;192;173;140;48;2;199;178;144m▀[38;2;194;172;138;48;2;194;174;140m▝[38;2;189;169;135;48;2;201;180;145m▛[38;2;193;172;136;48;2;146;139;115m▛[38;2;158;152;127;48;2;181;173;146m▛[38;2;102;101;86;48;2;164;149;123m▀[38;2;96;96;86;48;2;157;148;123m▘[38;2;144;149;131;48;2;174;165;137m▝[38;2;138;136;115;48;2;189;167;131m▌[38;2;209;188;153;48;2;211;193;160m▛[38;2;212;194;161;48;2;211;193;160m▞[38;2;211;194;161;48;2;208;190;157m▛[38;2;211;195;163;48;2;209;189;154m▀[38;2;214;198;167;48;2;195;174;141m▀[38;2;205;186;153;48;2;186;165;130m▀[38;2;196;176;141;48;2;190;168;134m▌[38;2;200;180;146;48;2;184;166;134m▀[38;2;198;180;148;48;2;205;184;149m▞[38;2;212;193;159;48;2;181;164;131m▖[38;2;207;186;151;48;2;161;144;114m▀[38;2;207;190;157;48;2;101;92;72m▘[38;2;79;73;58;48;2;89;82;65m▘[38;2;100;94;77;48;2;84;80;66m▝[38;2;78;85;87;48;2;66;85;108m▛[38;2;60;83;111;48;2;55;77;105m▛[38;2;57;78;105;48;2;58;81;109m▖[38;2;57;80;108;48;2;54;75;105m▌[38;2;58;80;110;48;2;64;85;112m▌[38;2;58;80;107;48;2;138;149;153m▌[0m
   [38;2;196;201;182;48;2;152;165;151m▌[38;2;154;171;161;48;2;152;149;128m▌[38;2;207;184;150;48;2;203;180;147m▘[38;2;204;181;149;48;2;209;188;156m▛[38;2;212;194;163;48;2;183;163;133m▘[38;2;191;170;138;48;2;207;187;155m▌[38;2;207;187;156;48;2;214;196;165m▛[38;2;201;185;157;48;2;115;89;63m▛[38;2;140;102;66;48;2;111;84;58m▘[38;2;114;88;62;48;2;131;101;70m▌[38;2;128;105;76;48;2;125;97;67m▀[38;2;134;102;69;48;2;104;94;74m▀[38;2;114;98;72;48;2;150;105;64m▖[38;2;183;129;81;48;2;108;94;72m▖[38;2;95;90;74;48;2;100;94;75m▖[38;2;95;89;72;48;2;100;94;77m▖[38;2;94;88;71;48;2;96;91;74m▀[38;2;94;89;73;48;2;97;91;75m▛[38;2;95;89;73;48;2;93;88;72m▞[38;2;86;82;68;48;2;96;91;74m▝[38;2;85;82;68;48;2;91;87;72m▘[38;2;85;80;64;48;2;182;166;139m▌[38;2;197;182;153;48;2;221;206;176m▝[38;2;216;195;162;48;2;193;174;141m▝[38;2;163;147;118;48;2;206;188;157m▖[38;2;206;189;158;48;2;221;204;174m▀[38;2;219;204;174;48;2;216;199;168m▖[38;2;220;205;176;48;2;217;201;170m▝[38;2;210;192;160;48;2;218;202;171m▀[38;2;205;184;150;48;2;217;199;169m▀[38;2;198;177;143;48;2;210;191;159m▀[38;2;194;173;140;48;2;206;186;153m▀[38;2;190;169;137;48;2;208;188;156m▀[38;2;186;171;142;48;2;220;201;168m▀[38;2;216;199;168;48;2;215;196;163m▌[38;2;221;200;165;48;2;200;176;142m▀[38;2;219;198;164;48;2;190;167;132m▀[38;2;188;166;131;48;2;207;185;150m▞[38;2;173;149;114;48;2;204;181;146m▘[38;2;211;193;161;48;2;210;189;155m▝[38;2;210;191;157;48;2;200;180;145m▛[38;2;208;190;156;48;2;185;163;129m▘[38;2;174;158;127;48;2;160;151;125m▘[38;2;152;149;126;48;2;175;163;132m▀[38;2;163;153;124;48;2;106;105;92m▀[38;2;173;161;130;48;2;141;129;100m▞[38;2;195;174;140;48;2;165;146;114m▀[38;2;175;155;121;48;2;200;181;147m▘[38;2;161;145;114;48;2;73;67;52m▛[38;2;97;87;68;48;2;80;74;59m▘[38;2;82;76;60;48;2;83;77;62m▘[38;2;75;71;59;48;2;91;87;72m▖[38;2;76;80;80;48;2;60;78;101m▛[38;2;71;86;105;48;2;57;81;112m▘[38;2;57;81;111;48;2;55;79;109m▘[38;2;56;79;110;48;2;60;83;113m▀[38;2;56;79;110;48;2;55;78;108m▌[38;2;58;82;111;48;2;64;85;113m▌[38;2;58;81;108;48;2;158;167;166m▌[0m
   [38;2;190;195;175;48;2;149;163;148m▌[38;2;159;174;163;48;2;143;145;128m▌[38;2;195;171;138;48;2;204;181;148m▖[38;2;205;185;153;48;2;183;163;132m▌[38;2;190;172;141;48;2;186;166;134m▞[38;2;202;181;149;48;2;209;189;158m▘[38;2;217;200;170;48;2;207;188;157m▝[38;2;161;140;111;48;2;139;99;64m▘[38;2;140;100;66;48;2;163;109;66m▛[38;2;171;113;65;48;2;125;96;66m▖[38;2;115;96;72;48;2;95;92;76m▀[38;2;89;89;75;48;2;117;92;65m▖[38;2;141;104;69;48;2;106;90;66m▌[38;2;133;104;73;48;2;103;86;64m▀[38;2;100;95;78;48;2;88;81;65m▝[38;2;98;93;76;48;2;92;86;71m▘[38;2;95;89;72;48;2;98;92;75m▝[38;2;97;91;74;48;2;99;94;77m▘[38;2;94;89;72;48;2;100;94;76m▀[38;2;100;95;77;48;2;98;92;74m▌[38;2;93;87;70;48;2;121;112;91m▛[38;2;155;142;117;48;2;218;202;173m▘[38;2;211;192;161;48;2;216;199;169m▝[38;2;210;190;157;48;2;215;195;163m▀[38;2;181;164;135;48;2;214;192;160m▀[38;2;222;207;176;48;2;186;168;138m▝[38;2;221;205;174;48;2;216;200;169m▖[38;2;213;193;160;48;2;209;186;149m▌[38;2;216;198;166;48;2;208;187;151m▀[38;2;216;202;172;48;2;186;156;117m▀[38;2;218;202;171;48;2;176;148;110m▀[38;2;218;200;169;48;2;190;169;135m▀[38;2;220;203;172;48;2;215;197;166m▘[38;2;212;190;158;48;2;197;175;142m▀[38;2;199;176;143;48;2;208;189;158m▀[38;2;196;178;146;48;2;186;163;129m▖[38;2;187;164;129;48;2;193;170;135m▌[38;2;203;180;144;48;2;212;192;158m▀[38;2;210;190;156;48;2;209;188;152m▌[38;2;210;189;153;48;2;201;179;143m▛[38;2;178;155;121;48;2;192;170;136m▞[38;2;205;182;147;48;2;187;165;131m▀[38;2;207;183;147;48;2;211;191;157m▖[38;2;205;186;153;48;2;213;195;164m▀[38;2;91;88;74;48;2;188;173;141m▝[38;2;198;198;176;48;2;138;133;111m▘[38;2;149;133;104;48;2;83;77;62m▛[38;2;173;156;127;48;2;84;79;62m▀[38;2;109;98;76;48;2;82;76;62m▘[38;2;77;73;60;48;2;83;78;62m▖[38;2;87;80;65;48;2;78;74;60m▌[38;2;79;78;68;48;2;77;81;79m▌[38;2;58;73;89;48;2;53;77;108m▌[38;2;53;76;108;48;2;57;80;111m▘[38;2;55;78;110;48;2;63;86;117m▌[38;2;59;82;113;48;2;54;78;109m▌[38;2;56;79;108;48;2;54;76;106m▝[38;2;56;78;108;48;2;61;82;109m▛[38;2;60;82;108;48;2;166;173;170m▌[0m
   [38;2;186;191;171;48;2;149;162;147m▌[38;2;158;172;160;48;2;143;154;141m▌[38;2;169;152;123;48;2;213;193;160m▌[38;2;176;156;125;48;2;189;170;139m▖[38;2;181;163;133;48;2;206;186;155m▌[38;2;207;188;157;48;2;205;183;151m▘[38;2;204;185;154;48;2;161;133;99m▛[38;2;116;92;67;48;2;159;112;68m▝[38;2;116;89;63;48;2;168;118;72m▌[38;2;170;117;70;48;2;185;127;73m▘[38;2;149;111;71;48;2;97;90;72m▖[38;2;94;89;72;48;2;102;97;80m▝[38;2;130;103;71;48;2;153;114;74m▞[38;2;97;84;65;48;2;102;87;66m▌[38;2;91;83;65;48;2;95;89;72m▀[38;2;93;88;72;48;2;100;94;76m▛[38;2;96;91;74;48;2;93;87;70m▛[38;2;98;92;75;48;2;107;101;81m▘[38;2;98;93;75;48;2;94;89;71m▌[38;2;100;94;75;48;2;98;91;72m▞[38;2;137;126;103;48;2;97;91;73m▝[38;2;223;207;175;48;2;130;121;99m▀[38;2;195;181;152;48;2;99;93;74m▀[38;2;195;178;148;48;2;124;113;90m▀[38;2;216;195;163;48;2;203;186;155m▀[38;2;219;199;167;48;2;173;155;124m▌[38;2;184;167;136;48;2;210;191;158m▖[38;2;190;156;114;48;2;211;192;158m▘[38;2;208;184;147;48;2;192;184;155m▛[38;2;186;159;118;48;2;171;174;154m▀[38;2;182;153;109;48;2;181;177;152m▝[38;2;221;207;176;48;2;185;160;121m▖[38;2;193;171;139;48;2;220;203;173m▌[38;2;212;192;160;48;2;217;199;168m▀[38;2;201;184;152;48;2;191;172;141m▛[38;2;188;168;136;48;2;215;198;167m▖[38;2;209;190;158;48;2;214;197;166m▘[38;2;215;198;167;48;2;212;195;164m▀[38;2;213;196;164;48;2;208;188;154m▌[38;2;191;167;132;48;2;203;183;149m▀[38;2;181;159;125;48;2;200;181;148m▀[38;2;192;170;136;48;2;188;167;134m▘[38;2;209;189;156;48;2;212;194;162m▌[38;2;212;195;163;48;2;213;197;165m▘[38;2;165;148;116;48;2;202;183;149m▝[38;2;115;103;81;48;2;68;66;54m▛[38;2;83;78;63;48;2;74;71;61m▝[38;2;79;75;63;48;2;63;71;76m▀[38;2;63;65;61;48;2;55;74;97m▀[38;2;69;80;88;48;2;56;80;114m▀[38;2;66;77;87;48;2;56;80;112m▀[38;2;61;84;114;48;2;55;78;107m▞[38;2;56;79;110;48;2;62;85;114m▛[38;2;65;88;115;48;2;62;85;113m▌[38;2;58;81;110;48;2;63;86;113m▌[38;2;56;79;109;48;2;62;84;112m▘[38;2;55;78;108;48;2;64;86;114m▛[38;2;56;78;109;48;2;63;84;111m▘[38;2;62;81;107;48;2;167;174;170m▌[0m
   [38;2;183;190;170;48;2;144;158;143m▌[38;2;149;164;153;48;2;155;168;157m▞[38;2;132;135;119;48;2;188;167;136m▌[38;2;208;186;154;48;2;183;164;133m▌[38;2;186;166;135;48;2;209;189;157m▌[38;2;203;182;151;48;2;209;188;157m▌[38;2;196;178;149;48;2;159;118;76m▌[38;2;137;104;68;48;2;91;86;70m▌[38;2;110;95;73;48;2;94;88;73m▞[38;2;160;112;71;48;2;74;91;111m▀[38;2;171;122;75;48;2;97;98;93m▘[38;2;104;100;83;48;2;96;92;76m▀[38;2;129;101;68;48;2;99;90;71m▝[38;2;96;87;69;48;2;89;84;70m▌[38;2;97;92;76;48;2;93;88;72m▀[38;2;99;93;76;48;2;93;88;72m▝[38;2;93;88;71;48;2;96;91;73m▖[38;2;99;93;74;48;2;101;95;76m▞[38;2;98;93;75;48;2;95;89;72m▞[38;2;107;100;81;48;2;101;95;75m▖[38;2;89;83;67;48;2;93;87;70m▀[38;2;85;81;66;48;2;98;92;74m▀[38;2;90;85;69;48;2;99;93;75m▀[38;2;96;91;73;48;2;108;100;79m▛[38;2;208;188;155;48;2;135;124;100m▝[38;2;210;188;156;48;2;213;192;160m▞[38;2;209;189;156;48;2;196;174;138m▝[38;2;214;195;162;48;2;203;177;139m▀[38;2;163;159;134;48;2;199;182;149m▝[38;2;181;150;113;48;2;205;181;144m▀[38;2;214;190;156;48;2;174;153;117m▖[38;2;194;189;162;48;2;183;167;134m▌[38;2;217;199;169;48;2;205;186;154m▀[38;2;216;199;169;48;2;211;194;164m▀[38;2;220;204;174;48;2;212;197;167m▀[38;2;204;184;150;48;2;212;193;160m▘[38;2;209;188;154;48;2;214;197;166m▖[38;2;214;196;164;48;2;208;189;157m▌[38;2;196;176;144;48;2;210;191;160m▀[38;2;179;160;130;48;2;198;179;149m▘[38;2;216;196;164;48;2;202;179;146m▛[38;2;173;152;120;48;2;207;186;152m▝[38;2;204;173;129;48;2;209;189;156m▖[38;2;209;195;165;48;2;219;200;166m▀[38;2;211;191;155;48;2;194;172;137m▛[38;2;140;128;107;48;2;64;75;87m▘[38;2;64;77;90;48;2;58;77;99m▘[38;2;62;82;105;48;2;57;78;102m▘[38;2;53;78;109;48;2;58;78;104m▀[38;2;56;82;113;48;2;55;77;106m▀[38;2;55;78;109;48;2;57;81;112m▌[38;2;59;83;112;48;2;56;79;110m▌[38;2;60;84;115;48;2;55;79;111m▝[38;2;59;82;114;48;2;57;80;110m▌[38;2;68;89;114;48;2;60;83;112m▝[38;2;54;78;109;48;2;61;83;110m▖[38;2;62;84;111;48;2;59;81;109m▞[38;2;56;77;103;48;2;59;79;105m▖[38;2;61;80;103;48;2;172;178;171m▌[0m
   [38;2;177;186;170;48;2;134;152;141m▌[38;2;152;167;156;48;2;149;165;155m▝[38;2;152;168;158;48;2;127;130;114m▌[38;2;175;156;126;48;2;212;188;155m▞[38;2;181;162;130;48;2;207;187;155m▘[38;2;205;184;152;48;2;209;188;156m▛[38;2;198;180;150;48;2;124;116;94m▛[38;2;100;97;80;48;2;90;85;69m▞[38;2;138;106;71;48;2;158;119;76m▘[38;2;81;94;97;48;2;76;97;114m▌[38;2;78;97;114;48;2;71;84;93m▌[38;2;80;79;68;48;2;94;90;73m▌[38;2;100;95;78;48;2;92;86;70m▌[38;2;92;87;71;48;2;96;90;75m▌[38;2;93;88;72;48;2;91;86;71m▖[38;2;87;83;68;48;2;95;89;72m▘[38;2;93;87;70;48;2;95;89;72m▛[38;2;98;92;73;48;2;104;97;78m▘[38;2;104;98;78;48;2;99;93;75m▖[38;2;95;89;71;48;2;111;104;84m▖[38;2;102;95;76;48;2;115;108;86m▝[38;2;104;98;78;48;2;114;106;84m▀[38;2;100;92;73;48;2;103;96;76m▛[38;2;105;98;77;48;2;111;103;82m▌[38;2;114;106;83;48;2;166;152;123m▛[38;2;217;197;165;48;2;210;188;155m▖[38;2;209;185;150;48;2;212;191;159m▀[38;2;187;164;127;48;2;198;178;142m▖[38;2;207;186;152;48;2;177;148;109m▛[38;2;213;193;160;48;2;200;176;140m▝[38;2;164;127;82;48;2;179;157;122m▖[38;2;206;193;162;48;2;186;183;158m▝[38;2;193;177;145;48;2;210;199;170m▝[38;2;196;176;143;48;2;213;202;173m▀[38;2;198;179;145;48;2;207;194;162m▀[38;2;199;177;142;48;2;187;167;133m▛[38;2;210;190;159;48;2;194;172;139m▀[38;2;209;192;161;48;2;195;174;140m▀[38;2;190;170;137;48;2;217;199;168m▖[38;2;190;173;142;48;2;86;81;62m▛[38;2;119;131;121;48;2;181;180;156m▖[38;2;161;139;106;48;2;59;63;59m▀[38;2;128;111;87;48;2;41;50;56m▀[38;2;125;117;100;48;2;39;49;56m▀[38;2;116;108;92;48;2;54;62;68m▘[38;2;56;70;84;48;2;52;63;75m▝[38;2;55;71;87;48;2;52;66;76m▀[38;2;56;73;91;48;2;50;64;78m▀[38;2;59;77;98;48;2;55;71;87m▀[38;2;57;76;99;48;2;56;73;89m▀[38;2;58;78;103;48;2;57;74;94m▀[38;2;56;77;105;48;2;56;75;98m▀[38;2;56;78;107;48;2;54;74;100m▀[38;2;57;79;109;48;2;55;76;103m▀[38;2;57;79;106;48;2;59;82;111m▖[38;2;59;81;110;48;2;57;79;108m▞[38;2;57;79;107;48;2;56;77;104m▛[38;2;53;74;101;48;2;59;79;105m▖[38;2;65;85;107;48;2;179;183;175m▌[0m
   [38;2;175;185;168;48;2;134;152;143m▌[38;2;144;161;152;48;2;147;164;154m▖[38;2;147;163;153;48;2;152;170;161m▌[38;2;200;175;142;48;2;125;127;111m▝[38;2;213;192;159;48;2;203;184;153m▌[38;2;209;188;155;48;2;175;158;129m▛[38;2;143;132;107;48;2;99;94;75m▘[38;2;115;96;70;48;2;174;124;75m▛[38;2;188;136;81;48;2;116;97;72m▌[38;2;73;92;109;48;2;85;97;100m▌[38;2;99;108;103;48;2;68;76;78m▀[38;2;90;90;76;48;2;90;84;69m▌[38;2;92;87;72;48;2;90;84;69m▘[38;2;95;90;72;48;2;102;95;77m▌[38;2;101;94;77;48;2;96;90;73m▖[38;2;102;96;77;48;2;106;100;81m▝[38;2;97;91;73;48;2;101;95;78m▀[38;2;100;94;75;48;2;96;90;72m▛[38;2;96;90;72;48;2;106;99;80m▞[38;2;107;100;80;48;2;98;92;74m▝[38;2;109;103;82;48;2;97;90;72m▝[38;2;101;94;74;48;2;105;97;76m▘[38;2;104;97;77;48;2;101;93;74m▖[38;2;100;92;73;48;2;126;116;91m▌[38;2;98;89;68;48;2;148;135;107m▘[38;2;216;195;162;48;2;207;186;153m▘[38;2;207;185;153;48;2;187;167;134m▛[38;2;211;190;157;48;2;196;174;140m▞[38;2;190;171;137;48;2;212;194;161m▌[38;2;192;181;151;48;2;144;141;120m▌[38;2;168;133;91;48;2;187;165;128m▌[38;2;181;181;158;48;2;195;179;142m▀[38;2;166;166;144;48;2;200;192;161m▘[38;2;147;152;133;48;2;203;194;165m▖[38;2;217;207;176;48;2;192;185;155m▘[38;2;211;201;169;48;2;200;190;160m▞[38;2;203;191;159;48;2;206;197;166m▀[38;2;182;169;139;48;2;88;82;64m▛[38;2;153;135;108;48;2;88;83;67m▀[38;2;81;76;62;48;2;49;48;41m▌[38;2;68;70;64;48;2;39;40;39m▀[38;2;47;51;52;48;2;39;43;43m▝[38;2;47;51;52;48;2;42;46;45m▀[38;2;47;52;54;48;2;42;46;46m▀[38;2;48;55;58;48;2;44;49;50m▀[38;2;47;56;62;48;2;46;51;54m▀[38;2;51;61;69;48;2;49;56;61m▀[38;2;48;56;62;48;2;51;61;69m▖[38;2;55;69;82;48;2;52;63;72m▝[38;2;54;69;82;48;2;53;65;75m▀[38;2;52;66;78;48;2;54;70;86m▖[38;2;56;73;91;48;2;53;69;86m▀[38;2;54;73;95;48;2;54;71;89m▀[38;2;55;74;99;48;2;56;74;95m▀[38;2;58;79;105;48;2;55;74;98m▝[38;2;55;74;97;48;2;58;78;102m▖[38;2;54;75;104;48;2;53;72;97m▀[38;2;55;75;102;48;2;58;78;102m▌[38;2;66;86;108;48;2;183;187;178m▌[0m
   [38;2;173;183;167;48;2;135;152;141m▌[38;2;143;159;149;48;2;146;163;153m▌[38;2;146;163;153;48;2;147;164;154m▛[38;2;117;128;118;48;2;155;171;161m▝[38;2;218;195;160;48;2;135;124;102m▝[38;2;202;183;152;48;2;123;115;92m▌[38;2;125;107;79;48;2;183;135;85m▛[38;2;184;134;83;48;2;192;143;90m▞[38;2;185;135;82;48;2;94;90;82m▌[38;2;83;102;117;48;2;60;69;77m▛[38;2;66;78;85;48;2;110;103;85m▘[38;2;94;89;74;48;2;97;92;76m▝[38;2;91;85;70;48;2;93;87;73m▝[38;2;97;92;74;48;2;93;88;72m▝[38;2;94;88;72;48;2;89;84;68m▀[38;2;87;82;67;48;2;97;91;73m▖[38;2;96;90;73;48;2;88;82;66m▛[38;2;97;91;73;48;2;92;86;69m▛[38;2;101;95;76;48;2;92;86;68m▝[38;2;101;94;75;48;2;93;87;70m▖[38;2;103;96;77;48;2;97;90;71m▌[38;2;96;90;71;48;2;102;95;75m▌[38;2;105;97;76;48;2;117;108;84m▞[38;2;135;122;94;48;2;177;159;126m▛[38;2;210;189;155;48;2;199;179;146m▞[38;2;208;186;153;48;2;211;189;157m▛[38;2;198;175;142;48;2;183;162;129m▌[38;2;188;168;132;48;2;199;178;143m▖[38;2;205;189;157;48;2;191;172;139m▝[38;2;187;178;148;48;2;209;194;160m▛[38;2;172;169;144;48;2;188;184;157m▛[38;2;190;167;132;48;2;186;182;156m▀[38;2;181;170;139;48;2;200;185;153m▞[38;2;179;167;136;48;2;195;180;147m▛[38;2;177;160;126;48;2;140;134;110m▖[38;2;157;153;129;48;2;92;88;72m▀[38;2;164;161;139;48;2;88;82;65m▀[38;2;113;107;87;48;2;87;82;66m▘[38;2;100;94;77;48;2;86;81;67m▘[38;2;55;54;46;48;2;45;44;39m▌[38;2;42;43;39;48;2;41;42;39m▛[38;2;42;44;42;48;2;39;41;39m▝[38;2;42;45;43;48;2;40;42;40m▀[38;2;40;43;42;48;2;41;43;40m▀[38;2;42;46;46;48;2;41;44;43m▝[38;2;46;50;52;48;2;42;45;44m▝[38;2;47;51;53;48;2;43;47;47m▀[38;2;45;52;56;48;2;45;50;52m▀[38;2;47;55;61;48;2;45;51;54m▀[38;2;50;59;67;48;2;47;56;61m▀[38;2;49;58;65;48;2;51;61;71m▖[38;2;53;67;80;48;2;52;62;72m▀[38;2;55;70;85;48;2;52;65;78m▀[38;2;54;71;89;48;2;53;68;83m▀[38;2;55;72;90;48;2;54;69;85m▀[38;2;55;72;92;48;2;54;68;86m▀[38;2;52;69;89;48;2;53;71;92m▞[38;2;60;77;100;48;2;54;72;93m▝[38;2;66;85;106;48;2;186;189;179m▌[0m
   [38;2;167;176;160;48;2;136;152;141m▌[38;2;146;162;152;48;2;144;161;150m▛[38;2;147;163;153;48;2;145;162;152m▛[38;2;145;161;151;48;2;142;159;149m▞[38;2;92;96;84;48;2;152;168;156m▝[38;2;122;113;90;48;2;83;81;68m▀[38;2;156;123;82;48;2;193;148;95m▘[38;2;189;142;91;48;2;195;152;102m▘[38;2;142;105;65;48;2;175;135;88m▝[38;2;133;103;66;48;2;152;126;87m▀[38;2;144;118;81;48;2;111;96;70m▌[38;2;104;97;79;48;2;98;87;66m▀[38;2;106;98;79;48;2;96;91;75m▖[38;2;93;87;71;48;2;102;96;78m▛[38;2;96;91;74;48;2;105;98;79m▀[38;2;97;91;74;48;2;109;102;83m▀[38;2;100;94;76;48;2;104;97;78m▛[38;2;104;97;78;48;2;93;86;69m▛[38;2;97;89;71;48;2;100;93;73m▘[38;2;91;84;67;48;2;106;98;78m▀[38;2;90;85;68;48;2;112;102;80m▀[38;2;109;100;79;48;2;184;165;133m▀[38;2;96;89;69;48;2;185;165;134m▘[38;2;185;166;133;48;2;150;133;103m▛[38;2;218;196;164;48;2;185;163;129m▌[38;2;184;166;134;48;2;209;190;158m▖[38;2;168;150;119;48;2;204;182;149m▝[38;2;169;151;118;48;2;197;179;147m▌[38;2;216;196;163;48;2;200;179;146m▖[38;2;203;185;152;48;2;184;166;133m▞[38;2;211;196;164;48;2;196;180;148m▀[38;2;202;189;159;48;2;204;189;157m▝[38;2;199;189;159;48;2;208;192;160m▀[38;2;181;176;148;48;2;208;192;159m▀[38;2;183;180;153;48;2;214;199;164m▀[38;2;151;143;119;48;2;91;85;67m▌[38;2;95;89;71;48;2;89;83;67m▀[38;2;87;82;67;48;2;80;73;59m▛[38;2;81;75;60;48;2;86;80;65m▖[38;2;79;73;58;48;2;52;51;44m▖[38;2;40;41;36;48;2;36;37;33m▛[38;2;37;37;35;48;2;39;40;38m▖[38;2;39;40;37;48;2;38;38;36m▌[38;2;39;39;37;48;2;40;39;38m▛[38;2;41;42;41;48;2;38;39;37m▀[38;2;41;44;42;48;2;40;41;39m▀[38;2;41;43;42;48;2;40;42;41m▛[38;2;44;48;48;48;2;41;44;43m▀[38;2;44;48;48;48;2;41;45;43m▀[38;2;46;52;54;48;2;44;48;48m▀[38;2;49;56;61;48;2;46;51;53m▀[38;2;51;60;66;48;2;49;55;59m▀[38;2;51;61;71;48;2;50;58;65m▀[38;2;54;66;78;48;2;52;62;70m▀[38;2;54;68;80;48;2;51;61;71m▀[38;2;52;65;81;48;2;51;62;73m▀[38;2;52;67;84;48;2;52;65;78m▀[38;2;51;67;83;48;2;59;76;94m▖[38;2;72;90;105;48;2;194;196;184m▌[0m
   [38;2;161;174;158;48;2;134;152;142m▌[38;2;147;164;155;48;2;142;160;151m▖[38;2;143;161;151;48;2;144;162;154m▖[38;2;143;162;154;48;2;145;163;155m▌[38;2;150;166;156;48;2;149;166;155m▞[38;2;85;92;84;48;2;152;169;159m▝[38;2;189;142;87;48;2;97;88;69m▝[38;2;197;166;121;48;2;184;147;98m▀[38;2;161;130;89;48;2;128;110;82m▛[38;2;163;135;95;48;2;183;152;106m▛[38;2;136;116;82;48;2;104;91;69m▌[38;2;108;92;67;48;2;98;85;63m▖[38;2;114;103;80;48;2;101;94;75m▘[38;2;101;94;76;48;2;93;87;70m▝[38;2;98;91;73;48;2;112;105;84m▖[38;2;107;101;82;48;2;106;99;79m▝[38;2;105;99;80;48;2;99;92;73m▘[38;2;101;93;75;48;2;95;88;70m▘[38;2;104;96;77;48;2;86;81;65m▀[38;2;119;109;87;48;2;105;96;77m▞[38;2;185;165;133;48;2;206;184;152m▌[38;2;214;192;159;48;2;209;188;156m▀[38;2;216;194;161;48;2;210;187;155m▘[38;2;178;158;129;48;2;212;189;157m▝[38;2;172;154;124;48;2;201;180;148m▘[38;2;196;175;143;48;2;157;136;105m▛[38;2;205;185;152;48;2;103;89;67m▀[38;2;196;175;142;48;2;117;107;86m▀[38;2;214;196;164;48;2;128;118;96m▀[38;2;192;177;147;48;2;210;190;158m▖[38;2;203;182;150;48;2;216;199;167m▀[38;2;198;177;144;48;2;219;201;169m▀[38;2;197;176;144;48;2;215;196;165m▀[38;2;194;175;141;48;2;215;193;159m▀[38;2;156;142;114;48;2;91;84;67m▀[38;2;93;87;69;48;2;82;78;64m▘[38;2;81;77;63;48;2;87;83;69m▛[38;2;83;72;56;48;2;89;83;67m▝[38;2;101;82;58;48;2;137;105;70m▛[38;2;144;108;71;48;2;122;96;67m▖[38;2;67;67;57;48;2;97;88;69m▝[38;2;39;39;35;48;2;83;80;65m▀[38;2;38;38;35;48;2;39;40;36m▀[38;2;38;38;36;48;2;41;41;39m▀[38;2;37;37;35;48;2;39;39;37m▝[38;2;40;41;38;48;2;38;38;36m▝[38;2;39;41;38;48;2;39;40;38m▞[38;2;39;41;39;48;2;40;43;41m▌[38;2;40;42;40;48;2;41;43;41m▘[38;2;43;45;43;48;2;40;42;40m▀[38;2;42;46;46;48;2;42;44;43m▀[38;2;45;50;51;48;2;42;45;45m▀[38;2;47;52;55;48;2;45;49;49m▀[38;2;49;57;62;48;2;48;53;55m▀[38;2;50;59;66;48;2;49;56;59m▀[38;2;50;59;67;48;2;47;55;61m▀[38;2;50;61;70;48;2;47;55;62m▀[38;2;56;70;83;48;2;51;62;72m▝[38;2;67;81;92;48;2;199;199;184m▌[0m
   [38;2;160;172;156;48;2;129;148;137m▌[38;2;143;160;151;48;2;142;161;152m▌[38;2;139;158;149;48;2;144;162;153m▌[38;2;140;159;150;48;2;144;162;153m▌[38;2;152;168;157;48;2;149;165;155m▝[38;2;147;164;154;48;2;154;169;159m▌[38;2;124;140;133;48;2;160;175;164m▝[38;2;150;166;157;48;2;96;90;72m▖[38;2;71;60;44;48;2;131;103;69m▖[38;2;176;131;79;48;2;191;153;103m▘[38;2;116;95;66;48;2;147;120;83m▝[38;2;168;138;97;48;2;128;110;80m▖[38;2;120;100;70;48;2;94;86;67m▖[38;2;88;85;71;48;2;97;91;74m▖[38;2;114;106;86;48;2;99;92;74m▖[38;2;100;93;74;48;2;113;104;84m▀[38;2;101;93;74;48;2;116;106;84m▀[38;2;95;87;69;48;2;140;126;101m▀[38;2;216;198;167;48;2;128;115;91m▖[38;2;149;134;107;48;2;201;178;146m▘[38;2;205;182;150;48;2;209;188;156m▌[38;2;212;191;159;48;2;209;188;156m▖[38;2;209;187;155;48;2;198;177;145m▛[38;2;212;190;158;48;2;194;169;135m▀[38;2;203;179;146;48;2;145;122;89m▛[38;2;156;128;91;48;2;116;97;69m▘[38;2;84;77;61;48;2;87;85;70m▀[38;2;80;76;62;48;2;89;83;67m▀[38;2;77;72;60;48;2;83;79;65m▀[38;2;102;94;77;48;2;81;77;63m▝[38;2;123;114;94;48;2;82;77;63m▀[38;2;154;142;117;48;2;78;73;59m▀[38;2;187;172;144;48;2;87;80;65m▀[38;2;177;163;135;48;2;78;74;59m▀[38;2;85;79;64;48;2;96;89;72m▛[38;2;77;73;60;48;2;90;85;69m▘[38;2;101;92;73;48;2;179;165;135m▛[38;2;100;84;60;48;2;154;136;105m▀[38;2;141;110;74;48;2;109;87;61m▖[38;2;80;79;66;48;2;102;95;75m▝[38;2;101;97;80;48;2;54;53;46m▖[38;2;80;77;63;48;2;33;34;30m▀[38;2;47;47;40;48;2;37;38;34m▘[38;2;39;41;38;48;2;37;37;35m▀[38;2;38;40;38;48;2;38;39;36m▀[38;2;37;38;35;48;2;39;39;37m▌[38;2;38;38;36;48;2;39;39;37m▝[38;2;39;39;37;48;2;39;40;38m▌[38;2;38;41;39;48;2;38;39;37m▘[38;2;39;40;39;48;2;38;39;37m▝[38;2;40;42;41;48;2;38;39;38m▀[38;2;41;43;42;48;2;40;41;40m▀[38;2;42;45;43;48;2;40;42;40m▀[38;2;44;48;48;48;2;42;44;42m▀[38;2;46;50;52;48;2;42;46;46m▀[38;2;45;51;55;48;2;44;48;50m▀[38;2;44;50;55;48;2;44;49;51m▀[38;2;48;55;61;48;2;45;51;53m▀[38;2;63;71;74;48;2;197;197;177m▌[0m
   [38;2;156;168;152;48;2;129;147;136m▌[38;2;134;152;142;48;2;141;159;149m▖[38;2;138;157;147;48;2;140;158;148m▌[38;2;144;161;151;48;2;146;163;153m▀[38;2;150;166;156;48;2;155;170;159m▌[38;2;152;167;157;48;2;154;170;159m▘[38;2;160;174;163;48;2;155;170;160m▌[38;2;161;176;164;48;2;151;167;156m▀[38;2;65;65;56;48;2;139;154;145m▝[38;2;187;150;102;48;2;92;87;71m▝[38;2;99;83;59;48;2;173;141;98m▖[38;2;182;140;90;48;2;188;148;100m▘[38;2;145;116;77;48;2;103;98;80m▌[38;2;138;151;141;48;2;122;122;106m▖[38;2;178;158;127;48;2;207;183;151m▀[38;2;166;149;120;48;2;209;187;155m▀[38;2;174;155;127;48;2;211;187;154m▀[38;2;203;181;149;48;2;214;193;161m▌[38;2;203;187;158;48;2;173;152;122m▘[38;2;209;188;155;48;2;205;183;150m▌[38;2;205;186;154;48;2;177;155;120m▛[38;2;189;164;131;48;2;203;176;141m▛[38;2;189;162;128;48;2;207;179;144m▀[38;2;168;136;97;48;2;102;95;75m▛[38;2;119;99;70;48;2;96;88;69m▘[38;2;90;85;69;48;2;113;88;61m▀[38;2;88;78;60;48;2;132;99;65m▀[38;2;82;77;63;48;2;86;82;70m▀[38;2;80;76;64;48;2;81;77;64m▘[38;2;83;78;66;48;2;80;75;63m▌[38;2;83;78;64;48;2;75;71;60m▘[38;2;77;73;61;48;2;82;77;65m▛[38;2;78;75;62;48;2;80;76;64m▝[38;2;87;82;68;48;2;95;89;73m▛[38;2;95;89;73;48;2;85;78;63m▘[38;2;93;84;68;48;2;78;74;61m▝[38;2;157;140;113;48;2;92;80;61m▝[38;2;135;109;80;48;2;193;178;148m▖[38;2;175;153;120;48;2;194;180;149m▝[38;2;139;119;88;48;2;206;183;150m▀[38;2;95;85;65;48;2;167;137;102m▀[38;2;52;54;46;48;2;116;97;71m▀[38;2;35;35;32;48;2;64;65;55m▀[38;2;36;37;33;48;2;37;39;35m▀[38;2;38;38;35;48;2;36;37;33m▀[38;2;38;39;35;48;2;36;37;34m▀[38;2;37;37;35;48;2;36;36;34m▀[38;2;38;38;36;48;2;37;37;34m▀[38;2;38;39;37;48;2;37;37;34m▝[38;2;38;39;36;48;2;38;39;37m▝[38;2;39;39;37;48;2;38;38;36m▝[38;2;38;39;37;48;2;40;40;38m▌[38;2;40;40;39;48;2;41;42;40m▌[38;2;40;43;40;48;2;38;40;38m▀[38;2;41;44;43;48;2;39;41;40m▀[38;2;40;44;45;48;2;40;43;42m▝[38;2;41;46;47;48;2;39;43;42m▀[38;2;45;49;50;48;2;40;43;44m▘[38;2;65;69;67;48;2;203;202;181m▌[0m
   [38;2;156;167;151;48;2;132;149;137m▌[38;2;136;154;145;48;2;142;159;151m▌[38;2;139;157;149;48;2;143;160;151m▀[38;2;142;160;152;48;2;146;162;152m▌[38;2;161;174;161;48;2;154;169;157m▝[38;2;155;169;159;48;2;159;173;161m▖[38;2;154;169;159;48;2;156;171;161m▀[38;2;152;167;157;48;2;152;168;158m▝[38;2;158;172;161;48;2;154;168;158m▞[38;2;138;152;144;48;2;164;177;166m▝[38;2;69;68;58;48;2;139;154;146m▀[38;2;160;128;86;48;2;65;63;53m▀[38;2;95;79;56;48;2;119;114;93m▖[38;2;123;127;112;48;2;159;173;162m▝[38;2;167;148;120;48;2;214;192;160m▌[38;2;206;185;154;48;2;206;183;152m▀[38;2;204;181;149;48;2;205;183;150m▘[38;2;207;185;152;48;2;206;184;152m▖[38;2;170;147;113;48;2;206;181;148m▌[38;2;206;185;152;48;2;186;166;135m▛[38;2;169;148;116;48;2;208;184;150m▌[38;2;204;179;145;48;2;203;173;136m▌[38;2;206;180;146;48;2;132;120;94m▘[38;2;114;102;80;48;2;160;115;71m▛[38;2;125;100;69;48;2;168;120;74m▘[38;2;158;113;69;48;2;180;123;72m▀[38;2;148;109;71;48;2;78;75;61m▛[38;2;86;82;67;48;2;79;76;64m▘[38;2;75;72;61;48;2;85;78;63m▞[38;2;137;110;77;48;2;89;80;65m▖[38;2;87;79;62;48;2;97;88;69m▌[38;2;92;85;69;48;2;110;98;78m▌[38;2;77;74;62;48;2;119;94;66m▀[38;2;90;81;64;48;2;133;101;67m▀[38;2;88;73;54;48;2;131;96;63m▀[38;2;96;79;59;48;2;163;118;76m▀[38;2;119;92;63;48;2;175;125;80m▀[38;2;143;103;66;48;2;183;131;84m▀[38;2;178;145;106;48;2;175;126;81m▝[38;2;194;169;137;48;2;176;136;95m▀[38;2;209;186;154;48;2;177;152;118m▀[38;2;147;127;98;48;2;201;175;141m▝[38;2;126;99;69;48;2;186;155;117m▀[38;2;126;97;68;48;2;44;42;36m▌[38;2;35;36;31;48;2;36;37;34m▘[38;2;38;38;35;48;2;35;36;33m▛[38;2;36;36;33;48;2;38;38;35m▖[38;2;38;39;34;48;2;37;38;34m▌[38;2;38;38;36;48;2;39;39;35m▀[38;2;38;38;35;48;2;39;39;37m▌[38;2;39;39;37;48;2;38;38;35m▛[38;2;40;40;38;48;2;41;41;39m▖[38;2;40;40;38;48;2;41;41;38m▝[38;2;40;41;38;48;2;41;41;39m▝[38;2;40;40;39;48;2;41;41;39m▀[38;2;42;43;43;48;2;39;41;40m▝[38;2;45;47;46;48;2;41;43;42m▌[38;2;41;44;44;48;2;47;51;53m▀[38;2;67;69;65;48;2;204;202;182m▌[0m
   [38;2;150;162;148;48;2;129;147;137m▌[38;2;136;154;146;48;2;140;158;149m▘[38;2;143;160;150;48;2;139;156;148m▀[38;2;145;162;152;48;2;140;158;149m▀[38;2;144;161;151;48;2;148;164;154m▌[38;2;154;169;159;48;2;147;163;153m▝[38;2;153;169;160;48;2;149;165;156m▞[38;2;157;172;161;48;2;151;167;157m▘[38;2;151;166;156;48;2;154;168;158m▖[38;2;155;170;161;48;2;158;172;162m▖[38;2;158;173;163;48;2;150;166;156m▞[38;2;116;130;125;48;2;152;168;159m▝[38;2;56;58;52;48;2;131;145;136m▀[38;2;167;177;165;48;2;71;74;66m▝[38;2;80;82;74;48;2;161;148;123m▖[38;2;204;182;151;48;2;217;191;159m▀[38;2;207;182;150;48;2;203;180;148m▖[38;2;205;183;152;48;2;210;187;154m▌[38;2;186;163;130;48;2;169;147;116m▛[38;2;199;178;145;48;2;210;187;154m▀[38;2;213;193;162;48;2;207;185;153m▘[38;2;205;184;152;48;2;158;145;116m▛[38;2;122;110;85;48;2;165;125;83m▛[38;2;194;146;96;48;2;187;138;90m▖[38;2;194;149;101;48;2;185;138;90m▖[38;2;167;122;79;48;2;99;88;69m▀[38;2;106;95;73;48;2;83;81;72m▌[38;2;134;104;73;48;2;86;86;84m▝[38;2;141;112;89;48;2;167;121;77m▖[38;2;111;92;66;48;2;159;117;78m▀[38;2;111;89;64;48;2;186;135;89m▀[38;2;153;108;66;48;2;180;129;82m▘[38;2;201;150;102;48;2;178;129;83m▖[38;2;184;143;103;48;2;173;124;79m▖[38;2;179;127;79;48;2;156;114;75m▘[38;2;162;111;67;48;2;91;95;100m▀[38;2;164;118;78;48;2;85;93;101m▀[38;2;114;103;92;48;2;156;111;71m▖[38;2;159;112;70;48;2;141;99;61m▛[38;2;143;100;62;48;2;170;119;74m▖[38;2;172;135;97;48;2;178;127;79m▝[38;2;190;164;132;48;2;182;138;94m▀[38;2;193;169;137;48;2;202;180;148m▖[38;2;149;133;108;48;2;201;180;147m▝[38;2;90;80;63;48;2;192;170;137m▀[38;2;114;94;69;48;2;65;62;51m▖[38;2;40;40;36;48;2;68;67;56m▀[38;2;49;49;42;48;2;38;38;35m▖[38;2;39;39;35;48;2;39;39;36m▝[38;2;38;38;36;48;2;39;39;37m▝[38;2;37;37;36;48;2;39;39;37m▀[38;2;38;38;36;48;2;39;39;37m▌[38;2;39;39;35;48;2;39;40;37m▝[38;2;39;40;40;48;2;37;39;36m▝[38;2;40;41;39;48;2;38;39;37m▀[38;2;40;41;40;48;2;38;38;36m▀[38;2;41;42;41;48;2;38;39;38m▝[38;2;44;46;45;48;2;50;57;62m▌[38;2;87;91;87;48;2;215;212;191m▌[0m
   [38;2;149;161;147;48;2;131;148;138m▌[38;2;137;155;147;48;2;132;152;145m▌[38;2;137;156;150;48;2;134;153;147m▌[38;2;136;155;148;48;2;140;158;151m▌[38;2;145;163;155;48;2;143;160;152m▝[38;2;142;160;152;48;2;145;162;154m▀[38;2;150;166;156;48;2;144;160;151m▌[38;2;143;160;151;48;2;152;168;159m▌[38;2;155;169;158;48;2;148;164;154m▖[38;2;150;166;155;48;2;153;168;158m▖[38;2;149;165;155;48;2;157;172;161m▀[38;2;151;167;157;48;2;145;162;153m▖[38;2;151;168;159;48;2;145;161;152m▞[38;2;116;127;119;48;2;148;164;155m▝[38;2;57;58;52;48;2;148;161;151m▀[38;2;144;127;104;48;2;71;72;63m▝[38;2;208;183;151;48;2;74;66;53m▀[38;2;155;135;110;48;2;206;181;149m▖[38;2;196;174;142;48;2;218;192;159m▀[38;2;208;183;150;48;2;204;178;145m▌[38;2;203;179;146;48;2;210;186;153m▌[38;2;183;165;135;48;2;142;127;96m▌[38;2;175;142;103;48;2;189;144;95m▘[38;2;192;148;99;48;2;180;132;81m▝[38;2;185;146;100;48;2;109;98;75m▘[38;2;123;115;92;48;2;101;100;88m▞[38;2;94;100;98;48;2;86;107;125m▘[38;2;69;92;117;48;2;117;130;134m▞[38;2;190;138;88;48;2;117;112;108m▝[38;2;196;142;91;48;2;175;134;94m▀[38;2;196;153;108;48;2;184;139;93m▞[38;2;177;131;84;48;2;125;109;83m▀[38;2;112;100;78;48;2;135;112;82m▖[38;2;145;119;86;48;2;104;96;77m▀[38;2;141;116;85;48;2;73;80;78m▀[38;2;74;81;84;48;2;79;96;107m▀[38;2;85;94;94;48;2;88;109;121m▀[38;2;73;81;86;48;2;79;99;115m▀[38;2;102;103;96;48;2;89;111;124m▀[38;2;77;81;85;48;2;146;142;131m▀[38;2;98;91;83;48;2;163;152;133m▀[38;2;125;105;82;48;2;150;111;73m▌[38;2;181;155;121;48;2;163;120;77m▝[38;2;158;127;91;48;2;188;164;133m▖[38;2;206;186;154;48;2;202;177;145m▀[38;2;144;123;96;48;2;203;182;149m▝[38;2;186;166;133;48;2;89;79;61m▖[38;2;69;66;55;48;2;35;36;32m▀[38;2;30;31;30;48;2;38;38;36m▖[38;2;37;37;35;48;2;38;38;35m▌[38;2;38;38;35;48;2;36;37;34m▖[38;2;36;36;34;48;2;37;38;35m▞[38;2;38;38;34;48;2;37;37;34m▝[38;2;37;37;33;48;2;36;37;34m▘[38;2;38;38;36;48;2;37;37;36m▌[38;2;37;37;35;48;2;39;40;38m▛[38;2;38;38;38;48;2;35;35;34m▖[38;2;39;43;44;48;2;37;39;39m▀[38;2;81;83;76;48;2;220;218;197m▌[0m
   [38;2;142;156;141;48;2;128;146;136m▌[38;2;141;158;150;48;2;139;155;147m▝[38;2;136;153;146;48;2;140;156;148m▌[38;2;137;154;145;48;2;141;157;147m▖[38;2;142;159;149;48;2;138;155;146m▀[38;2;143;159;150;48;2;146;162;152m▌[38;2;146;160;150;48;2;148;163;154m▖[38;2;147;162;152;48;2;149;164;155m▘[38;2;152;167;156;48;2;156;169;157m▝[38;2;149;165;155;48;2;150;166;156m▝[38;2;150;166;156;48;2;156;170;159m▌[38;2;156;170;160;48;2;148;165;155m▖[38;2;147;162;152;48;2;152;167;157m▀[38;2;149;165;155;48;2;155;170;160m▀[38;2;161;175;164;48;2;151;166;156m▝[38;2;164;179;168;48;2;153;167;157m▘[38;2;95;103;96;48;2;161;176;166m▀[38;2;47;45;39;48;2;127;138;128m▀[38;2;142;125;100;48;2;67;65;57m▝[38;2;195;171;137;48;2;56;50;40m▀[38;2;124;109;88;48;2;202;179;147m▖[38;2;170;155;125;48;2;167;138;99m▘[38;2;206;169;121;48;2;193;156;108m▖[38;2;195;162;116;48;2;141;121;87m▌[38;2;118;111;89;48;2;128;119;94m▛[38;2;115;111;93;48;2;86;102;115m▌[38;2;97;117;130;48;2;86;103;119m▀[38;2;118;133;136;48;2;100;117;128m▞[38;2;77;105;130;48;2;106;118;124m▝[38;2;105;104;104;48;2;164;132;93m▌[38;2;171;143;104;48;2;115;107;85m▘[38;2;137;130;104;48;2;114;109;87m▝[38;2;115;108;86;48;2;140;122;92m▞[38;2;137;121;93;48;2;176;132;86m▀[38;2;78;92;104;48;2;146;122;91m▝[38;2;86;106;115;48;2;97;90;75m▀[38;2;76;84;85;48;2;85;99;105m▞[38;2;96;111;112;48;2;73;92;106m▝[38;2;99;107;105;48;2;96;116;126m▝[38;2;110;111;103;48;2;202;177;142m▖[38;2;208;181;145;48;2;192;165;132m▀[38;2;204;180;146;48;2;177;153;121m▀[38;2;187;161;127;48;2;208;189;159m▀[38;2;162;136;103;48;2;202;178;145m▀[38;2;186;161;128;48;2;190;168;135m▀[38;2;188;166;134;48;2;163;141;109m▛[38;2;207;189;156;48;2;194;172;139m▘[38;2;116;106;87;48;2;210;191;158m▀[38;2;204;185;152;48;2;64;60;50m▖[38;2;31;32;30;48;2;38;38;36m▖[38;2;39;39;37;48;2;37;38;34m▀[38;2;37;37;35;48;2;36;36;33m▛[38;2;40;41;38;48;2;36;37;34m▀[38;2;39;39;36;48;2;37;37;35m▀[38;2;41;41;39;48;2;38;38;36m▘[38;2;37;37;36;48;2;39;40;39m▌[38;2;39;39;38;48;2;40;41;40m▝[38;2;31;31;30;48;2;38;39;39m▝[38;2;84;84;75;48;2;221;218;197m▌[0m
   [38;2;145;158;144;48;2;136;152;142m▌[38;2;144;159;151;48;2;140;157;150m▌[38;2;138;155;149;48;2;142;158;150m▀[38;2;141;158;149;48;2;145;161;151m▀[38;2;143;159;150;48;2;147;162;154m▌[38;2;148;162;154;48;2;144;160;152m▖[38;2;143;159;151;48;2;150;164;155m▘[38;2;154;169;159;48;2;151;166;157m▖[38;2;149;164;154;48;2;153;166;156m▌[38;2;151;166;157;48;2;156;168;158m▀[38;2;155;169;159;48;2;159;172;162m▌[38;2;160;173;163;48;2;154;169;159m▌[38;2;149;165;155;48;2;152;168;158m▘[38;2;155;170;160;48;2;151;167;157m▝[38;2;156;170;160;48;2;151;166;156m▀[38;2;157;171;160;48;2;154;168;158m▌[38;2;157;170;160;48;2;153;166;155m▖[38;2;162;175;164;48;2;155;168;158m▀[38;2;155;167;155;48;2;165;177;165m▞[38;2;94;102;94;48;2;161;176;165m▀[38;2;38;39;34;48;2;130;144;135m▀[38;2;84;93;88;48;2;60;56;47m▖[38;2;141;113;77;48;2;36;37;33m▀[38;2;134;113;82;48;2;51;47;39m▀[38;2;124;117;94;48;2;89;84;69m▀[38;2;65;83;102;48;2;130;117;92m▝[38;2;65;83;106;48;2;161;135;101m▀[38;2;140;129;114;48;2;194;160;116m▘[38;2;203;177;136;48;2;177;143;101m▖[38;2;153;121;80;48;2;104;98;79m▘[38;2;116;109;87;48;2;126;120;96m▛[38;2;115;104;81;48;2;162;128;88m▛[38;2;178;144;103;48;2;160;126;86m▌[38;2;184;157;119;48;2;145;108;71m▖[38;2;137;106;72;48;2;167;135;95m▀[38;2;175;139;96;48;2;117;103;77m▀[38;2;96;86;71;48;2;138;112;78m▀[38;2;108;94;76;48;2;139;109;75m▘[38;2;90;92;92;48;2;142;113;77m▀[38;2;87;86;81;48;2;176;143;102m▘[38;2;154;132;103;48;2;189;165;133m▞[38;2;208;185;153;48;2;199;177;146m▖[38;2;202;181;149;48;2;202;177;144m▀[38;2;199;173;139;48;2;201;178;146m▀[38;2;205;184;152;48;2;199;174;141m▀[38;2;191;166;133;48;2;205;183;150m▞[38;2;174;153;120;48;2;199;175;141m▘[38;2;198;175;141;48;2;195;174;142m▖[38;2;206;184;149;48;2;102;91;71m▌[38;2;30;32;31;48;2;42;42;39m▌[38;2;38;38;36;48;2;40;40;38m▀[38;2;38;38;36;48;2;39;39;37m▀▘[38;2;38;38;37;48;2;39;40;39m▛[38;2;38;39;38;48;2;38;38;36m▌[38;2;39;39;37;48;2;36;37;35m▖[38;2;37;36;36;48;2;38;39;38m▖[38;2;45;50;55;48;2;42;45;46m▝[38;2;93;94;84;48;2;221;218;196m▌[0m
   [38;2;146;158;141;48;2;143;157;145m▌[38;2;145;158;148;48;2;142;157;148m▌[38;2;145;159;148;48;2;147;160;149m▘[38;2;146;159;149;48;2;138;154;144m▛[38;2;140;155;146;48;2;145;159;150m▌[38;2;148;162;151;48;2;143;158;149m▀[38;2;142;158;149;48;2;148;162;152m▖[38;2;153;167;157;48;2;150;163;152m▀[38;2;152;165;155;48;2;147;161;151m▀[38;2;153;166;156;48;2;147;162;153m▛[38;2;156;169;159;48;2;150;164;156m▀[38;2;150;165;156;48;2;155;170;160m▖[38;2;148;164;155;48;2;144;160;153m▛[38;2;149;165;156;48;2;144;161;154m▛[38;2;155;169;159;48;2;150;165;156m▝[38;2;157;171;160;48;2;151;166;157m▌[38;2;152;167;157;48;2;149;164;154m▀[38;2;149;164;154;48;2;151;167;157m▌[38;2;150;164;154;48;2;152;166;156m▀[38;2;148;162;153;48;2;150;164;154m▘[38;2;150;166;156;48;2;145;161;151m▀[38;2;154;171;161;48;2;144;160;151m▘[38;2;109;120;114;48;2;138;154;145m▝[38;2;72;79;74;48;2;147;164;156m▀[38;2;40;41;37;48;2;128;142;133m▀[38;2;51;43;32;48;2;89;98;92m▀[38;2;106;88;61;48;2;45;50;48m▀[38;2;154;128;92;48;2;36;35;31m▀[38;2;167;143;107;48;2;62;53;40m▀[38;2;138;123;95;48;2;98;82;60m▀[38;2;143;129;98;48;2;114;94;66m▀[38;2;98;89;70;48;2;149;125;90m▖[38;2;177;157;122;48;2;191;159;114m▘[38;2;158;134;98;48;2;168;140;100m▞[38;2;117;98;68;48;2;148;127;94m▞[38;2;115;108;85;48;2;153;122;84m▌[38;2;117;97;69;48;2;169;137;97m▝[38;2;126;107;78;48;2;188;166;134m▀[38;2;173;139;96;48;2;186;166;135m▀[38;2;163;136;102;48;2;190;168;137m▀[38;2;206;185;153;48;2;199;175;142m▀[38;2;191;165;131;48;2;197;175;143m▝[38;2;187;163;130;48;2;191;170;139m▘[38;2;203;182;151;48;2;176;151;118m▀[38;2;197;172;137;48;2;197;173;140m▛[38;2;197;172;139;48;2;194;168;134m▀[38;2;199;175;141;48;2;194;167;133m▀[38;2;195;171;137;48;2;200;180;148m▖[38;2;143;126;100;48;2;198;175;141m▝[38;2;92;83;67;48;2;36;37;35m▖[38;2;42;42;39;48;2;34;36;36m▀[38;2;41;41;38;48;2;36;36;35m▀[38;2;39;39;37;48;2;41;41;40m▞[38;2;39;39;36;48;2;41;41;40m▘[38;2;40;40;38;48;2;42;42;42m▛[38;2;38;38;36;48;2;40;40;39m▀[38;2;38;38;36;48;2;39;39;38m▝[38;2;41;43;43;48;2;33;34;34m▛[38;2;103;102;89;48;2;225;222;201m▌[0m
   [38;2;146;156;139;48;2;139;152;141m▌[38;2;147;160;150;48;2;145;158;148m▝[38;2;151;163;153;48;2;145;159;150m▘[38;2;147;161;152;48;2;141;155;145m▘[38;2;137;153;146;48;2;141;156;146m▘[38;2;146;160;151;48;2;145;158;149m▘[38;2;143;157;146;48;2;147;160;149m▘[38;2;148;161;151;48;2;153;164;153m▀[38;2;148;161;150;48;2;153;164;153m▛[38;2;154;166;155;48;2;149;161;151m▖[38;2;149;162;152;48;2;152;164;154m▞[38;2;151;164;155;48;2;152;167;157m▌[38;2;150;165;156;48;2;146;161;152m▀[38;2;150;165;156;48;2;150;166;158m▌[38;2;151;166;158;48;2;150;166;157m▘[38;2;155;169;160;48;2;152;166;156m▘[38;2;147;163;153;48;2;145;161;152m▀[38;2;145;160;151;48;2;147;163;155m▘[38;2;153;169;159;48;2;156;168;158m▌[38;2;152;165;155;48;2;147;161;151m▛[38;2;144;160;150;48;2;137;154;146m▛[38;2;143;159;150;48;2;141;157;150m▘[38;2;137;155;148;48;2;139;156;150m▀[38;2;139;156;150;48;2;135;154;147m▞[38;2;142;158;149;48;2;138;155;147m▀[38;2;152;167;156;48;2;137;152;143m▀[38;2;147;162;152;48;2;137;152;143m▘[38;2;107;120;114;48;2;142;159;152m▀[38;2;71;79;76;48;2;144;162;154m▀[38;2;38;43;41;48;2;136;151;143m▀[38;2;29;30;28;48;2;115;127;119m▀[38;2;38;34;27;48;2;87;95;89m▀[38;2;72;61;45;48;2;57;63;60m▀[38;2;98;86;65;48;2;38;41;38m▀[38;2;104;96;77;48;2;33;32;29m▀[38;2;137;108;72;48;2;41;36;29m▀[38;2;178;152;117;48;2;59;52;42m▀[38;2;208;183;149;48;2;83;71;57m▀[38;2;203;176;140;48;2;101;88;68m▀[38;2;205;175;138;48;2;132;112;88m▀[38;2;204;176;140;48;2;149;127;100m▀[38;2;207;181;147;48;2;161;136;106m▀[38;2;208;183;149;48;2;168;144;115m▀[38;2;186;159;126;48;2;174;149;119m▀[38;2;197;169;134;48;2;175;148;118m▀[38;2;199;172;138;48;2;178;152;121m▀[38;2;197;169;134;48;2;179;155;123m▀[38;2;196;170;136;48;2;177;152;121m▀[38;2;197;171;137;48;2;174;151;120m▀[38;2;173;151;119;48;2;131;105;72m▌[38;2;84;74;60;48;2;134;100;65m▀[38;2;57;55;49;48;2;98;92;75m▀[38;2;44;43;41;48;2;87;83;69m▀[38;2;62;61;53;48;2;39;41;39m▖[38;2;39;41;40;48;2;39;40;37m▀[38;2;38;39;38;48;2;36;36;33m▀[38;2;36;36;34;48;2;35;35;31m▀[38;2;40;40;36;48;2;32;32;29m▌[38;2;125;123;105;48;2;224;221;200m▌[0m
   [38;2;142;152;136;48;2;128;139;127m▘[38;2;137;149;138;48;2;128;138;130m▀[38;2;139;152;142;48;2;136;146;137m▀[38;2;140;152;141;48;2;138;147;136m▀[38;2;140;151;140;48;2;147;156;143m▛[38;2;137;149;138;48;2;144;154;142m▘[38;2;144;155;145;48;2;151;160;148m▛[38;2;148;160;150;48;2;151;161;148m▀[38;2;147;160;150;48;2;155;165;153m▘[38;2;148;161;151;48;2;155;165;152m▀[38;2;148;161;152;48;2;155;166;153m▀[38;2;150;163;152;48;2;158;170;158m▛[38;2;149;164;154;48;2;155;168;158m▀[38;2;147;163;153;48;2;152;165;153m▀[38;2;148;163;154;48;2;149;162;152m▀[38;2;150;164;154;48;2;152;166;155m▘[38;2;145;160;151;48;2;148;162;152m▀[38;2;142;158;150;48;2;148;161;151m▀[38;2;150;164;154;48;2;154;167;157m▛[38;2;147;160;149;48;2;153;165;154m▝[38;2;141;157;148;48;2;147;160;151m▀[38;2;145;160;154;48;2;143;158;149m▘[38;2;141;157;149;48;2;143;159;149m▝[38;2;139;156;147;48;2;138;154;145m▛[38;2;136;153;146;48;2;138;154;144m▀[38;2;138;154;144;48;2;142;156;146m▛[38;2;140;154;144;48;2;138;152;142m▝[38;2;136;150;141;48;2;139;153;144m▞[38;2;137;152;143;48;2;144;157;147m▌[38;2;143;156;145;48;2;147;159;148m▀[38;2;146;160;150;48;2;141;154;143m▛[38;2;146;161;152;48;2;141;154;144m▀[38;2;147;161;150;48;2;137;150;141m▀[38;2;133;146;137;48;2;143;156;147m▀[38;2;116;128;120;48;2;146;160;150m▀[38;2;95;104;98;48;2;150;164;154m▀[38;2;71;78;73;48;2;149;163;153m▀[38;2;53;58;55;48;2;144;159;148m▀[38;2;39;43;40;48;2;135;149;138m▀[38;2;31;33;30;48;2;130;142;132m▀[38;2;28;28;25;48;2;114;124;115m▀[38;2;27;26;22;48;2;106;114;105m▀[38;2;29;27;23;48;2;95;102;94m▀[38;2;34;31;26;48;2;80;87;80m▀[38;2;36;33;27;48;2;71;76;70m▀[38;2;39;35;30;48;2;63;67;62m▀[38;2;40;37;31;48;2;59;62;57m▀[38;2;40;36;31;48;2;58;62;56m▀[38;2;39;35;29;48;2;54;58;53m▀[38;2;36;34;29;48;2;56;59;53m▀[38;2;30;28;24;48;2;60;62;56m▀[38;2;32;30;26;48;2;64;66;60m▀[38;2;29;28;24;48;2;71;74;66m▀[38;2;29;29;25;48;2;78;82;74m▀[38;2;29;28;24;48;2;91;95;86m▀[38;2;30;29;25;48;2;99;103;94m▀[38;2;31;30;26;48;2;97;103;93m▀[38;2;33;32;29;48;2;105;110;97m▀[38;2;151;148;126;48;2;223;220;200m▌[0m
   [38;2;135;141;128;48;2;167;168;149m▀[38;2;132;141;130;48;2;163;165;149m▀[38;2;140;148;136;48;2;158;161;143m▀[38;2;139;148;137;48;2;155;159;142m▀[38;2;144;152;139;48;2;157;161;144m▀[38;2;149;157;143;48;2;160;163;146m▀[38;2;151;157;144;48;2;161;166;149m▀[38;2;150;157;143;48;2;165;169;152m▀[38;2;152;159;146;48;2;165;168;149m▀[38;2;151;161;147;48;2;159;165;145m▀[38;2;154;164;151;48;2;165;171;153m▀[38;2;153;164;150;48;2;164;170;152m▀[38;2;146;158;147;48;2;158;167;149m▀[38;2;144;159;149;48;2;158;166;150m▀[38;2;145;159;149;48;2;160;168;151m▀[38;2;146;161;151;48;2;162;170;154m▀[38;2;146;160;150;48;2;164;172;154m▀[38;2;148;161;149;48;2;163;170;153m▀[38;2;152;165;153;48;2;168;173;154m▀[38;2;150;163;151;48;2;164;170;151m▀[38;2;144;157;146;48;2;158;166;147m▀[38;2;140;156;145;48;2;158;166;149m▀[38;2;138;153;143;48;2;157;166;150m▀[38;2;141;156;147;48;2;160;169;153m▀[38;2;139;153;144;48;2;158;166;149m▀[38;2;137;151;141;48;2;158;165;147m▀[38;2;137;151;141;48;2;162;169;152m▀[38;2;135;149;139;48;2;164;170;154m▀[38;2;139;152;141;48;2;163;169;152m▀[38;2;141;153;141;48;2;163;169;151m▀[38;2;143;156;144;48;2;160;167;150m▀[38;2;140;154;144;48;2;156;163;147m▀[38;2;142;155;146;48;2;163;169;153m▀[38;2;136;150;140;48;2;160;167;151m▀[38;2;139;152;141;48;2;163;169;152m▀[38;2;140;153;141;48;2;169;174;155m▀[38;2;144;155;143;48;2;173;177;158m▀[38;2;137;150;138;48;2;168;174;156m▀[38;2;145;156;143;48;2;169;174;155m▀[38;2;147;158;145;48;2;165;171;153m▀[38;2;146;158;145;48;2;160;168;151m▀[38;2;157;168;153;48;2;162;168;149m▀[38;2;158;167;150;48;2;153;163;147m▌[38;2;146;160;147;48;2;152;160;142m▀[38;2;145;158;146;48;2;150;159;141m▀[38;2;143;155;142;48;2;151;159;143m▀[38;2;145;157;144;48;2;157;164;146m▀[38;2;159;166;148;48;2;146;157;143m▖[38;2;138;150;137;48;2;149;157;140m▀[38;2;144;154;140;48;2;158;163;146m▀[38;2;143;151;137;48;2;154;159;141m▀[38;2;140;148;135;48;2;151;155;137m▀[38;2;140;148;135;48;2;155;158;139m▀[38;2;141;149;136;48;2;151;155;135m▀[38;2;142;149;135;48;2;151;156;139m▘[38;2;147;151;136;48;2;157;159;140m▀[38;2;143;146;128;48;2;148;151;133m▞[38;2;145;147;128;48;2;137;139;118m▌[38;2;167;165;141;48;2;220;217;197m▌[0m

Katsushika Hokusai: The Laughing Demoness (Warai Hannya), 1831-32
