[38;2;211;198;177;48;2;199;193;175m▀[38;2;217;206;186;48;2;197;192;177m▖[38;2;212;202;184;48;2;137;140;135m▀[38;2;145;152;147;48;2;218;207;186m▖[38;2;219;208;189;48;2;217;205;185m▞[38;2;222;209;189;48;2;201;199;184m▛[38;2;188;191;179;48;2;221;210;190m▖[38;2;230;218;196;48;2;222;210;190m▖[38;2;218;208;190;48;2;222;211;191m▖[38;2;208;202;188;48;2;231;216;194m▀[38;2;120;141;156;48;2;222;211;191m▀[38;2;98;125;148;48;2;167;172;171m▀[38;2;168;173;171;48;2;203;199;185m▖[38;2;152;163;165;48;2;194;192;180m▀[38;2;186;187;179;48;2;128;145;152m▛[38;2;140;152;155;48;2;207;202;188m▖[38;2;162;168;167;48;2;214;207;190m▀[38;2;93;118;141;48;2;181;185;177m▀[38;2;77;110;139;48;2;159;170;170m▀[38;2;82;114;142;48;2;168;182;180m▀[38;2;52;95;135;48;2;143;158;167m▀[38;2;141;174;144;48;2;80;115;129m▝[38;2;138;171;148;48;2;82;124;129m▀[38;2;133;165;147;48;2;103;142;131m▀[38;2;127;158;153;48;2;115;151;145m▀[38;2;120;150;143;48;2;107;145;134m▛[38;2;138;169;150;48;2;106;139;131m▀[38;2;128;156;142;48;2;104;139;132m▀[38;2;115;142;137;48;2;135;159;150m▖[38;2;133;156;146;48;2;101;135;131m▀[38;2;137;164;147;48;2;101;147;137m▀[38;2;135;164;146;48;2;91;132;126m▀[38;2;135;161;144;48;2;92;132;126m▀[38;2;144;173;151;48;2;109;149;135m▘[38;2;82;120;113;48;2;116;150;135m▖[38;2;132;158;142;48;2;93;141;135m▀[38;2;94;133;128;48;2;126;153;137m▖[38;2;129;162;140;48;2;101;141;130m▀[38;2;106;138;128;48;2;125;148;127m▌[38;2;164;167;123;48;2;138;162;134m▖[38;2;120;149;128;48;2;96;133;125m▛[38;2;127;156;139;48;2;121;138;113m▀[38;2;138;161;132;48;2;109;141;129m▌[38;2;125;162;146;48;2;104;143;133m▘[38;2;86;125;121;48;2;92;134;130m▖[38;2;107;150;142;48;2;88;129;125m▀[38;2;96;131;127;48;2;81;121;119m▀[38;2;91;131;128;48;2;110;144;130m▛[38;2;105;144;132;48;2;102;130;122m▛[38;2;128;161;142;48;2;103;132;120m▘[38;2;134;156;135;48;2;112;141;125m▝[38;2;114;136;117;48;2;155;157;119m▌[38;2;216;201;146;48;2;203;191;136m▘[38;2;206;193;143;48;2;207;193;132m▀[38;2;209;195;144;48;2;199;186;133m▘[38;2;205;188;120;48;2;199;184;130m▖[0m
[38;2;99;127;139;48;2;87;97;92m▀[38;2;173;177;173;48;2;104;127;130m▝[38;2;161;166;150;48;2;210;198;176m▖[38;2;91;107;114;48;2;174;173;160m▝[38;2;67;83;93;48;2;161;170;161m▖[38;2;205;203;185;48;2;102;131;147m▀[38;2;93;112;122;48;2;194;194;181m▀[38;2;180;189;180;48;2;92;107;114m▝[38;2;196;202;190;48;2;105;125;130m▀[38;2;191;193;181;48;2;116;142;153m▀[38;2;116;140;148;48;2;217;210;190m▖[38;2;224;213;192;48;2;208;198;180m▞[38;2;231;218;196;48;2;203;199;184m▀[38;2;134;147;154;48;2;213;205;187m▝[38;2;174;178;173;48;2;207;201;184m▌[38;2;229;219;197;48;2;126;134;134m▖[38;2;167;175;171;48;2;54;68;76m▀[38;2;115;139;149;48;2;207;204;187m▖[38;2;178;184;173;48;2;118;144;151m▛[38;2;99;121;128;48;2;170;175;164m▀[38;2;149;175;155;48;2;106;143;134m▝[38;2;88;132;126;48;2;122;158;141m▞[38;2;77;120;128;48;2;111;150;135m▀[38;2;139;157;153;48;2;88;129;132m▖[38;2;72;114;127;48;2;37;89;131m▀[38;2;77;122;128;48;2;107;149;134m▖[38;2;110;150;136;48;2;76;119;130m▛[38;2;96;131;128;48;2;49;92;125m▘[38;2;52;97;134;48;2;94;128;139m▌[38;2;120;153;137;48;2;85;128;134m▘[38;2;95;134;131;48;2;126;145;136m▀[38;2;94;130;128;48;2;79;114;115m▌[38;2;81;127;124;48;2;78;121;119m▞[38;2;85;132;129;48;2;75;116;116m▘[38;2;95;142;131;48;2;75;125;126m▀[38;2;73;113;114;48;2;85;132;126m▞[38;2;88;136;127;48;2;78;119;115m▛[38;2;84;131;126;48;2;81;123;116m▀[38;2;89;131;122;48;2;94;143;127m▛[38;2;89;126;121;48;2;101;144;129m▘[38;2;111;147;134;48;2;91;133;125m▀[38;2;110;134;119;48;2;94;127;122m▝[38;2;117;153;131;48;2;92;134;127m▘[38;2;93;144;136;48;2;89;125;120m▖[38;2;79;115;114;48;2;101;145;136m▞[38;2;93;138;133;48;2;82;123;121m▞[38;2;85;123;120;48;2;95;139;132m▌[38;2;158;168;123;48;2;96;131;120m▝[38;2;137;146;113;48;2;91;132;120m▀[38;2;186;180;123;48;2;135;157;130m▘[38;2;132;145;135;48;2;196;193;176m▘[38;2;178;174;164;48;2;152;158;149m▖[38;2;186;182;157;48;2;204;196;180m▀[38;2;183;176;124;48;2;105;138;117m▘[38;2;123;146;122;48;2;105;145;125m▝[38;2;125;144;111;48;2;187;180;136m▌[0m
[38;2;202;190;132;48;2;197;187;119m▌[38;2;201;189;125;48;2;176;173;121m▀[38;2;196;187;126;48;2;182;176;123m▝[38;2;179;175;129;48;2;196;187;125m▞[38;2;75;91;98;48;2;165;166;130m▝[38;2;83;104;115;48;2;177;175;128m▀[38;2;165;184;181;48;2;63;89;106m▝[38;2;96;127;141;48;2;202;202;187m▖[38;2;236;227;203;48;2;153;157;152m▖[38;2;131;144;144;48;2;197;196;179m▖[38;2;221;213;194;48;2;75;96;111m▖[38;2;171;181;174;48;2;63;86;101m▀[38;2;181;188;180;48;2;220;210;189m▞[38;2;219;213;194;48;2;158;172;170m▝[38;2;217;211;192;48;2;231;219;196m▞[38;2;226;217;196;48;2;161;171;167m▀[38;2;147;142;132;48;2;213;210;192m▝[38;2;80;108;126;48;2;190;190;179m▀[38;2;108;128;134;48;2;180;189;180m▝[38;2;149;173;174;48;2;57;83;97m▝[38;2;139;161;148;48;2;104;144;129m▘[38;2;100;138;128;48;2;109;150;134m▘[38;2;147;161;151;48;2;98;138;134m▝[38;2;185;190;180;48;2;128;147;154m▛[38;2;117;144;157;48;2;189;195;182m▞[38;2;183;187;175;48;2;46;93;131m▖[38;2;31;82;125;48;2;40;89;130m▞[38;2;39;87;128;48;2;41;94;134m▀[38;2;87;121;142;48;2;156;174;167m▛[38;2;136;150;154;48;2;202;187;159m▀[38;2;118;151;132;48;2;142;162;137m▞[38;2;117;154;138;48;2;100;138;132m▖[38;2;88;110;108;48;2;96;131;125m▘[38;2;101;135;119;48;2;144;160;116m▛[38;2;127;136;110;48;2;106;139;121m▖[38;2;82;119;117;48;2;95;133;123m▀[38;2;82;126;121;48;2;112;141;121m▀[38;2;106;131;112;48;2;186;183;125m▛[38;2;106;150;130;48;2;156;172;128m▀[38;2;112;148;124;48;2;80;122;114m▌[38;2;84;130;121;48;2;88;128;121m▀[38;2;86;127;120;48;2;97;143;131m▌[38;2;103;122;117;48;2;112;142;133m▝[38;2;104;144;133;48;2;90;125;122m▌[38;2;83;120;117;48;2;96;140;131m▘[38;2;81;120;116;48;2;98;140;125m▛[38;2;106;154;134;48;2;89;126;114m▖[38;2;85;120;111;48;2;102;144;127m▞[38;2;105;150;132;48;2;81;125;119m▘[38;2;112;152;140;48;2;88;133;127m▝[38;2;183;184;169;48;2;224;212;189m▌[38;2;168;168;158;48;2;149;152;146m▌[38;2;210;201;182;48;2;195;191;171m▌[38;2;87;128;113;48;2;77;120;106m▛[38;2;86;123;108;48;2;95;132;116m▖[38;2;133;155;123;48;2;192;190;161m▌[0m
[38;2;185;178;118;48;2;203;190;123m▀[38;2;199;189;124;48;2;184;178;119m▖[38;2;157;157;112;48;2;177;174;124m▌[38;2;185;180;127;48;2;172;171;122m▛[38;2;183;180;128;48;2;166;167;120m▌[38;2;176;175;124;48;2;208;199;136m▛[38;2;101;120;126;48;2;201;195;141m▀[38;2;182;179;129;48;2;70;94;105m▖[38;2;167;178;173;48;2;111;140;138m▀[38;2;77;104;111;48;2;45;63;73m▞[38;2;56;84;96;48;2;171;181;174m▖[38;2;143;159;149;48;2;50;65;73m▖[38;2;175;187;180;48;2;63;93;112m▝[38;2;131;148;155;48;2;211;207;189m▝[38;2;209;208;191;48;2;114;140;152m▝[38;2;138;146;146;48;2;217;212;193m▝[38;2;172;178;172;48;2;89;110;121m▞[38;2;136;152;154;48;2;162;178;177m▖[38;2;96;128;142;48;2;198;200;187m▖[38;2;216;212;192;48;2;85;93;96m▖[38;2;45;64;78;48;2;74;111;131m▌[38;2;121;151;158;48;2;194;198;186m▌[38;2;140;148;146;48;2;59;83;99m▖[38;2;124;156;167;48;2;204;208;192m▌[38;2;88;115;130;48;2;35;66;91m▛[38;2;91;133;154;48;2;177;191;181m▖[38;2;137;155;160;48;2;58;99;117m▖[38;2;62;105;117;48;2;102;125;120m▛[38;2;108;139;136;48;2;198;191;170m▘[38;2;219;199;170;48;2;215;191;160m▌[38;2;200;178;148;48;2;226;200;165m▀[38;2;219;195;163;48;2;165;159;128m▖[38;2;177;167;120;48;2;178;176;127m▞[38;2;108;131;122;48;2;150;150;126m▝[38;2;113;136;121;48;2;165;174;121m▛[38;2;86;128;120;48;2;141;157;118m▀[38;2;110;150;131;48;2;144;150;118m▘[38;2;170;169;124;48;2;216;206;133m▌[38;2;214;201;131;48;2;210;200;135m▀[38;2;134;160;128;48;2;193;187;128m▝[38;2;131;150;119;48;2;207;198;138m▀[38;2;105;139;121;48;2;87;123;110m▘[38;2;103;147;132;48;2;79;126;119m▀[38;2;125;142;131;48;2;86;125;124m▀[38;2;97;145;129;48;2;81;115;113m▀[38;2;99;118;113;48;2;94;129;121m▖[38;2;105;150;132;48;2;89;124;115m▌[38;2;99;141;125;48;2;89;129;119m▞[38;2;93;143;135;48;2;76;121;119m▖[38;2;68;108;109;48;2;80;126;122m▞[38;2;179;179;163;48;2;217;207;185m▌[38;2;162;164;157;48;2;203;197;178m▀[38;2;214;205;186;48;2;183;183;166m▌[38;2;75;118;111;48;2;67;104;101m▞[38;2;73;111;107;48;2;75;123;118m▀[38;2;94;125;118;48;2;173;178;153m▌[0m
[38;2;187;181;122;48;2;125;155;126m▀[38;2;147;161;125;48;2;96;141;131m▀[38;2;148;162;130;48;2;118;153;138m▀[38;2;122;150;136;48;2;164;169;130m▖[38;2;164;171;130;48;2;192;186;131m▖[38;2;194;188;133;48;2;152;159;122m▞[38;2;196;189;133;48;2;122;147;125m▀[38;2;193;192;142;48;2;110;136;120m▀[38;2;79;118;119;48;2;119;141;129m▝[38;2;75;118;115;48;2;122;142;123m▀[38;2;71;109;110;48;2;166;175;136m▀[38;2;91;126;120;48;2;77;113;115m▛[38;2;79;113;114;48;2;48;75;86m▌[38;2;211;213;195;48;2;80;112;120m▝[38;2;167;176;164;48;2;66;88;101m▌[38;2;58;84;102;48;2;144;165;169m▖[38;2;202;203;188;48;2;223;219;199m▞[38;2;155;163;158;48;2;50;69;83m▞[38;2;143;159;162;48;2;66;91;108m▌[38;2;38;75;101;48;2;177;191;185m▖[38;2;213;208;191;48;2;82;100;112m▖[38;2;86;124;146;48;2;172;188;182m▌[38;2;184;188;178;48;2;53;69;81m▌[38;2;74;105;126;48;2;177;180;170m▌[38;2;47;64;76;48;2;181;171;151m▝[38;2;84;119;140;48;2;190;183;164m▘[38;2;83;110;127;48;2;164;177;174m▝[38;2;137;167;175;48;2;137;153;151m▖[38;2;225;202;170;48;2;183;171;151m▛[38;2;216;195;164;48;2;167;158;142m▀[38;2;206;188;160;48;2;172;163;145m▌[38;2;205;188;159;48;2;126;147;134m▀[38;2;121;145;121;48;2;216;203;134m▛[38;2;197;191;129;48;2;174;177;124m▞[38;2;156;159;120;48;2;113;122;118m▞[38;2;206;198;129;48;2;147;153;116m▀[38;2;142;144;121;48;2;132;138;116m▌[38;2;161;165;116;48;2;195;190;126m▀[38;2;216;205;132;48;2;178;177;121m▝[38;2;164;172;125;48;2;120;151;125m▌[38;2;100;143;127;48;2;118;154;128m▝[38;2;115;148;129;48;2;85;119;110m▖[38;2;87;130;118;48;2;77;118;115m▌[38;2;88;140;133;48;2;80;124;118m▝[38;2;93;120;122;48;2;123;131;121m▞[38;2;86;122;114;48;2;160;173;120m▀[38;2;117;135;111;48;2;88;118;111m▌[38;2;98;138;122;48;2;117;155;134m▞[38;2;121;142;112;48;2;102;132;113m▖[38;2;76;117;110;48;2;97;131;123m▘[38;2;193;186;171;48;2;186;182;166m▖[38;2;199;193;175;48;2;178;176;163m▌[38;2;176;174;162;48;2;186;187;168m▌[38;2;74;118;111;48;2;102;134;114m▀[38;2;87;114;103;48;2;88;130;115m▖[38;2;126;148;125;48;2;188;183;146m▌[0m
[38;2;88;135;122;48;2;118;149;130m▝[38;2;87;125;105;48;2;121;144;115m▀[38;2;120;149;125;48;2;134;157;135m▌[38;2;113;151;140;48;2;141;163;137m▝[38;2;136;151;124;48;2;171;174;130m▘[38;2;108;133;115;48;2;157;161;120m▝[38;2;147;157;123;48;2;210;199;135m▀[38;2;123;144;123;48;2;214;204;138m▀[38;2;157;165;132;48;2;204;197;136m▘[38;2;216;206;143;48;2;206;198;134m▀[38;2;214;205;143;48;2;207;200;137m▀[38;2;133;148;113;48;2;80;115;108m▖[38;2;76;87;93;48;2;96;128;122m▝[38;2;45;64;77;48;2;96;123;133m▌[38;2;129;147;142;48;2;203;203;188m▀[38;2;44;54;61;48;2;80;107;121m▌[38;2;140;166;173;48;2;189;196;185m▖[38;2;106;116;119;48;2;209;206;189m▝[38;2;53;80;99;48;2;175;177;170m▘[38;2;90;100;105;48;2;208;203;187m▘[38;2;213;206;190;48;2;172;174;163m▛[38;2;215;200;176;48;2;189;177;158m▝[38;2;187;174;152;48;2;232;206;170m▛[38;2;187;173;151;48;2;213;192;161m▝[38;2;232;206;170;48;2;173;164;145m▖[38;2;222;199;168;48;2;144;156;139m▀[38;2;94;123;139;48;2;69;90;98m▀[38;2;68;83;93;48;2;147;151;145m▀[38;2;164;156;141;48;2;228;201;165m▀[38;2;181;169;148;48;2;229;203;166m▘[38;2;186;175;152;48;2;224;198;163m▝[38;2;98;128;112;48;2;193;176;141m▀[38;2;162;161;132;48;2;193;184;136m▌[38;2;206;199;130;48;2;174;171;132m▀[38;2;147;152;113;48;2;199;194;127m▝[38;2;147;153;116;48;2;202;196;129m▀[38;2;146;150;125;48;2;191;186;129m▀[38;2;192;189;129;48;2;202;195;134m▌[38;2;189;186;128;48;2;212;202;134m▀[38;2;221;208;139;48;2;184;181;125m▖[38;2;191;186;129;48;2;205;196;133m▛[38;2;126;146;123;48;2;194;191;131m▀[38;2;98;130;115;48;2;129;147;119m▀[38;2;102;143;127;48;2;83;123;116m▌[38;2;73;115;112;48;2;100;132;126m▖[38;2;182;180;121;48;2;120;136;117m▀[38;2;101;133;124;48;2;96;120;117m▛[38;2;94;133;119;48;2;76;123;114m▛[38;2;91;123;112;48;2;161;173;123m▖[38;2;142;149;116;48;2;98;119;115m▌[38;2;184;181;163;48;2;169;166;155m▛[38;2;159;161;153;48;2;189;185;170m▝[38;2;178;178;163;48;2;190;190;165m▛[38;2;103;128;110;48;2;162;160;115m▌[38;2;152;163;116;48;2;210;199;123m▀[38;2;166;169;106;48;2;194;185;118m▘[0m
[38;2;141;165;138;48;2;114;147;129m▘[38;2;146;167;144;48;2;109;140;127m▀[38;2;109;145;129;48;2;143;159;126m▀[38;2;112;150;135;48;2;127;150;124m▀[38;2;110;138;121;48;2;178;177;126m▛[38;2;184;181;126;48;2;190;185;126m▘[38;2;178;177;124;48;2;190;187;125m▀[38;2;173;173;119;48;2;190;186;122m▛[38;2;198;192;127;48;2;203;196;130m▌[38;2;207;199;132;48;2;196;190;124m▀[38;2;206;198;130;48;2;197;191;127m▛[38;2;204;198;128;48;2;162;172;140m▘[38;2;160;169;157;48;2;236;221;196m▛[38;2;215;209;191;48;2;94;117;129m▖[38;2;190;193;180;48;2;200;203;187m▞[38;2;60;72;77;48;2;53;63;67m▞[38;2;123;148;157;48;2;197;196;180m▌[38;2;206;199;181;48;2;226;215;192m▘[38;2;237;225;201;48;2;227;216;194m▘[38;2;200;195;179;48;2;134;147;137m▌[38;2;92;125;116;48;2;164;160;140m▀[38;2;167;160;142;48;2;214;193;163m▌[38;2;207;188;160;48;2;220;196;163m▘[38;2;217;195;163;48;2;202;184;158m▀[38;2;228;204;171;48;2;219;197;165m▀[38;2;88;124;116;48;2;195;185;156m▀[38;2;130;145;141;48;2;93;128;129m▞[38;2;53;99;124;48;2;138;153;152m▖[38;2;236;208;169;48;2;227;201;165m▖[38;2;228;201;164;48;2;226;198;162m▖[38;2;229;200;163;48;2;224;197;162m▝[38;2;225;198;163;48;2;234;204;166m▞[38;2;182;170;149;48;2;233;208;171m▀[38;2;184;175;157;48;2;159;164;126m▘[38;2;213;203;135;48;2;203;196;130m▝[38;2;207;199;130;48;2;211;202;133m▖[38;2;212;203;132;48;2;205;198;129m▘[38;2;200;195;132;48;2;209;200;130m▖[38;2;178;184;132;48;2;125;158;132m▛[38;2;170;181;136;48;2;91;143;137m▀[38;2;83;132;129;48;2;123;156;134m▖[38;2;162;175;135;48;2;113;150;134m▀[38;2;101;144;129;48;2;127;163;141m▛[38;2;107;147;130;48;2;118;153;134m▀[38;2;102;144;126;48;2;78;125;118m▛[38;2;95;119;120;48;2;77;121;118m▀[38;2;92;124;121;48;2;127;136;128m▛[38;2;74;116;112;48;2;77;127;117m▌[38;2;88;141;129;48;2;84;118;115m▖[38;2;79;123;107;48;2;116;142;105m▀[38;2;95;118;108;48;2;113;142;119m▌[38;2;100;125;114;48;2;137;148;108m▀[38;2;116;139;114;48;2;181;177;120m▘[38;2;144;148;114;48;2;206;198;128m▛[38;2;209;199;126;48;2;202;193;125m▘[38;2;193;183;112;48;2;197;187;123m▌[0m
[38;2;133;161;137;48;2;105;140;123m▛[38;2;131;160;140;48;2;107;137;125m▘[38;2;75;109;113;48;2;180;178;131m▖[38;2;214;204;136;48;2;191;186;125m▌[38;2;175;174;119;48;2;196;189;127m▖[38;2;145;161;111;48;2;180;181;120m▝[38;2;128;147;101;48;2;199;192;124m▀[38;2;165;168;113;48;2;208;198;128m▀[38;2;193;188;127;48;2;159;162;114m▝[38;2;197;191;128;48;2;215;205;143m▛[38;2;193;187;129;48;2;104;129;121m▘[38;2;86;126;155;48;2;44;79;98m▘[38;2;107;113;108;48;2;215;207;185m▌[38;2;236;225;199;48;2;167;174;167m▘[38;2;162;173;168;48;2;197;199;185m▌[38;2;58;67;71;48;2;174;167;149m▛[38;2;234;223;198;48;2;225;214;190m▖[38;2;226;215;191;48;2;213;205;183m▛[38;2;223;215;194;48;2;181;189;176m▀[38;2;185;173;154;48;2;127;144;148m▝[38;2;233;205;167;48;2;175;163;145m▌[38;2;166;157;142;48;2;225;200;166m▘[38;2;186;172;149;48;2;201;182;155m▖[38;2;208;188;159;48;2;177;165;147m▌[38;2;210;189;159;48;2;216;193;160m▛[38;2;230;203;167;48;2;152;156;145m▛[38;2;124;147;157;48;2;49;83;102m▘[38;2;86;95;93;48;2;189;197;184m▛[38;2;187;178;160;48;2;227;200;164m▖[38;2;220;195;161;48;2;228;200;162m▘[38;2;220;195;160;48;2;231;202;164m▛[38;2;214;191;157;48;2;165;154;137m▛[38;2;202;181;152;48;2;223;199;162m▖[38;2;162;165;134;48;2;194;189;130m▘[38;2;202;195;128;48;2;205;198;130m▖[38;2;205;198;134;48;2;209;201;131m▝[38;2;196;192;132;48;2;207;199;132m▀[38;2;137;160;135;48;2;194;191;134m▝[38;2;113;153;134;48;2;133;166;139m▝[38;2;93;137;125;48;2;114;145;123m▀[38;2;97;136;126;48;2;119;149;130m▀[38;2;93;132;125;48;2;126;156;136m▛[38;2;123;150;134;48;2;146;166;143m▌[38;2;144;164;139;48;2;134;155;137m▌[38;2;100;134;126;48;2;143;167;148m▀[38;2;93;135;126;48;2;105;145;141m▀[38;2;85;123;119;48;2;100;139;137m▌[38;2;115;143;137;48;2;103;122;117m▌[38;2;74;113;107;48;2;86;127;116m▌[38;2;99;119;116;48;2;79;118;109m▖[38;2;114;131;124;48;2;85;130;117m▝[38;2;146;159;115;48;2;97;127;115m▝[38;2;173;175;124;48;2;91;135;113m▀[38;2;123;135;106;48;2;205;197;119m▌[38;2;198;189;115;48;2;202;193;118m▛[38;2;198;188;119;48;2;207;195;146m▛[0m
[38;2;131;159;133;48;2;109;144;127m▌[38;2;111;146;130;48;2;94;129;116m▘[38;2;154;160;117;48;2;110;137;118m▝[38;2;162;171;125;48;2;103;138;121m▀[38;2;112;138;116;48;2;171;171;120m▖[38;2;181;176;118;48;2;188;185;129m▀[38;2;198;190;125;48;2;177;175;121m▘[38;2;193;188;128;48;2;173;174;123m▖[38;2;74;108;99;48;2;117;137;113m▝[38;2;175;177;129;48;2;86;118;107m▝[38;2;140;151;119;48;2;58;89;93m▘[38;2;74;101;98;48;2;153;163;152m▛[38;2;166;177;171;48;2;53;100;132m▛[38;2;128;156;163;48;2;194;197;181m▌[38;2;179;187;176;48;2;155;166;163m▌[38;2;112;117;112;48;2;231;218;191m▌[38;2;225;213;189;48;2;225;214;190m▖[38;2;228;216;192;48;2;179;180;164m▌[38;2;119;144;137;48;2;99;129;127m▌[38;2;98;131;122;48;2;184;173;149m▘[38;2;193;175;151;48;2;214;192;160m▘[38;2;228;202;166;48;2;181;168;147m▀[38;2;230;202;166;48;2;171;161;142m▖[38;2;105;128;116;48;2;171;163;143m▖[38;2;212;189;159;48;2;200;180;152m▞[38;2;155;155;138;48;2;209;188;158m▝[38;2;76;107;110;48;2;195;183;158m▀[38;2;100;130;128;48;2;146;164;163m▘[38;2;242;208;166;48;2;154;165;161m▝[38;2;219;194;160;48;2;231;202;165m▖[38;2;231;202;163;48;2;212;188;155m▀[38;2;158;158;139;48;2;195;178;151m▝[38;2;147;159;139;48;2;114;144;128m▌[38;2;123;150;123;48;2;184;184;129m▌[38;2;208;200;133;48;2;211;204;139m▛[38;2;221;208;138;48;2;171;182;138m▀[38;2;214;205;140;48;2;180;185;135m▀[38;2;167;180;136;48;2;98;146;133m▀[38;2;159;173;131;48;2;88;138;129m▀[38;2;121;152;128;48;2;90;138;130m▘[38;2;72;119;119;48;2;102;144;132m▘[38;2;143;154;120;48;2;110;147;128m▝[38;2;122;148;124;48;2;182;193;170m▛[38;2;154;174;159;48;2;97;133;126m▖[38;2;123;163;146;48;2;93;119;129m▀[38;2;106;147;139;48;2;135;147;143m▀[38;2;99;142;138;48;2;73;112;116m▀[38;2;87;129;124;48;2;77;118;105m▛[38;2;100;118;113;48;2;124;124;118m▛[38;2;85;119;113;48;2;143;154;117m▀[38;2;83;134;120;48;2;135;160;117m▀[38;2;126;149;120;48;2;109;125;115m▝[38;2;121;140;112;48;2;200;192;121m▛[38;2;178;176;116;48;2;193;188;116m▘[38;2;179;177;119;48;2;193;186;122m▀[38;2;191;183;118;48;2;200;190;144m▌[0m
[38;2;88;133;121;48;2;114;148;126m▝[38;2;72;113;105;48;2;104;143;127m▀[38;2;100;133;119;48;2;138;151;110m▛[38;2;92;130;116;48;2;147;162;121m▀[38;2;106;139;117;48;2;148;166;128m▘[38;2;169;171;120;48;2;192;188;127m▛[38;2;190;186;125;48;2;168;169;117m▖[38;2;198;191;130;48;2;183;181;125m▝[38;2;221;208;138;48;2;196;191;130m▀[38;2;139;153;119;48;2;199;191;130m▝[38;2;103;126;114;48;2;83;116;113m▌[38;2;107;131;126;48;2;146;162;153m▛[38;2;102;125;128;48;2;43;75;96m▌[38;2;131;158;164;48;2;193;196;180m▌[38;2;180;184;173;48;2;232;219;194m▛[38;2;228;218;195;48;2;219;212;191m▛[38;2;227;215;191;48;2;228;217;194m▌[38;2;157;167;151;48;2;218;209;187m▝[38;2;131;149;141;48;2;174;170;156m▛[38;2;203;185;155;48;2;151;145;132m▛[38;2;193;176;151;48;2;233;206;168m▛[38;2;171;161;144;48;2;221;197;164m▘[38;2;200;181;154;48;2;226;200;165m▖[38;2;186;174;148;48;2;135;143;128m▖[38;2;161;153;138;48;2;228;200;165m▛[38;2;214;192;160;48;2;188;172;149m▞[38;2;214;192;161;48;2;152;159;139m▛[38;2;97;129;123;48;2;64;103;105m▛[38;2;104;132;137;48;2;167;181;176m▌[38;2;170;161;140;48;2;201;198;180m▝[38;2;183;165;139;48;2;68;89;90m▀[38;2;175;164;141;48;2;90;127;116m▀[38;2;173;170;145;48;2;208;190;142m▌[38;2;197;190;125;48;2;187;184;124m▀[38;2;166;175;131;48;2;207;199;129m▝[38;2;156;169;127;48;2;111;152;131m▖[38;2;99;146;133;48;2;85;137;125m▀[38;2;99;139;121;48;2;169;177;127m▀[38;2;93;134;120;48;2;107;150;128m▀[38;2;104;140;122;48;2;192;189;133m▛[38;2;185;183;131;48;2;113;142;120m▖[38;2;85;127;117;48;2;98;137;120m▝[38;2;190;186;175;48;2;102;132;127m▝[38;2;189;183;167;48;2;83;106;118m▛[38;2;117;130;136;48;2;207;204;189m▛[38;2;179;167;146;48;2;208;203;185m▀[38;2;150;149;136;48;2;225;214;188m▀[38;2;146;155;150;48;2;105;138;122m▖[38;2;96;130;118;48;2;141;159;118m▀[38;2;181;178;116;48;2;111;119;110m▝[38;2;172;172;114;48;2;202;195;118m▖[38;2;134;141;116;48;2;96;109;107m▌[38;2;172;172;113;48;2;192;187;115m▌[38;2;174;173;107;48;2;186;182;114m▀[38;2;185;180;113;48;2;189;183;122m▌[38;2;188;180;110;48;2;198;189;138m▌[0m
[38;2;122;155;126;48;2;101;141;117m▘[38;2;84;129;119;48;2;168;172;125m▀[38;2;115;136;112;48;2;205;195;129m▘[38;2;207;196;131;48;2;187;182;120m▘[38;2;182;176;118;48;2;193;187;126m▘[38;2;163;167;124;48;2;176;175;125m▝[38;2;106;127;104;48;2;185;183;129m▝[38;2;150;158;118;48;2;95;124;107m▖[38;2;106;135;113;48;2;171;177;127m▛[38;2;198;193;133;48;2;139;149;123m▌[38;2;31;62;87;48;2;127;147;149m▖[38;2;195;202;186;48;2;175;180;166m▞[38;2;87;109;119;48;2;200;196;178m▀[38;2;217;210;190;48;2;177;187;179m▞[38;2;183;192;182;48;2;62;107;136m▀[38;2;120;144;153;48;2;206;202;185m▌[38;2;202;205;189;48;2;230;218;194m▖[38;2;229;218;195;48;2;192;196;181m▛[38;2;132;150;152;48;2;167;161;145m▛[38;2;171;161;143;48;2;217;193;160m▘[38;2;229;202;165;48;2;220;196;162m▘[38;2;212;190;160;48;2;222;198;164m▀[38;2;235;208;170;48;2;205;186;159m▖[38;2;141;151;133;48;2;95;128;118m▌[38;2;116;139;127;48;2;165;165;144m▌[38;2;242;212;173;48;2;198;183;154m▝[38;2;166;173;160;48;2;64;104;115m▌[38;2;56;72;76;48;2;76;110;116m▖[38;2;118;144;146;48;2;95;121;137m▀[38;2;234;226;202;48;2;172;180;170m▝[38;2;239;227;202;48;2;160;168;160m▘[38;2;119;139;130;48;2;181;174;155m▘[38;2;235;203;161;48;2;190;174;145m▖[38;2;175;163;132;48;2;221;198;155m▌[38;2;202;191;136;48;2;217;193;157m▀[38;2;174;177;129;48;2;229;200;159m▀[38;2;218;194;146;48;2;167;172;126m▖[38;2;191;189;129;48;2;209;202;135m▛[38;2;198;196;132;48;2;183;182;124m▛[38;2;183;185;130;48;2;144;166;126m▌[38;2;90;136;116;48;2;124;154;120m▀[38;2;81;129;115;48;2;119;154;124m▀[38;2;113;140;118;48;2;187;186;129m▀[38;2;134;145;148;48;2;191;186;143m▝[38;2;238;223;195;48;2;172;168;144m▝[38;2;227;217;193;48;2;185;184;173m▀[38;2;231;223;201;48;2;188;183;165m▝[38;2;166;160;121;48;2;199;190;154m▝[38;2;202;194;125;48;2;182;182;125m▘[38;2;88;99;105;48;2;122;128;112m▝[38;2;134;139;109;48;2;184;181;116m▌[38;2;94;109;112;48;2;173;171;122m▝[38;2;143;147;105;48;2;183;181;109m▌[38;2;184;181;114;48;2;193;188;118m▞[38;2;189;184;114;48;2;202;193;124m▘[38;2;203;191;124;48;2;208;195;138m▘[0m
[38;2;168;171;116;48;2;205;193;124m▘[38;2;216;203;137;48;2;201;193;130m▀[38;2;194;187;126;48;2;186;182;119m▛[38;2;187;182;115;48;2;198;191;121m▖[38;2;212;202;134;48;2;205;198;130m▝[38;2;215;205;135;48;2;209;201;136m▀[38;2;215;205;137;48;2;195;191;132m▛[38;2;146;156;116;48;2;196;192;133m▝[38;2;142;152;120;48;2;28;56;80m▛[38;2;39;61;77;48;2;144;146;134m▛[38;2;136;143;134;48;2;188;197;185m▘[38;2;200;197;181;48;2;209;205;186m▘[38;2;191;198;185;48;2;90;134;155m▛[38;2;101;140;158;48;2;54;92;118m▛[38;2;76;96;107;48;2;241;224;195m▛[38;2;225;210;183;48;2;145;170;173m▘[38;2;172;189;181;48;2;231;219;195m▘[38;2;216;209;188;48;2;136;149;150m▌[38;2;148;152;147;48;2;229;201;164m▖[38;2;214;189;156;48;2;219;194;159m▖[38;2;212;188;155;48;2;227;199;160m▌[38;2;231;203;164;48;2;230;200;161m▀[38;2;217;192;159;48;2;151;146;133m▌[38;2;168;163;140;48;2;211;187;154m▛[38;2;156;158;136;48;2;212;195;166m▘[38;2;155;168;160;48;2;65;97;107m▌[38;2;88;108;108;48;2;215;188;151m▀[38;2;191;173;145;48;2;238;209;168m▀[38;2;134;142;139;48;2;26;54;73m▌[38;2;110;121;119;48;2;181;181;165m▞[38;2;23;37;47;48;2;70;97;110m▌[38;2;150;165;164;48;2;79;100;107m▛[38;2;171;172;159;48;2;47;87;121m▛[38;2;104;128;139;48;2;193;178;151m▖[38;2;227;201;164;48;2;160;156;140m▀[38;2;189;175;150;48;2;227;203;165m▖[38;2;209;203;134;48;2;193;186;134m▝[38;2;216;208;133;48;2;197;192;130m▘[38;2;194;191;128;48;2;204;198;132m▖[38;2;204;198;133;48;2;185;186;130m▛[38;2;173;176;127;48;2;198;194;136m▞[38;2;179;180;129;48;2;199;195;137m▘[38;2;198;194;135;48;2;168;172;126m▛[38;2;189;188;135;48;2;204;199;148m▛[38;2;171;177;138;48;2;75;105;119m▌[38;2;107;127;132;48;2;197;194;141m▀[38;2;67;95;109;48;2;166;170;134m▖[38;2;208;203;180;48;2;134;156;135m▀[38;2;168;172;155;48;2;106;135;115m▌[38;2;91;128;106;48;2;79;124;104m▞[38;2;84;128;115;48;2;115;144;134m▖[38;2;168;177;160;48;2;119;146;144m▝[38;2;205;197;159;48;2;147;169;169m▀[38;2;181;179;139;48;2;196;189;118m▖[38;2;195;188;120;48;2;199;191;116m▛[38;2;199;187;115;48;2;202;192;141m▌[0m
[38;2;207;195;132;48;2;206;194;123m▌[38;2;205;196;132;48;2;191;186;130m▘[38;2;185;181;126;48;2;205;196;137m▀[38;2;189;184;114;48;2;204;195;122m▘[38;2;203;196;129;48;2;213;202;128m▀[38;2;211;202;134;48;2;215;203;131m▀[38;2;143;150;111;48;2;191;186;124m▝[38;2;159;152;98;48;2;172;172;114m▖[38;2;28;42;55;48;2;69;83;84m▝[38;2;91;94;90;48;2;189;177;155m▘[38;2;182;179;161;48;2;230;199;160m▀[38;2;218;197;165;48;2;167;170;161m▌[38;2;135;164;171;48;2;85;125;147m▘[38;2;14;36;53;48;2;93;119;131m▝[38;2;114;109;96;48;2;220;213;190m▘[38;2;110;141;156;48;2;75;114;138m▀[38;2;238;225;198;48;2;227;217;193m▘[38;2;181;190;181;48;2;227;218;195m▞[38;2;105;126;134;48;2;204;186;157m▘[38;2;226;199;161;48;2;206;185;154m▘[38;2;218;193;158;48;2;225;199;162m▞[38;2;232;204;165;48;2;213;193;162m▛[38;2;106;130;119;48;2;144;156;141m▝[38;2;104;136;123;48;2;147;169;164m▘[38;2;159;179;176;48;2;82;109;127m▀[38;2;71;86;93;48;2;154;157;146m▛[38;2;168;163;148;48;2;196;181;158m▞[38;2;185;172;150;48;2;214;191;158m▖[38;2;86;121;114;48;2;197;183;154m▝[38;2;199;196;179;48;2;81;110;109m▝[38;2;94;115;123;48;2;137;154;155m▀[38;2;108;129;134;48;2;142;155;151m▛[38;2;185;196;186;48;2;86;118;132m▀[38;2;85;125;126;48;2;197;201;183m▀[38;2;181;170;149;48;2;72;109;121m▝[38;2;162;155;139;48;2;241;210;167m▌[38;2;218;195;154;48;2;225;198;161m▝[38;2;221;198;161;48;2;192;183;146m▌[38;2;193;193;133;48;2;132;155;121m▀[38;2;187;188;133;48;2;117;147;125m▀[38;2;166;176;126;48;2;193;190;132m▖[38;2;199;194;134;48;2;208;202;138m▛[38;2;206;200;138;48;2;216;207;141m▀[38;2;176;177;139;48;2;219;209;141m▀[38;2;101;121;118;48;2;181;181;132m▘[38;2;169;172;134;48;2;198;194;140m▝[38;2;93;113;116;48;2;180;180;137m▘[38;2;80;115;118;48;2;132;154;134m▝[38;2;107;129;123;48;2;68;97;110m▝[38;2;139;154;145;48;2;88;123;113m▘[38;2;85;121;103;48;2;144;159;146m▀[38;2;101;137;144;48;2;83;120;109m▝[38;2;104;133;137;48;2;68;94;103m▛[38;2;164;168;121;48;2;208;198;122m▌[38;2;202;193;119;48;2;198;189;114m▘[38;2;195;185;110;48;2;211;202;161m▌[0m
[38;2;209;196;133;48;2;206;194;124m▌[38;2;187;180;125;48;2;195;188;131m▖[38;2;199;192;131;48;2;211;201;132m▌[38;2;156;165;119;48;2;91;136;116m▛[38;2;135;158;121;48;2;95;147;125m▀[38;2;139;162;119;48;2;81;135;119m▀[38;2;141;156;114;48;2;87;140;121m▀[38;2;101;138;127;48;2;194;181;147m▖[38;2;241;210;169;48;2;203;182;152m▖[38;2;181;167;144;48;2;155;155;132m▛[38;2;204;183;153;48;2;99;126;114m▀[38;2;165;166;143;48;2;220;198;165m▖[38;2;128;137;138;48;2;189;184;167m▘[38;2;163;178;176;48;2;82;106;118m▀[38;2;172;183;178;48;2;35;67;91m▛[38;2;55;76;88;48;2;63;108;138m▖[38;2;107;143;158;48;2;216;214;194m▖[38;2;234;222;198;48;2;151;171;171m▖[38;2;167;177;170;48;2;230;223;200m▞[38;2;177;169;152;48;2;193;177;151m▌[38;2;214;193;161;48;2;236;209;170m▌[38;2;202;188;162;48;2;164;180;176m▌[38;2;229;223;200;48;2;173;184;178m▌[38;2;54;77;92;48;2;78;105;110m▛[38;2;73;103;113;48;2;98;139;132m▘[38;2;110;136;127;48;2;191;179;154m▛[38;2;214;193;161;48;2;202;184;156m▀[38;2;198;181;155;48;2;229;204;167m▀[38;2;158;154;139;48;2;41;52;59m▛[38;2;94;114;123;48;2;151;169;165m▌[38;2;212;209;192;48;2;194;197;183m▝[38;2;38;56;69;48;2;118;135;137m▖[38;2;80;114;136;48;2;38;72;97m▌[38;2;171;186;176;48;2;220;220;200m▌[38;2;116;140;152;48;2;19;81;127m▌[38;2;133;148;148;48;2;52;106;128m▀[38;2;181;174;151;48;2;93;131;125m▀[38;2;233;205;166;48;2;163;167;144m▘[38;2;134;154;125;48;2;165;172;148m▀[38;2;110;146;124;48;2;189;181;152m▀[38;2;128;146;125;48;2;200;184;155m▘[38;2;196;182;157;48;2;171;169;136m▖[38;2;144;156;116;48;2;196;193;127m▖[38;2;203;198;131;48;2;211;204;136m▖[38;2;194;191;132;48;2;212;204;135m▝[38;2;190;189;129;48;2;207;200;132m▘[38;2;209;202;133;48;2;200;194;128m▀[38;2;181;180;136;48;2;210;202;132m▝[38;2;77;101;118;48;2;166;169;128m▝[38;2;176;177;127;48;2;208;200;135m▌[38;2;211;203;176;48;2;201;194;126m▀[38;2;131;142;113;48;2;197;191;118m▘[38;2;194;187;111;48;2;204;194;116m▞[38;2;196;189;108;48;2;199;192;112m▀[38;2;195;187;108;48;2;198;190;113m▀[38;2;194;185;108;48;2;206;196;151m▌[0m
[38;2;212;198;131;48;2;183;179;125m▀[38;2;205;193;128;48;2;159;166;119m▀[38;2;210;200;126;48;2;172;173;116m▀[38;2;144;155;108;48;2;95;137;115m▘[38;2;95;143;122;48;2;92;143;128m▀[38;2;84;130;115;48;2;87;139;126m▘[38;2;102;133;123;48;2;216;193;164m▛[38;2;161;164;144;48;2;227;202;167m▘[38;2;199;183;156;48;2;182;170;148m▌[38;2;214;193;162;48;2;169;160;144m▛[38;2;108;134;121;48;2;175;166;146m▝[38;2;78;115;108;48;2;171;167;145m▘[38;2;205;188;162;48;2;148;151;146m▌[38;2;155;155;143;48;2;224;216;194m▀[38;2;129;146;150;48;2;34;46;55m▌[38;2;50;63;70;48;2;62;104;134m▌[38;2;111;144;158;48;2;223;217;196m▌[38;2;239;226;200;48;2;135;156;164m▌[38;2;111;144;158;48;2;229;223;199m▌[38;2;195;186;167;48;2;164;162;151m▀[38;2;234;208;170;48;2;195;184;161m▀[38;2;140;167;172;48;2;172;186;179m▖[38;2;58;101;127;48;2;151;173;170m▖[38;2;187;192;178;48;2;109;139;131m▌[38;2;114;142;132;48;2;132;158;144m▛[38;2;117;149;138;48;2;178;169;150m▖[38;2;169;163;146;48;2;202;181;156m▀[38;2;216;194;163;48;2;201;185;157m▞[38;2;53;68;77;48;2;170;163;146m▝[38;2;95;120;130;48;2;126;144;147m▞[38;2;181;194;186;48;2;129;139;137m▘[38;2;66;76;77;48;2;136;163;171m▌[38;2;22;62;94;48;2;119;138;141m▌[38;2;143;158;153;48;2;77;104;115m▘[38;2;134;152;156;48;2;188;200;187m▝[38;2;57;101;127;48;2;192;197;184m▀[38;2;73;112;115;48;2;151;167;162m▀[38;2;235;207;171;48;2;117;139;135m▝[38;2;238;209;170;48;2;219;199;167m▀[38;2;225;201;166;48;2;203;187;159m▛[38;2;202;186;158;48;2;228;202;166m▖[38;2;224;200;165;48;2;212;191;159m▛[38;2;190;178;145;48;2;209;189;158m▝[38;2;207;191;154;48;2;182;172;146m▘[38;2;168;171;120;48;2;181;181;121m▌[38;2;187;185;126;48;2;206;200;129m▀[38;2;210;201;128;48;2;183;184;125m▞[38;2;211;201;127;48;2;151;167;123m▀[38;2;201;193;127;48;2;112;147;124m▀[38;2;124;153;124;48;2;199;193;128m▖[38;2;209;199;130;48;2;142;157;121m▌[38;2;126;151;115;48;2;77;129;117m▀[38;2;161;170;117;48;2;76;124;109m▀[38;2;135;153;107;48;2;194;188;116m▖[38;2;208;195;118;48;2;126;150;114m▀[38;2;140;155;109;48;2;206;197;148m▖[0m
[38;2;132;162;129;48;2;93;141;116m▌[38;2;82;126;119;48;2;92;137;124m▖[38;2;110;146;122;48;2;99;143;128m▀[38;2;109;141;114;48;2;158;171;119m▌[38;2;102;142;118;48;2;173;183;161m▀[38;2;211;206;183;48;2;131;158;153m▖[38;2;121;139;146;48;2;202;186;161m▌[38;2;228;205;171;48;2;207;186;159m▘[38;2;224;200;166;48;2;215;191;161m▝[38;2;227;199;165;48;2;181;165;145m▌[38;2;126;144;133;48;2;94;124;118m▀[38;2;140;151;135;48;2;208;188;159m▌[38;2;183;175;159;48;2;223;215;193m▛[38;2;229;219;196;48;2;223;213;191m▀[38;2;224;215;192;48;2;76;84;86m▖[38;2;39;53;63;48;2;57;95;124m▌[38;2;93;132;151;48;2;204;206;190m▌[38;2;239;225;199;48;2;157;172;171m▌[38;2;96;135;153;48;2;212;214;195m▌[38;2;217;211;191;48;2;190;179;158m▖[38;2;170;173;161;48;2;222;197;162m▝[38;2;104;137;153;48;2;71;92;102m▛[38;2;114;142;151;48;2;61;86;100m▖[38;2;184;190;174;48;2;220;217;198m▞[38;2;97;134;126;48;2;171;185;174m▀[38;2;177;170;150;48;2;97;130;123m▝[38;2;114;138;126;48;2;154;160;140m▖[38;2;168;165;148;48;2;221;199;167m▀[38;2;223;199;164;48;2;189;178;157m▘[38;2;51;89;113;48;2;134;150;151m▘[38;2;153;167;164;48;2;73;95;106m▝[38;2;106;115;111;48;2;150;169;167m▘[38;2;111;135;141;48;2;56;87;107m▝[38;2;59;89;104;48;2;131;146;144m▌[38;2;94;120;127;48;2;26;54;71m▌[38;2;115;147;158;48;2;196;203;188m▖[38;2;160;178;173;48;2;68;96;110m▝[38;2;111;133;129;48;2;146;165;162m▝[38;2;194;181;157;48;2;137;144;141m▀[38;2;210;189;161;48;2;183;173;153m▌[38;2;173;167;149;48;2;227;204;170m▌[38;2;227;205;171;48;2;223;200;165m▌[38;2;212;191;159;48;2;166;161;145m▛[38;2;156;156;131;48;2;195;180;154m▝[38;2;151;160;114;48;2;183;179;136m▘[38;2;203;198;125;48;2;156;166;127m▀[38;2;167;174;121;48;2;102;145;122m▀[38;2;100;142;122;48;2;102;139;116m▀[38;2;84;136;125;48;2;73;118;111m▀[38;2;110;146;123;48;2;60;114;113m▀[38;2;148;162;124;48;2;71;125;116m▀[38;2;90;129;116;48;2;79;126;112m▘[38;2;74;118;106;48;2;106;129;105m▛[38;2;66;117;107;48;2;106;134;103m▀[38;2;63;118;109;48;2;85;124;109m▀[38;2;94;131;107;48;2;184;190;165m▌[0m
[38;2;134;160;133;48;2;96;138;116m▌[38;2;102;143;127;48;2;89;140;126m▛[38;2;107;145;128;48;2;173;183;171m▛[38;2;120;152;152;48;2;43;69;88m▛[38;2;142;153;149;48;2;91;113;122m▝[38;2;69;103;106;48;2;119;125;118m▝[38;2;190;168;146;48;2;163;138;119m▀[38;2;181;157;135;48;2;130;111;99m▀[38;2;205;171;141;48;2;181;142;115m▀[38;2;163;155;133;48;2;101;135;123m▘[38;2;118;137;123;48;2;169;182;166m▀[38;2;183;165;142;48;2;214;207;186m▀[38;2;218;211;188;48;2;156;179;177m▛[38;2;83;124;145;48;2;198;200;184m▖[38;2;245;232;207;48;2;123;127;122m▌[38;2;40;62;77;48;2;59;106;138m▌[38;2;112;145;157;48;2;227;219;195m▌[38;2;207;203;187;48;2;229;218;195m▝[38;2;153;168;169;48;2;224;216;195m▘[38;2;188;179;159;48;2;220;212;190m▝[38;2;215;197;166;48;2;174;176;165m▛[38;2;58;95;119;48;2;112;137;144m▞[38;2;114;146;157;48;2;29;61;83m▌[38;2;179;184;170;48;2;110;116;115m▌[38;2;38;70;87;48;2;171;190;187m▌[38;2;187;190;173;48;2;71;109;106m▌[38;2;156;153;137;48;2;225;194;164m▌[38;2;210;189;162;48;2;205;179;153m▀[38;2;225;200;167;48;2;194;170;147m▀[38;2;235;204;167;48;2;203;178;152m▘[38;2;208;175;146;48;2;73;82;85m▖[38;2;186;198;187;48;2;101;123;129m▝[38;2;43;79;101;48;2;137;156;157m▝[38;2;22;57;86;48;2;96;121;129m▖[38;2;68;92;103;48;2;126;150;154m▞[38;2;102;122;126;48;2;22;51;72m▞[38;2;124;142;145;48;2;220;218;195m▞[38;2;93;132;141;48;2;112;132;133m▝[38;2;75;119;120;48;2;97;135;128m▌[38;2;123;141;129;48;2;174;161;138m▌[38;2;221;192;161;48;2;198;170;146m▝[38;2;214;187;158;48;2;194;166;142m▘[38;2;201;176;149;48;2;179;155;134m▘[38;2;153;140;125;48;2;169;154;136m▖[38;2;192;167;146;48;2;112;140;124m▀[38;2;122;139;122;48;2;157;157;135m▞[38;2;104;144;122;48;2;159;147;120m▀[38;2;103;141;115;48;2;176;166;115m▘[38;2;176;178;126;48;2;209;204;128m▀[38;2;131;151;121;48;2;206;197;127m▀[38;2;195;187;126;48;2;104;133;108m▖[38;2;99;136;109;48;2;148;153;110m▛[38;2;148;152;112;48;2;212;199;127m▘[38;2;203;193;121;48;2;209;198;125m▝[38;2;185;181;124;48;2;214;201;133m▀[38;2;200;189;122;48;2;212;205;167m▌[0m
[38;2;136;164;138;48;2;85;135;116m▌[38;2;114;147;138;48;2;207;204;184m▛[38;2;161;173;170;48;2;49;80;102m▌[38;2;51;65;71;48;2;85;110;117m▛[38;2;113;142;136;48;2;71;106;105m▘[38;2;98;83;76;48;2;154;108;87m▖[38;2;161;115;93;48;2;139;95;80m▀[38;2;145;108;90;48;2;130;98;84m▀[38;2;138;103;85;48;2;153;118;99m▞[38;2;196;193;176;48;2;113;116;113m▞[38;2;58;93;117;48;2;143;168;173m▖[38;2;153;175;174;48;2;225;217;193m▖[38;2;143;170;175;48;2;36;71;97m▌[38;2;77;107;120;48;2;195;199;185m▌[38;2;164;164;151;48;2;215;207;187m▝[38;2;177;172;156;48;2;228;217;194m▘[38;2;206;202;184;48;2;227;217;194m▘[38;2;227;217;194;48;2;234;221;197m▛[38;2;237;223;198;48;2;226;217;195m▖[38;2;227;217;196;48;2;227;217;193m▞[38;2;236;224;198;48;2;184;186;177m▌[38;2;49;75;93;48;2;139;165;166m▌[38;2;33;76;109;48;2;89;98;96m▌[38;2;217;219;200;48;2;134;149;148m▘[38;2;38;61;74;48;2;147;169;169m▌[38;2;111;132;121;48;2;191;196;182m▝[38;2;170;148;130;48;2;110;107;97m▞[38;2;187;155;131;48;2;146;118;103m▀[38;2;190;155;130;48;2;181;137;110m▀[38;2;187;149;124;48;2;163;127;106m▀[38;2;202;160;130;48;2;179;139;113m▘[38;2;98;113;119;48;2;166;130;109m▀[38;2;55;65;72;48;2;150;167;162m▌[38;2;139;157;156;48;2;108;131;141m▌[38;2;40;69;88;48;2;155;163;155m▝[38;2;164;178;172;48;2;59;77;86m▌[38;2;129;152;156;48;2;33;72;100m▛[38;2;86;100;102;48;2;169;180;174m▖[38;2;76;102;112;48;2;164;172;164m▀[38;2;151;145;137;48;2;66;98;117m▛[38;2;66;82;97;48;2;179;143;120m▖[38;2;178;138;114;48;2;143;129;112m▌[38;2;116;151;131;48;2;125;134;115m▀[38;2;97;139;125;48;2;87;133;123m▘[38;2;91;143;132;48;2;80;131;124m▖[38;2;104;131;120;48;2;162;117;97m▛[38;2;156;131;112;48;2;109;125;110m▝[38;2;160;135;113;48;2;86;126;117m▀[38;2;176;155;118;48;2;120;117;105m▀[38;2;201;192;130;48;2;112;150;130m▀[38;2;222;209;136;48;2;184;183;128m▘[38;2;168;167;122;48;2;126;133;114m▞[38;2;178;179;123;48;2;81;131;115m▀[38;2;186;183;122;48;2;81;121;103m▀[38;2;120;148;122;48;2;67;114;108m▀[38;2;113;143;116;48;2;194;197;171m▌[0m
[38;2;122;151;134;48;2;151;171;150m▝[38;2;62;93;117;48;2;133;150;153m▖[38;2;80;110;130;48;2;39;67;89m▘[38;2;115;131;131;48;2;55;97;127m▌[38;2;35;53;69;48;2;92;66;58m▛[38;2;127;84;70;48;2;113;76;65m▝[38;2;110;78;68;48;2;122;84;71m▖[38;2;101;72;64;48;2;116;85;74m▖[38;2;152;128;112;48;2;221;211;188m▌[38;2;160;174;166;48;2;23;41;55m▌[38;2;105;124;131;48;2;164;183;182m▌[38;2;47;81;105;48;2;161;170;163m▌[38;2;41;62;78;48;2;192;192;178m▝[38;2;57;78;88;48;2;199;193;176m▘[38;2;232;219;195;48;2;211;207;188m▀[38;2;223;213;191;48;2;226;215;192m▖[38;2;226;215;194;48;2;228;217;194m▌[38;2;212;211;194;48;2;100;142;159m▛[38;2;193;198;186;48;2;93;136;155m▀[38;2;194;197;184;48;2;231;219;195m▖[38;2;236;225;201;48;2;226;216;193m▝[38;2;134;147;142;48;2;214;209;189m▀[38;2;61;97;120;48;2;45;58;65m▌[38;2;126;142;140;48;2;81;128;156m▌[38;2;102;127;135;48;2;179;185;175m▛[38;2;154;174;174;48;2;56;82;96m▌[38;2;30;55;71;48;2;169;181;172m▖[38;2;190;181;165;48;2;128;97;85m▖[38;2;149;114;97;48;2;123;85;72m▀[38;2;158;117;96;48;2;129;90;75m▀[38;2;159;116;95;48;2;129;89;74m▀[38;2;165;120;96;48;2;130;94;79m▀[38;2;179;128;102;48;2;137;104;87m▘[38;2;60;100;98;48;2;112;109;97m▀[38;2;68;103;103;48;2;136;157;147m▌[38;2;187;192;179;48;2;42;73;91m▛[38;2;87;114;127;48;2;176;185;175m▞[38;2;140;154;153;48;2;88;113;121m▖[38;2;145;161;163;48;2;82;115;123m▀[38;2;63;109;113;48;2;113;145;135m▖[38;2;113;132;118;48;2;87;137;124m▝[38;2;134;102;88;48;2;101;123;109m▘[38;2;97;147;132;48;2;116;118;105m▀[38;2;95;145;129;48;2;124;109;96m▀[38;2;92;138;124;48;2;105;102;95m▘[38;2;123;96;86;48;2;106;120;110m▖[38;2;81;129;117;48;2;108;127;114m▀[38;2;78;128;120;48;2;94;131;117m▀[38;2;90;123;110;48;2;102;106;91m▛[38;2;105;126;114;48;2;132;101;85m▀[38;2;141;95;80;48;2;110;117;103m▖[38;2;94;139;122;48;2;83;119;112m▌[38;2;106;119;112;48;2;76;117;111m▌[38;2;61;107;100;48;2;70;120;110m▝[38;2;77;118;110;48;2;84;120;112m▛[38;2;84;120;109;48;2;188;194;174m▌[0m
[38;2;165;176;162;48;2;61;94;110m▌[38;2;73;87;91;48;2;94;126;143m▌[38;2;28;64;91;48;2;85;100;104m▌[38;2;78;114;136;48;2;28;63;89m▌[38;2;87;70;65;48;2;114;73;61m▌[38;2;102;69;61;48;2;115;87;76m▛[38;2;100;68;60;48;2;167;153;138m▀[38;2;185;191;180;48;2;124;123;122m▞[38;2;189;187;172;48;2;231;220;196m▖[38;2;189;193;179;48;2;63;79;84m▌[38;2;174;191;187;48;2;49;73;89m▝[38;2;140;155;157;48;2;31;57;79m▌[38;2;92;115;125;48;2;194;194;179m▖[38;2;229;218;194;48;2;189;199;186m▛[38;2;157;186;183;48;2;130;159;165m▘[38;2;234;222;196;48;2;189;191;179m▞[38;2;114;147;159;48;2;220;213;192m▖[38;2;232;222;198;48;2;137;161;166m▌[38;2;44;82;109;48;2;38;67;88m▀[38;2;174;187;180;48;2;82;122;144m▝[38;2;209;207;188;48;2;230;218;195m▖[38;2;241;227;199;48;2;226;216;194m▝[38;2;196;194;180;48;2;39;58;72m▌[38;2;94;98;92;48;2;137;162;169m▌[38;2;29;69;97;48;2;155;171;167m▌[38;2;144;161;163;48;2;71;81;84m▌[38;2;75;106;121;48;2;34;55;69m▝[38;2;146;170;170;48;2;200;203;188m▖[38;2;161;139;123;48;2;193;204;193m▀[38;2;190;182;164;48;2;243;230;203m▛[38;2;201;185;163;48;2;202;211;196m▀[38;2;131;105;92;48;2;205;195;175m▀[38;2;119;86;75;48;2;103;67;57m▛[38;2;144;97;78;48;2;122;86;73m▘[38;2;82;101;100;48;2;87;123;133m▌[38;2;75;94;101;48;2;190;193;179m▞[38;2;27;50;66;48;2;126;147;150m▌[38;2;191;196;181;48;2;93;111;114m▌[38;2;104;141;132;48;2;59;90;103m▛[38;2;95;137;127;48;2;64;75;75m▛[38;2;111;141;138;48;2;154;176;173m▛[38;2;84;109;115;48;2;116;91;79m▌[38;2;130;88;74;48;2;108;83;75m▛[38;2;131;91;77;48;2;118;87;77m▘[38;2;106;83;76;48;2;117;86;75m▛[38;2;117;85;74;48;2;105;79;72m▛[38;2;133;94;81;48;2;114;84;73m▀[38;2;116;137;123;48;2;129;98;84m▝[38;2;119;105;93;48;2;97;133;126m▖[38;2;114;129;118;48;2;126;93;80m▛[38;2;124;89;75;48;2;110;120;102m▛[38;2;120;83;71;48;2;92;116;104m▘[38;2;105;133;120;48;2;135;143;134m▛[38;2;85;123;116;48;2;72;112;108m▌[38;2;82;122;114;48;2;102;135;123m▛[38;2;102;126;111;48;2;182;185;167m▌[0m
[38;2;116;139;146;48;2;38;59;70m▌[38;2;96;122;130;48;2;36;78;111m▌[38;2;45;65;78;48;2;81;114;132m▌[38;2;27;68;103;48;2;47;60;73m▌[38;2;90;69;61;48;2;112;74;63m▘[38;2;127;108;98;48;2;174;185;178m▘[38;2;183;200;191;48;2;129;157;163m▀[38;2;25;53;77;48;2;62;92;109m▞[38;2;175;175;160;48;2;224;215;194m▘[38;2;230;217;194;48;2;184;194;184m▌[38;2;47;65;75;48;2;68;93;108m▌[38;2;78;99;112;48;2;195;196;183m▝[38;2;235;224;199;48;2;171;177;168m▞[38;2;195;199;185;48;2;91;130;152m▘[38;2;105;137;153;48;2;208;202;184m▌[38;2;207;205;190;48;2;52;91;120m▌[38;2;115;144;155;48;2;54;100;132m▝[38;2;121;151;161;48;2;223;217;195m▖[38;2;222;216;197;48;2;73;91;102m▖[38;2;59;99;128;48;2;37;65;89m▝[38;2;91;130;150;48;2;190;196;184m▌[38;2;224;214;191;48;2;228;218;194m▝[38;2;139;140;132;48;2;227;219;196m▝[38;2;77;81;78;48;2;164;173;168m▘[38;2;27;56;79;48;2;120;134;133m▌[38;2;58;88;106;48;2;101;120;125m▌[38;2;39;53;60;48;2;113;138;146m▘[38;2;183;196;185;48;2;129;153;158m▀[38;2;34;69;94;48;2;124;142;143m▞[38;2;195;200;186;48;2;90;124;138m▛[38;2;168;180;173;48;2;51;85;106m▌[38;2;50;88;112;48;2;171;187;180m▖[38;2;153;150;139;48;2;90;120;132m▀[38;2;108;75;65;48;2;146;147;139m▀[38;2;91;95;101;48;2;120;80;67m▝[38;2;29;51;70;48;2;128;135;129m▌[38;2;102;116;117;48;2;167;176;168m▀[38;2;138;155;151;48;2;67;97;114m▝[38;2;78;99;109;48;2;136;155;154m▝[38;2;41;69;86;48;2;124;142;144m▌[38;2;71;86;92;48;2;114;133;135m▌[38;2;70;95;117;48;2;115;136;138m▝[38;2;25;80;123;48;2;98;79;77m▖[38;2;123;85;71;48;2;111;81;71m▌[38;2;116;85;74;48;2;111;82;72m▘[38;2;116;82;71;48;2;98;96;84m▌[38;2;78;124;111;48;2;91;113;100m▖[38;2;96;99;89;48;2;113;79;68m▘[38;2;120;79;68;48;2;102;112;96m▀[38;2;112;100;89;48;2;119;138;121m▛[38;2;114;124;109;48;2;108;96;88m▞[38;2;82;129;118;48;2;99;140;125m▞[38;2;101;127;121;48;2;137;144;134m▛[38;2;76;113;111;48;2;103;138;124m▀[38;2;94;141;127;48;2;82;126;119m▝[38;2;89;120;107;48;2;179;178;163m▌[0m
[38;2;196;186;165;48;2;90;98;96m▖[38;2;51;85;97;48;2;90;130;121m▝[38;2;83;122;114;48;2;88;137;119m▀[38;2;65;68;73;48;2;94;132;111m▀[38;2;105;77;66;48;2;102;136;119m▀[38;2;167;181;172;48;2;70;105;123m▌[38;2;96;106;107;48;2;140;163;168m▌[38;2;49;85;112;48;2;194;195;181m▘[38;2;176;190;181;48;2;210;207;188m▖[38;2;236;222;198;48;2;172;180;169m▌[38;2;72;101;120;48;2;44;61;72m▝[38;2;209;204;186;48;2;226;216;193m▌[38;2;189;197;186;48;2;74;115;143m▌[38;2;88;129;151;48;2;58;103;135m▞[38;2;110;131;142;48;2;233;221;196m▌[38;2;116;116;107;48;2;228;219;196m▝[38;2;31;62;85;48;2;137;145;144m▀[38;2;73;118;145;48;2;168;185;178m▌[38;2;235;226;201;48;2;145;155;156m▌[38;2;32;54;72;48;2;40;71;97m▌[38;2;54;95;126;48;2;109;148;163m▌[38;2;184;195;182;48;2;226;216;194m▌[38;2;106;125;131;48;2;220;211;188m▝[38;2;183;195;187;48;2;91;111;118m▝[38;2;96;125;136;48;2;186;190;177m▖[38;2;84;103;110;48;2;177;188;178m▀[38;2;31;63;85;48;2;130;148;152m▝[38;2;148;169;167;48;2;54;96;123m▌[38;2;36;46;53;48;2;155;159;146m▌[38;2;94;134;154;48;2;13;37;55m▌[38;2;117;124;116;48;2;144;159;155m▖[38;2;22;43;59;48;2;51;90;114m▌[38;2;159;180;177;48;2;70;82;86m▌[38;2;145;175;177;48;2;35;65;86m▝[38;2;122;78;65;48;2;144;148;142m▝[38;2;113;124;120;48;2;90;73;67m▝[38;2;128;150;156;48;2;74;104;120m▝[38;2;154;168;163;48;2;24;46;61m▌[38;2;80;114;130;48;2;216;217;198m▌[38;2;125;143;145;48;2;33;60;77m▌[38;2;72;94;104;48;2;137;150;145m▞[38;2;47;72;88;48;2;104;125;128m▖[38;2;58;78;92;48;2;108;136;148m▞[38;2;93;82;79;48;2;61;103;108m▀[38;2;121;82;68;48;2;73;92;90m▀[38;2;102;77;68;48;2;98;131;113m▀[38;2;109;79;68;48;2;104;118;106m▀[38;2;104;81;69;48;2;99;131;117m▘[38;2;100;146;126;48;2;74;127;118m▀[38;2;85;137;125;48;2;95;102;94m▛[38;2;98;107;94;48;2;101;131;118m▖[38;2;89;136;125;48;2;112;136;125m▖[38;2;111;131;108;48;2;149;154;136m▘[38;2;116;148;127;48;2;75;123;111m▀[38;2;96;127;118;48;2;132;140;125m▞[38;2;110;129;113;48;2;193;195;175m▌[0m
[38;2;152;172;145;48;2;97;141;116m▌[38;2;86;136;120;48;2;93;141;125m▝[38;2;89;138;122;48;2;79;126;113m▖[38;2;81;132;114;48;2;122;155;140m▀[38;2;133;162;156;48;2;54;91;114m▛[38;2;56;74;84;48;2;88;120;135m▞[38;2;162;167;159;48;2;204;203;186m▌[38;2;175;191;181;48;2;78;122;147m▛[38;2;133;161;166;48;2;224;215;192m▌[38;2;221;214;194;48;2;137;150;148m▛[38;2;55;70;79;48;2;187;186;175m▛[38;2;225;216;193;48;2;215;210;189m▌[38;2;152;172;173;48;2;69;113;142m▌[38;2;92;134;157;48;2;46;88;118m▌[38;2;102;112;114;48;2;217;214;194m▌[38;2;223;214;191;48;2;183;194;184m▌[38;2;96;134;153;48;2;225;217;196m▖[38;2;239;226;200;48;2;167;173;165m▖[38;2;219;213;192;48;2;103;123;130m▌[38;2;36;52;61;48;2;42;79;104m▌[38;2;48;86;111;48;2;76;121;147m▌[38;2;145;168;168;48;2;223;217;195m▌[38;2;232;220;196;48;2;225;214;192m▞[38;2;123;135;134;48;2;215;211;190m▖[38;2;61;82;92;48;2;199;192;172m▀[38;2;98;131;146;48;2;165;177;171m▝[38;2;194;201;191;48;2;100;119;125m▝[38;2;207;210;193;48;2;154;175;174m▘[38;2;158;171;166;48;2;73;119;144m▀[38;2;96;137;158;48;2;170;181;175m▖[38;2;174;177;166;48;2;216;215;195m▀[38;2;42;62;73;48;2;184;181;165m▀[38;2;86;116;129;48;2;157;173;167m▌[38;2;36;60;74;48;2;44;57;63m▝[38;2;37;78;105;48;2;137;161;164m▌[38;2;99;83;76;48;2;113;111;105m▀[38;2;95;120;124;48;2;74;93;100m▌[38;2;142;152;145;48;2;29;53;69m▌[38;2;150;170;168;48;2;64;96;113m▛[38;2;176;186;179;48;2;89;107;112m▌[38;2;22;45;61;48;2;120;136;138m▌[38;2;49;65;73;48;2;94;123;137m▌[38;2;89;105;109;48;2;46;67;72m▞[38;2;130;155;155;48;2;48;97;116m▌[38;2;46;94;117;48;2;82;134;120m▀[38;2;78;123;115;48;2;88;138;123m▖[38;2;86;136;123;48;2;76;127;120m▛[38;2;71;121;116;48;2;92;135;123m▖[38;2;90;115;107;48;2;101;78;67m▀[38;2;115;107;101;48;2;93;103;92m▘[38;2;108;156;134;48;2;85;135;123m▘[38;2;68;123;118;48;2;75;125;121m▀[38;2;163;157;140;48;2;99;131;126m▝[38;2;142;148;138;48;2;76;122;112m▖[38;2;79;127;115;48;2;135;148;130m▘[38;2;126;143;121;48;2;183;193;171m▌[0m
[38;2;137;160;138;48;2;85;130;108m▌[38;2;77;118;110;48;2;88;134;118m▝[38;2;98;134;122;48;2;176;187;179m▛[38;2;112;145;157;48;2;31;55;73m▛[38;2;30;62;87;48;2;80;101;110m▘[38;2;114;132;137;48;2;210;207;185m▛[38;2;190;196;183;48;2;99;140;159m▛[38;2;112;150;165;48;2;36;76;106m▘[38;2;154;168;162;48;2;228;216;193m▌[38;2;126;139;137;48;2;212;205;187m▝[38;2;159;157;145;48;2;226;218;197m▘[38;2;190;198;186;48;2;93;132;153m▛[38;2;85;126;150;48;2;95;132;153m▘[38;2;91;135;159;48;2;41;72;95m▘[38;2;133;137;129;48;2;191;198;186m▘[38;2;193;197;183;48;2;207;211;194m▌[38;2;74;111;132;48;2;27;69;104m▛[38;2;148;172;174;48;2;223;216;193m▖[38;2;195;193;179;48;2;62;77;86m▌[38;2;45;66;78;48;2;42;52;57m▝[38;2;41;84;115;48;2;41;70;92m▝[38;2;169;185;178;48;2;85;125;147m▝[38;2;198;204;188;48;2;229;221;198m▖[38;2;211;204;186;48;2;59;73;80m▖[38;2;39;64;81;48;2;185;194;184m▖[38;2;220;216;196;48;2;128;159;168m▛[38;2;113;149;163;48;2;220;216;196m▖[38;2;235;226;202;48;2;201;202;187m▖[38;2;61;82;92;48;2;181;185;174m▝[38;2;33;73;102;48;2;41;55;62m▝[38;2;180;193;182;48;2;60;105;133m▝[38;2;217;210;189;48;2;184;191;179m▘[38;2;121;149;157;48;2;178;187;177m▖[38;2;189;190;173;48;2;59;69;73m▖[38;2;49;88;111;48;2;33;53;66m▝[38;2;107;138;147;48;2;87;100;103m▌[38;2;110;129;130;48;2;33;55;69m▌[38;2;52;69;79;48;2;119;133;134m▝[38;2;75;101;113;48;2;121;144;148m▞[38;2;44;75;95;48;2;151;165;163m▌[38;2;88;107;115;48;2;149;166;165m▀[38;2;72;91;95;48;2;93;137;120m▛[38;2;74;117;107;48;2;90;136;128m▝[38;2;85;133;121;48;2;112;141;135m▛[38;2;102;146;140;48;2;93;113;119m▀[38;2;104;134;148;48;2;97;134;124m▖[38;2;77;119;115;48;2;114;141;146m▛[38;2;82;115;112;48;2;59;76;98m▛[38;2;82;132;122;48;2;91;114;109m▝[38;2;84;95;92;48;2;80;126;121m▖[38;2;81;124;120;48;2;94;138;129m▛[38;2;80;132;125;48;2;71;122;120m▌[38;2;76;128;117;48;2;88;123;116m▝[38;2;159;168;144;48;2;94;133;120m▝[38;2;133;150;129;48;2;184;173;147m▀[38;2;119;142;125;48;2;168;183;166m▌[0m
[38;2;133;161;133;48;2;89;138;110m▌[38;2;88;137;122;48;2;92;142;122m▀[38;2;98;137;132;48;2;75;124;115m▀[38;2;47;70;82;48;2;107;121;122m▌[38;2;109;125;128;48;2;209;206;185m▛[38;2;182;194;182;48;2;92;134;154m▛[38;2;65;114;141;48;2;37;73;98m▘[38;2;52;69;77;48;2;162;162;149m▛[38;2;197;196;182;48;2;216;211;192m▀[38;2;222;213;191;48;2;208;207;189m▛[38;2;186;194;183;48;2;92;131;151m▛[38;2;97;134;154;48;2;76;116;143m▛[38;2;89;127;150;48;2;45;73;95m▘[38;2;48;63;74;48;2;184;188;174m▘[38;2;84;122;145;48;2;186;193;183m▞[38;2;192;198;186;48;2;76;106;121m▛[38;2;30;53;73;48;2;41;74;101m▖[38;2;152;170;171;48;2;209;208;191m▘[38;2;157;165;161;48;2;234;226;203m▞[38;2;143;142;133;48;2;36;47;53m▖[38;2;41;55;62;48;2;36;69;97m▌[38;2;47;78;104;48;2;79;118;141m▌[38;2;164;182;177;48;2;216;213;193m▌[38;2;140;143;134;48;2;231;221;200m▝[38;2;24;38;48;48;2;77;100;111m▘[38;2;221;222;204;48;2;144;160;160m▌[38;2;72;113;138;48;2;43;68;86m▝[38;2;86;127;149;48;2;196;201;188m▖[38;2;173;182;175;48;2;63;86;98m▛[38;2;45;56;61;48;2;177;180;168m▝[38;2;95;103;100;48;2;42;60;70m▖[38;2;157;178;178;48;2;45;87;114m▝[38;2;107;138;151;48;2;206;206;188m▞[38;2;180;194;186;48;2;101;128;141m▝[38;2;96;106;107;48;2;144;160;158m▝[38;2;103;125;130;48;2;177;186;177m▀[38;2;129;141;137;48;2;54;69;79m▌[38;2;107;124;128;48;2;86;100;99m▌[38;2;44;77;101;48;2;111;140;147m▌[38;2;43;63;74;48;2;50;85;109m▌[38;2;112;136;144;48;2;61;92;110m▛[38;2;112;141;132;48;2;44;67;78m▛[38;2;96;136;128;48;2;84;107;111m▛[38;2;156;172;163;48;2;102;129;127m▝[38;2;80;100;110;48;2;128;143;145m▞[38;2;175;184;177;48;2;79;106;120m▖[38;2;75;100;113;48;2;127;141;141m▞[38;2;128;155;164;48;2;91;115;119m▘[38;2;65;108;112;48;2;95;140;124m▖[38;2;83;129;121;48;2;60;107;117m▀[38;2;111;137;130;48;2;59;106;121m▝[38;2;90;133;123;48;2;64;104;124m▀[38;2;65;101;121;48;2;84;125;119m▖[38;2;80;119;109;48;2;128;150;135m▀[38;2;195;180;155;48;2;98;134;123m▝[38;2;162;163;142;48;2;173;185;170m▌[0m
[38;2;139;164;140;48;2;86;133;108m▌[38;2;91;135;122;48;2;109;137;141m▛[38;2;54;100;134;48;2;119;148;158m▀[38;2;49;92;120;48;2;105;128;137m▀[38;2;137;144;135;48;2;179;189;180m▘[38;2;144;167;170;48;2;61;102;130m▌[38;2;44;74;95;48;2;169;178;169m▛[38;2;172;184;176;48;2;50;91;125m▛[38;2;14;46;79;48;2;97;118;128m▖[38;2;206;206;188;48;2;158;174;172m▛[38;2;106;139;155;48;2;86;125;148m▀[38;2;77;120;147;48;2;33;63;90m▘[38;2;40;51;61;48;2;166;172;162m▘[38;2;171;193;189;48;2;47;81;108m▘[38;2;116;128;133;48;2;203;207;190m▘[38;2;117;146;156;48;2;42;62;77m▘[38;2;59;89;111;48;2;194;199;187m▛[38;2;220;214;195;48;2;95;126;147m▌[38;2;93;128;149;48;2;195;201;187m▌[38;2;225;220;198;48;2;87;98;102m▌[38;2;30;47;61;48;2;43;68;85m▌[38;2;42;71;96;48;2;75;113;136m▌[38;2;151;173;171;48;2;223;218;196m▌[38;2;229;221;197;48;2;163;177;176m▀[38;2;160;166;161;48;2;226;219;197m▝[38;2;151;164;163;48;2;211;208;191m▝[38;2;165;163;151;48;2;49;62;68m▖[38;2;145;170;174;48;2;50;90;118m▝[38;2;172;180;170;48;2;238;230;206m▞[38;2;133;146;145;48;2;25;52;72m▞[38;2;224;223;204;48;2;145;161;161m▘[38;2;60;71;74;48;2;148;161;160m▀[38;2;138;140;131;48;2;52;90;117m▖[38;2;52;99;135;48;2;179;188;179m▖[38;2;90;112;122;48;2;89;122;138m▞[38;2;107;130;137;48;2;48;67;79m▞[38;2;186;196;186;48;2;57;90;111m▀[38;2;168;170;158;48;2;207;206;190m▝[38;2;117;136;141;48;2;157;175;174m▀[38;2;29;55;73;48;2;112;128;131m▀[38;2;94;124;143;48;2;60;83;98m▌[38;2;64;85;98;48;2;104;123;129m▞[38;2;46;73;92;48;2;103;125;132m▌[38;2;76;98;108;48;2;96;119;127m▌[38;2;113;124;126;48;2;41;67;84m▌[38;2;146;168;172;48;2;100;124;134m▘[38;2;88;108;117;48;2;29;46;58m▞[38;2;132;147;147;48;2;102;128;141m▘[38;2;96;124;136;48;2;44;62;74m▝[38;2;92;123;143;48;2;32;83;122m▌[38;2;39;90;127;48;2;69;110;110m▀[38;2;55;110;126;48;2;83;128;109m▀[38;2;62;109;123;48;2;86;132;114m▀[38;2;140;152;133;48;2;84;127;115m▝[38;2;70;119;97;48;2;131;144;112m▝[38;2;151;160;126;48;2;220;211;187m▌[0m
[38;2;144;168;145;48;2;87;133;107m▌[38;2;94;140;121;48;2;86;132;118m▖[38;2;74;117;110;48;2;102;135;129m▖[38;2;133;155;155;48;2;105;149;135m▀[38;2;135;158;164;48;2;104;143;139m▀[38;2;34;73;105;48;2;80;111;133m▞[38;2;204;207;190;48;2;130;153;160m▞[38;2;74;113;140;48;2;32;67;98m▘[38;2;79;92;101;48;2;205;200;182m▌[38;2;204;206;191;48;2;101;133;151m▌[38;2;92;127;148;48;2;65;102;133m▌[38;2;41;60;78;48;2;121;126;122m▛[38;2;167;184;182;48;2;64;100;129m▛[38;2;28;58;86;48;2;142;142;131m▌[38;2;215;219;203;48;2;102;123;131m▌[38;2;37;52;66;48;2;35;67;94m▌[38;2;127;148;154;48;2;227;221;200m▌[38;2;54;85;107;48;2;119;132;139m▞[38;2;191;197;185;48;2;111;123;132m▛[38;2;195;194;181;48;2;81;96;108m▌[38;2;39;52;62;48;2;50;71;86m▘[38;2;39;60;78;48;2;41;75;104m▖[38;2;89;123;144;48;2;200;203;185m▌[38;2;192;190;176;48;2;54;80;100m▌[38;2;37;80;114;48;2;160;176;175m▖[38;2;209;209;190;48;2;225;218;197m▌[38;2;196;201;189;48;2;82;104;115m▀[38;2;41;68;89;48;2;170;173;163m▝[38;2;174;188;182;48;2;74;107;129m▝[38;2;221;220;201;48;2;154;169;168m▘[38;2;150;164;163;48;2;223;221;202m▛[38;2;140;142;136;48;2;38;64;83m▖[38;2;212;211;194;48;2;68;98;118m▝[38;2;98;132;151;48;2;183;187;178m▝[38;2;187;194;182;48;2;87;100;105m▌[38;2;141;159;161;48;2;42;72;96m▝[38;2;132;154;161;48;2;65;78;84m▖[38;2;182;192;183;48;2;57;89;111m▝[38;2;56;87;109;48;2;199;197;180m▝[38;2;128;153;163;48;2;48;76;97m▝[38;2;51;87;115;48;2;132;149;152m▖[38;2;56;81;99;48;2;141;153;152m▘[38;2;27;48;62;48;2;93;123;140m▌[38;2;91;117;128;48;2;75;99;110m▝[38;2;117;130;133;48;2;92;101;101m▌[38;2;42;69;91;48;2;94;116;125m▌[38;2;61;68;69;48;2;95;114;122m▝[38;2;112;142;157;48;2;50;80;98m▝[38;2;44;90;111;48;2;71;110;111m▝[38;2;58;101;126;48;2;80;127;122m▝[38;2;32;79;114;48;2;55;106;118m▀[38;2;44;82;97;48;2;75;120;117m▀[38;2;76;119;106;48;2;57;95;94m▝[38;2;61;104;98;48;2;73;115;103m▖[38;2;73;123;107;48;2;103;133;109m▘[38;2;172;157;130;48;2;215;205;182m▌[0m
[38;2;156;174;151;48;2;103;144;118m▌[38;2;114;158;135;48;2;109;151;134m▖[38;2;99;143;131;48;2;88;120;130m▛[38;2;101;149;134;48;2;108;140;148m▀[38;2;109;147;143;48;2;66;107;127m▌[38;2;63;98;125;48;2;165;178;173m▘[38;2;133;158;167;48;2;47;86;118m▘[38;2;37;70;99;48;2;35;54;68m▘[38;2;143;145;137;48;2;203;202;185m▘[38;2;152;170;171;48;2;92;123;144m▌[38;2;93;125;146;48;2;55;93;127m▌[38;2;74;89;99;48;2;167;179;171m▌[38;2;132;158;166;48;2;54;81;105m▌[38;2;63;80;88;48;2;169;182;176m▌[38;2;149;169;172;48;2;56;79;97m▌[38;2;50;67;80;48;2;64;92;110m▌[38;2;167;186;185;48;2;106;136;148m▌[38;2;40;84;117;48;2;115;142;130m▘[38;2;95;111;121;48;2;182;172;128m▀[38;2;151;162;147;48;2;94;133;124m▘[38;2;57;98;129;48;2;98;121;131m▀[38;2;63;109;145;48;2;42;79;110m▖[38;2;235;221;196;48;2;122;137;142m▝[38;2;228;219;197;48;2;120;132;134m▘[38;2;37;51;63;48;2;61;91;110m▘[38;2;71;106;133;48;2;189;194;182m▖[38;2;105;113;112;48;2;226;220;198m▝[38;2;162;178;176;48;2;47;71;88m▝[38;2;186;195;187;48;2;84;113;132m▌[38;2;72;105;126;48;2;157;174;173m▖[38;2;129;146;148;48;2;33;62;84m▞[38;2;138;153;153;48;2;228;228;208m▞[38;2;177;175;163;48;2;41;60;74m▖[38;2;219;217;198;48;2;76;110;131m▝[38;2;129;141;140;48;2;208;204;187m▝[38;2;54;67;74;48;2;35;50;61m▖[38;2;33;69;98;48;2;130;155;162m▌[38;2;138;149;145;48;2;51;80;101m▖[38;2;200;201;185;48;2;180;186;175m▀[38;2;35;67;93;48;2;119;136;139m▖[38;2;129;138;132;48;2;29;49;65m▖[38;2;156;173;172;48;2;52;85;110m▝[38;2;99;119;127;48;2;151;168;169m▀[38;2;59;89;107;48;2;92;115;125m▝[38;2;106;126;133;48;2;118;122;118m▌[38;2;36;55;67;48;2;87;120;140m▌[38;2;61;92;115;48;2;104;133;148m▌[38;2;40;87;124;48;2;103;134;150m▀[38;2;69;104;112;48;2;97;133;136m▀[38;2;100;137;126;48;2;67;102;103m▖[38;2;53;88;96;48;2;79;117;107m▖[38;2;70;109;105;48;2;152;162;120m▀[38;2;99;126;106;48;2;207;195;127m▀[38;2;155;156;106;48;2;209;196;124m▀[38;2;200;188;118;48;2;192;181;110m▖[38;2;192;181;117;48;2;214;207;179m▌[0m
[38;2;91;125;128;48;2;152;165;161m▝[38;2;146;161;164;48;2;123;148;149m▖[38;2;133;151;149;48;2;174;181;175m▀[38;2;178;185;177;48;2;152;169;168m▝[38;2;121;142;151;48;2;142;161;164m▝[38;2;167;178;173;48;2;110;140;157m▌[38;2;48;84;115;48;2;43;71;95m▘[38;2;36;55;71;48;2;105;114;117m▌[38;2;207;207;192;48;2;160;175;175m▌[38;2;127;155;165;48;2;157;175;174m▀[38;2;115;144;159;48;2;142;167;172m▛[38;2;181;189;182;48;2;150;174;175m▌[38;2;66;105;134;48;2;126;155;166m▝[38;2;112;140;154;48;2;156;175;175m▘[38;2;64;108;143;48;2;134;158;167m▝[38;2;43;88;128;48;2;121;152;164m▘[38;2;109;145;136;48;2;151;172;170m▝[38;2;89;140;129;48;2;130;157;129m▀[38;2;96;139;130;48;2;133;154;130m▀[38;2;85;131;126;48;2;118;154;137m▝[38;2;111;154;140;48;2;152;156;126m▘[38;2;101;132;128;48;2;127;148;146m▞[38;2;153;183;185;48;2;113;146;152m▖[38;2;127;157;162;48;2;147;177;180m▛[38;2;159;187;190;48;2;125;159;161m▖[38;2;103;124;134;48;2;182;183;172m▛[38;2;240;231;208;48;2;181;184;171m▝[38;2;131;139;136;48;2;26;44;59m▌[38;2;118;131;135;48;2;149;166;168m▞[38;2;31;48;62;48;2;56;90;116m▌[38;2;70;79;82;48;2;155;171;171m▝[38;2;38;57;70;48;2;98;128;142m▌[38;2;156;168;163;48;2;217;217;200m▞[38;2;62;81;93;48;2;40;55;65m▞[38;2;122;144;148;48;2;216;217;200m▌[38;2;189;186;172;48;2;57;69;77m▌[38;2;54;70;80;48;2;55;87;110m▌[38;2;85;113;131;48;2;142;161;164m▞[38;2;90;123;144;48;2;221;220;200m▌[38;2;131;130;121;48;2;31;52;68m▌[38;2;53;80;99;48;2;121;141;146m▖[38;2;97;114;122;48;2;44;62;73m▖[38;2;147;165;166;48;2;47;86;115m▝[38;2;76;113;139;48;2;150;167;167m▝[38;2;102;128;142;48;2;141;164;168m▛[38;2;71;108;133;48;2;144;167;171m▀[38;2;159;178;177;48;2;123;148;152m▖[38;2;85;116;112;48;2;78;106;113m▛[38;2;69;103;102;48;2;124;145;115m▛[38;2;83;116;104;48;2;191;186;125m▀[38;2;152;160;116;48;2;204;193;125m▘[38;2;212;198;129;48;2;197;185;122m▀[38;2;204;189;120;48;2;163;160;110m▀[38;2;208;192;125;48;2;201;187;121m▖[38;2;198;184;116;48;2;202;186;120m▛[38;2;197;182;120;48;2;217;208;180m▌[0m
[38;2;198;197;180;48;2;188;190;171m▛[38;2;145;158;157;48;2;179;183;174m▖[38;2;156;174;171;48;2;198;198;182m▀[38;2;157;171;167;48;2;196;197;182m▀[38;2;196;196;180;48;2;172;179;171m▌[38;2;107;133;146;48;2;162;173;168m▝[38;2;47;78;105;48;2;78;112;138m▀[38;2;66;94;113;48;2;148;164;165m▌[38;2;174;185;179;48;2;150;170;173m▝[38;2;180;189;181;48;2;127;155;166m▀[38;2;158;175;175;48;2;165;183;179m▀[38;2;154;175;177;48;2;190;196;186m▀[38;2;134;161;170;48;2;178;188;183m▀[38;2;147;168;171;48;2;184;193;184m▛[38;2;119;146;161;48;2;161;176;175m▘[38;2;153;169;171;48;2;173;185;180m▞[38;2;167;182;179;48;2;126;150;157m▌[38;2;136;150;144;48;2;190;175;135m▌[38;2;205;184;136;48;2;216;192;142m▛[38;2;192;174;131;48;2;168;158;122m▞[38;2;170;169;133;48;2;202;183;138m▝[38;2;96;133;128;48;2;73;116;112m▛[38;2;93;128;122;48;2;129;156;148m▖[38;2;134;161;161;48;2;102;140;130m▀[38;2;93;133;125;48;2;128;157;150m▖[38;2;124;149;153;48;2;86;124;142m▖[38;2;103;135;154;48;2;140;165;170m▌[38;2;181;192;183;48;2;87;116;134m▌[38;2;70;104;130;48;2;164;169;165m▌[38;2;179;182;175;48;2;155;159;155m▛[38;2;95;126;149;48;2;127;149;153m▘[38;2;71;110;138;48;2;102;137;157m▀[38;2;190;198;188;48;2;141;166;172m▝[38;2;43;93;131;48;2;134;155;162m▝[38;2;60;107;141;48;2;118;152;166m▘[38;2;178;195;187;48;2;158;174;173m▘[38;2;78;116;143;48;2;111;145;160m▛[38;2;86;126;150;48;2;146;167;170m▘[38;2;88;121;143;48;2;139;164;170m▘[38;2;35;56;72;48;2;113;139;151m▝[38;2;69;102;123;48;2;112;143;158m▀[38;2;64;108;140;48;2;142;164;168m▝[38;2;100;137;157;48;2;133;160;167m▀[38;2;138;163;168;48;2;166;183;179m▘[38;2;139;166;169;48;2;166;182;176m▘[38;2;190;191;178;48;2;55;97;133m▀[38;2;98;128;132;48;2;169;177;161m▖[38;2;179;179;153;48;2;206;195;131m▀[38;2;215;203;137;48;2;197;190;130m▞[38;2;208;197;133;48;2;198;188;128m▌[38;2;196;188;124;48;2;206;195;132m▛[38;2;197;186;123;48;2;177;172;121m▛[38;2;163;160;114;48;2;168;162;108m▖[38;2;202;184;121;48;2;205;189;123m▝[38;2;202;183;121;48;2;199;180;114m▛[38;2;192;173;109;48;2;215;205;178m▌[0m
[38;2;186;189;175;48;2;153;168;161m▛[38;2;196;194;178;48;2;180;183;173m▀[38;2;203;197;178;48;2;129;150;156m▀[38;2;204;199;182;48;2;147;165;166m▀[38;2;164;175;171;48;2;184;184;173m▀[38;2;184;186;174;48;2;165;175;171m▖[38;2;122;151;164;48;2;197;194;180m▀[38;2;150;169;170;48;2;190;193;181m▀[38;2;113;140;155;48;2;191;193;184m▘[38;2;155;170;172;48;2;210;206;189m▘[38;2;199;198;186;48;2;187;190;180m▖[38;2;206;204;189;48;2;174;179;174m▘[38;2;167;176;174;48;2;197;199;186m▘[38;2;189;194;184;48;2;211;205;188m▀[38;2;214;210;192;48;2;196;196;184m▘[38;2;189;195;185;48;2;144;163;167m▀[38;2;156;174;175;48;2;130;156;164m▀[38;2;186;177;143;48;2;137;157;157m▀[38;2;207;188;138;48;2;97;115;119m▀[38;2;186;174;130;48;2;74;97;113m▀[38;2;149;155;136;48;2;171;181;175m▛[38;2;183;186;179;48;2;97;129;135m▖[38;2;89;135;123;48;2;106;137;126m▛[38;2;93;138;127;48;2;115;154;137m▝[38;2;94;135;128;48;2;153;163;153m▌[38;2;132;156;164;48;2;186;190;178m▝[38;2;162;176;174;48;2;192;195;182m▀[38;2;163;176;164;48;2;96;136;128m▛[38;2;94;138;130;48;2;124;152;143m▖[38;2;146;154;150;48;2;85;129;123m▌[38;2;90;140;127;48;2;76;129;120m▛[38;2;87;137;128;48;2;139;165;162m▖[38;2;159;177;175;48;2;172;186;180m▖[38;2;179;190;183;48;2;175;184;176m▘[38;2;184;194;187;48;2;178;187;181m▀[38;2;174;190;185;48;2;192;196;185m▘[38;2;176;182;177;48;2;164;176;174m▖[38;2;192;197;186;48;2;163;177;175m▘[38;2;195;200;186;48;2;168;180;174m▀[38;2;162;177;174;48;2;202;200;185m▀[38;2;181;189;182;48;2;193;196;185m▀[38;2;192;194;181;48;2;174;184;177m▖[38;2;183;190;180;48;2;157;174;172m▀[38;2;184;191;181;48;2;157;174;173m▀[38;2;185;194;186;48;2;184;182;150m▀[38;2;125;143;129;48;2;218;205;138m▀[38;2;216;203;134;48;2;204;194;131m▝[38;2;199;191;130;48;2;187;165;115m▛[38;2;204;197;134;48;2;181;160;113m▀[38;2;193;174;120;48;2;205;194;132m▖[38;2;202;192;130;48;2;210;198;133m▌[38;2;164;163;115;48;2;124;132;95m▌[38;2;195;183;117;48;2;206;193;127m▛[38;2;198;187;118;48;2;203;190;124m▘[38;2;203;190;125;48;2;198;183;116m▌[38;2;193;175;110;48;2;218;209;181m▌[0m
[38;2;166;176;168;48;2;98;129;137m▛[38;2;126;148;153;48;2;159;173;167m▖[38;2;112;136;148;48;2;170;181;173m▝[38;2;163;177;171;48;2;118;144;154m▞[38;2;154;170;167;48;2;105;141;156m▀[38;2;152;174;172;48;2;109;144;157m▀[38;2;154;174;172;48;2;102;137;153m▀[38;2;131;163;169;48;2;174;179;171m▖[38;2;199;199;185;48;2;179;182;174m▘[38;2;180;183;175;48;2;151;156;159m▛[38;2;173;178;172;48;2;96;130;151m▀[38;2;133;161;169;48;2;90;128;151m▀[38;2;147;175;178;48;2;71;113;143m▀[38;2;170;181;177;48;2;82;123;150m▀[38;2;150;168;168;48;2;92;131;153m▀[38;2;135;160;167;48;2;161;181;178m▛[38;2;99;134;154;48;2;151;166;157m▀[38;2;120;146;154;48;2;142;165;167m▌[38;2;98;126;143;48;2;57;86;115m▌[38;2;62;94;122;48;2;71;110;137m▛[38;2;80;114;135;48;2;99;136;154m▖[38;2;143;158;151;48;2;208;201;158m▌[38;2;125;142;140;48;2;63;94;123m▛[38;2;63;95;122;48;2;118;135;137m▖[38;2;201;196;142;48;2;112;137;142m▖[38;2;90;127;148;48;2;59;100;133m▛[38;2;193;192;180;48;2;89;121;142m▝[38;2;151;164;156;48;2;222;211;188m▞[38;2;144;167;153;48;2;103;142;133m▌[38;2;97;135;132;48;2;105;140;135m▖[38;2;121;147;140;48;2;140;161;150m▌[38;2;121;153;146;48;2;171;174;162m▛[38;2;156;167;168;48;2;235;221;199m▀[38;2;145;159;162;48;2;235;220;194m▀[38;2;116;143;157;48;2;213;203;183m▀[38;2;186;190;178;48;2;134;155;163m▖[38;2;113;144;161;48;2;138;166;173m▛[38;2;105;138;155;48;2;165;177;173m▀[38;2;181;188;179;48;2;133;158;165m▝[38;2;180;186;176;48;2;104;139;158m▀[38;2;115;146;162;48;2;161;175;172m▖[38;2;174;182;168;48;2;112;139;148m▖[38;2;80;120;143;48;2;176;175;134m▀[38;2;149;163;145;48;2;200;192;136m▘[38;2;188;183;130;48;2;210;199;136m▖[38;2;211;200;137;48;2;190;183;130m▀[38;2;212;199;136;48;2;188;181;129m▛[38;2;181;146;103;48;2;201;182;126m▝[38;2;168;137;98;48;2;192;167;116m▝[38;2;181;150;105;48;2;203;185;129m▘[38;2;212;199;136;48;2;209;193;133m▀[38;2;149;149;108;48;2;205;190;131m▝[38;2;202;187;122;48;2;205;191;128m▌[38;2;206;192;130;48;2;204;187;129m▀[38;2;203;188;123;48;2;204;189;129m▝[38;2;198;180;116;48;2;214;204;174m▌[0m
[38;2;175;183;174;48;2;124;145;146m▌[38;2;161;172;166;48;2;136;153;152m▀[38;2;157;169;165;48;2;138;157;161m▀[38;2;127;151;156;48;2;141;159;161m▝[38;2;99;130;146;48;2;126;149;155m▀[38;2;89;123;145;48;2;117;143;154m▘[38;2;139;160;163;48;2;120;138;135m▛[38;2;117;151;164;48;2;146;157;143m▀[38;2;130;158;168;48;2;145;155;140m▀[38;2;135;156;157;48;2;102;133;144m▛[38;2;157;167;167;48;2;122;147;156m▘[38;2;116;143;159;48;2;179;185;168m▀[38;2;113;140;159;48;2;195;190;159m▀[38;2;80;112;137;48;2;171;168;133m▀[38;2;80;115;138;48;2;162;169;141m▘[38;2;156;169;152;48;2;204;191;138m▀[38;2;224;208;153;48;2;206;192;139m▝[38;2;208;195;142;48;2;215;200;146m▖[38;2;126;135;127;48;2;224;207;146m▀[38;2;142;148;130;48;2;221;204;144m▀[38;2;186;180;135;48;2;211;199;143m▘[38;2;165;166;128;48;2;203;195;142m▖[38;2;58;92;125;48;2;127;141;133m▝[38;2;209;198;144;48;2;109;127;128m▝[38;2;219;207;146;48;2;178;176;136m▀[38;2;213;202;144;48;2;188;184;136m▘[38;2;186;183;135;48;2;203;192;137m▀[38;2;166;170;132;48;2;188;182;133m▝[38;2;102;138;129;48;2;157;158;126m▀[38;2;109;145;133;48;2;174;173;130m▀[38;2;104;135;123;48;2;194;187;141m▀[38;2;187;174;154;48;2;217;198;168m▝[38;2;193;189;174;48;2;136;160;149m▀[38;2;166;172;164;48;2;199;196;179m▌[38;2;228;216;193;48;2;218;209;188m▀[38;2;136;156;160;48;2;216;206;179m▝[38;2;94;127;145;48;2;196;190;144m▀[38;2;126;153;159;48;2;187;184;139m▀[38;2;124;154;162;48;2;181;181;141m▀[38;2;98;132;149;48;2;205;196;146m▀[38;2;165;173;144;48;2;216;202;146m▀[38;2;210;198;138;48;2;200;191;140m▝[38;2;218;205;143;48;2;184;177;132m▀[38;2;207;195;143;48;2;195;186;134m▖[38;2;190;183;131;48;2;206;193;136m▝[38;2;194;185;130;48;2;210;198;138m▘[38;2;196;183;129;48;2;209;195;136m▝[38;2;189;158;112;48;2;186;152;108m▀[38;2;197;172;121;48;2;181;154;109m▛[38;2;177;152;109;48;2;170;141;100m▘[38;2;203;179;121;48;2;206;190;130m▌[38;2;205;188;130;48;2;202;183;125m▌[38;2;202;185;127;48;2;203;187;130m▀[38;2;201;185;126;48;2;209;193;144m▛[38;2;206;190;140;48;2;203;187;131m▖[38;2;195;177;121;48;2;211;200;170m▌[0m
[38;2;139;150;142;48;2;200;192;164m▝[38;2;143;151;140;48;2;206;190;143m▀[38;2;145;152;139;48;2;209;190;141m▀[38;2;153;161;146;48;2;203;187;136m▀[38;2;153;159;140;48;2;206;189;138m▀[38;2;158;158;130;48;2;192;179;132m▘[38;2;208;188;133;48;2;196;182;134m▝[38;2;217;198;138;48;2;200;188;139m▀[38;2;219;202;143;48;2;203;192;143m▀[38;2;193;184;138;48;2;215;200;145m▞[38;2;169;167;132;48;2;218;200;148m▀[38;2;198;181;136;48;2;174;167;126m▖[38;2;201;188;136;48;2;177;172;132m▝[38;2;208;194;139;48;2;193;185;141m▀[38;2;193;186;141;48;2;214;201;148m▞[38;2;169;166;126;48;2;201;191;143m▝[38;2;163;162;123;48;2;196;188;143m▀[38;2;194;186;137;48;2;203;193;145m▀[38;2;190;183;134;48;2;208;198;150m▀[38;2;213;202;154;48;2;189;183;139m▖[38;2;161;165;135;48;2;206;196;145m▖[38;2;203;193;142;48;2;212;201;152m▀[38;2;192;185;136;48;2;214;203;153m▀[38;2;182;178;133;48;2;219;204;154m▀[38;2;190;182;136;48;2;212;199;149m▀[38;2;195;187;138;48;2;212;201;151m▘[38;2;208;195;140;48;2;218;208;159m▀[38;2;211;198;142;48;2;211;203;157m▀[38;2;205;195;141;48;2;205;199;156m▀[38;2;197;188;134;48;2;206;199;155m▀[38;2;179;174;128;48;2;205;198;155m▀[38;2;197;187;140;48;2;202;197;155m▀[38;2;130;156;128;48;2;197;189;146m▝[38;2;132;153;126;48;2;214;198;152m▀[38;2;186;181;138;48;2;218;206;160m▀[38;2;192;185;137;48;2;219;206;162m▀[38;2;204;195;143;48;2;219;207;162m▀[38;2;203;192;139;48;2;213;203;161m▀[38;2;207;195;139;48;2;210;201;160m▀[38;2;205;196;147;48;2;216;206;165m▛[38;2;200;190;140;48;2;216;205;163m▀[38;2;205;193;140;48;2;210;201;163m▀[38;2;189;180;131;48;2;224;211;168m▀[38;2;191;180;129;48;2;219;207;163m▀[38;2;207;191;135;48;2;217;205;161m▀[38;2;213;199;148;48;2;222;209;169m▀[38;2;208;193;135;48;2;219;208;164m▀[38;2;194;168;115;48;2;220;210;166m▀[38;2;194;171;120;48;2;219;208;163m▀[38;2;191;167;114;48;2;219;207;160m▀[38;2;204;183;126;48;2;212;197;153m▀[38;2;201;182;124;48;2;211;194;150m▀[38;2;196;175;116;48;2;207;190;147m▀[38;2;201;181;129;48;2;207;189;148m▀[38;2;203;182;131;48;2;211;194;157m▀[38;2;201;180;137;48;2;213;200;175m▘[0m

      Katsushika Hokusai: Kirifuri Falls, c. 1833
