          [38;2;210;199;180;48;2;199;179;135m▛[38;2;214;203;181;48;2;207;185;134m▀[38;2;218;207;183;48;2;211;190;138m▀[38;2;222;211;189;48;2;214;193;140m▀[38;2;223;212;189;48;2;214;193;138m▀[38;2;223;211;186;48;2;215;193;134m▀[38;2;225;213;188;48;2;217;194;131m▀[38;2;226;215;190;48;2;218;195;134m▀[38;2;227;215;190;48;2;219;196;135m▀[38;2;227;217;193;48;2;220;197;136m▀[38;2;228;217;193;48;2;221;197;137m▀[38;2;229;218;194;48;2;220;197;137m▀[38;2;229;218;195;48;2;220;198;136m▀[38;2;229;218;195;48;2;221;198;139m▀[38;2;229;219;196;48;2;221;199;141m▀[38;2;229;219;197;48;2;220;198;139m▀[38;2;229;219;197;48;2;220;198;140m▀[38;2;229;220;198;48;2;220;198;142m▀[38;2;228;219;197;48;2;220;199;142m▀[38;2;229;219;196;48;2;220;199;139m▀[38;2;228;217;192;48;2;220;197;136m▀[38;2;228;218;191;48;2;220;198;137m▀[38;2;229;219;200;48;2;222;203;158m▀[38;2;230;219;199;48;2;223;209;180m▀[38;2;229;219;199;48;2;222;209;182m▀[38;2;232;221;200;48;2;211;201;179m▀[38;2;231;221;200;48;2;216;206;185m▀[38;2;229;220;201;48;2;225;212;189m▀[38;2;229;220;200;48;2;226;212;187m▀[38;2;230;221;200;48;2;224;211;187m▀[38;2;230;221;201;48;2;224;212;189m▀[38;2;230;222;203;48;2;223;210;185m▀[38;2;231;220;199;48;2;223;211;186m▀[38;2;231;221;200;48;2;224;211;186m▀[38;2;231;223;204;48;2;224;210;185m▀[38;2;231;222;203;48;2;223;209;183m▀[38;2;231;223;205;48;2;223;210;184m▀[38;2;231;223;205;48;2;223;212;189m▀[38;2;231;223;205;48;2;223;211;188m▀[38;2;231;222;204;48;2;223;210;185m▀[38;2;230;221;201;48;2;227;212;187m▀[38;2;228;219;199;48;2;226;212;188m▀[38;2;224;214;192;48;2;176;173;147m▛[38;2;229;219;200;48;2;203;188;131m▀[38;2;233;223;203;48;2;201;186;132m▀[38;2;230;221;200;48;2;210;191;133m▀[38;2;228;220;200;48;2;216;195;136m▀[38;2;228;219;200;48;2;214;194;138m▀[38;2;228;218;199;48;2;212;192;132m▀[38;2;225;215;195;48;2;212;190;132m▀[38;2;226;215;196;48;2;213;192;136m▀[38;2;226;215;194;48;2;211;190;132m▀[38;2;225;215;194;48;2;211;190;131m▀[38;2;225;214;193;48;2;208;186;127m▀[38;2;224;214;195;48;2;207;185;130m▀[0m
          [38;2;220;211;190;48;2;205;182;126m▌[38;2;208;186;127;48;2;214;193;138m▘[38;2;214;193;139;48;2;215;193;137m▌[38;2;214;192;135;48;2;216;195;141m▀[38;2;218;195;136;48;2;178;171;138m▀[38;2;217;194;132;48;2;179;173;144m▀[38;2;218;195;133;48;2;180;175;147m▀[38;2;179;172;138;48;2;219;197;136m▖[38;2;217;195;135;48;2;222;199;140m▀[38;2;218;196;136;48;2;219;197;138m▘[38;2;219;197;137;48;2;219;197;139m▖[38;2;219;197;140;48;2;220;198;140m▝[38;2;219;198;139;48;2;221;201;149m▛[38;2;223;203;148;48;2;220;198;143m▝[38;2;220;198;139;48;2;220;199;142m▞[38;2;220;198;139;48;2;220;199;140m▘[38;2;220;198;141;48;2;219;198;139m▀[38;2;220;199;141;48;2;220;198;138m▀[38;2;218;198;139;48;2;221;200;141m▖[38;2;221;200;141;48;2;217;197;138m▀[38;2;220;199;142;48;2;222;201;140m▀[38;2;222;202;145;48;2;214;196;137m▀[38;2;220;199;140;48;2;224;201;140m▀[38;2;221;201;146;48;2;221;199;139m▝[38;2;221;201;147;48;2;222;200;140m▀[38;2;209;193;144;48;2;226;204;143m▀[38;2;206;192;147;48;2;215;196;138m▀[38;2;194;187;162;48;2;215;195;135m▀[38;2;217;208;189;48;2;194;184;143m▀[38;2;205;199;181;48;2;227;215;192m▖[38;2;223;211;188;48;2;225;213;190m▖[38;2;224;212;187;48;2;225;213;191m▀[38;2;224;212;188;48;2;224;213;190m▌[38;2;225;214;191;48;2;225;213;190m▞[38;2;223;211;190;48;2;225;213;191m▖[38;2;224;213;190;48;2;223;211;188m▌[38;2;224;210;185;48;2;222;209;186m▀[38;2;223;212;188;48;2;232;218;194m▛[38;2;226;214;192;48;2;195;189;167m▛[38;2;222;211;190;48;2;188;180;142m▀[38;2;213;204;181;48;2;198;186;141m▘[38;2;171;171;151;48;2;205;188;128m▀[38;2;129;136;106;48;2;158;158;117m▀[38;2;215;196;133;48;2;187;177;126m▝[38;2;167;163;114;48;2;201;186;132m▀[38;2;209;192;135;48;2;186;175;123m▖[38;2;198;182;125;48;2;181;171;119m▌[38;2;209;191;132;48;2;186;173;121m▝[38;2;206;188;127;48;2;195;180;123m▞[38;2;209;188;125;48;2;170;164;114m▀[38;2;212;190;126;48;2;194;179;122m▛[38;2;214;190;125;48;2;192;177;121m▀[38;2;203;184;125;48;2;210;188;122m▖[38;2;207;184;115;48;2;209;187;121m▀[38;2;206;182;112;48;2;206;183;120m▌[0m
          [38;2;218;207;182;48;2;211;188;132m▌[38;2;217;194;137;48;2;217;196;142m▘[38;2;217;195;141;48;2;218;197;144m▛[38;2;216;195;142;48;2;226;203;146m▌[38;2;172;166;131;48;2;154;160;154m▌[38;2;213;205;186;48;2;135;145;142m▌[38;2;153;158;153;48;2;221;210;193m▌[38;2;166;164;145;48;2;212;192;135m▌[38;2;210;192;137;48;2;168;166;123m▀[38;2;219;196;138;48;2;216;195;142m▌[38;2;217;196;139;48;2;219;198;142m▀[38;2;221;201;143;48;2;219;198;139m▝[38;2;222;203;149;48;2;219;198;139m▀[38;2;219;198;140;48;2;220;199;141m▀[38;2;219;198;139;48;2;219;197;136m▀[38;2;220;199;140;48;2;218;197;137m▀[38;2;219;198;140;48;2;223;201;141m▀[38;2;219;198;138;48;2;220;199;140m▞[38;2;194;183;129;48;2;175;169;122m▌[38;2;207;191;134;48;2;189;178;127m▞[38;2;206;190;131;48;2;187;177;125m▀[38;2;208;192;133;48;2;213;195;136m▛[38;2;191;180;125;48;2;168;164;117m▀[38;2;211;193;132;48;2;191;179;121m▀[38;2;212;193;134;48;2;193;180;124m▀[38;2;203;188;131;48;2;183;174;120m▀[38;2;190;179;124;48;2;193;182;129m▖[38;2;222;201;140;48;2;181;174;123m▘[38;2;207;191;130;48;2;220;200;139m▛[38;2;180;174;127;48;2;198;193;172m▌[38;2;237;223;199;48;2;227;216;192m▖[38;2;224;214;192;48;2;215;206;186m▛[38;2;229;216;193;48;2;211;203;186m▀[38;2;229;216;192;48;2;208;202;185m▀[38;2;231;217;194;48;2;197;192;179m▀[38;2;230;217;193;48;2;205;199;182m▀[38;2;228;215;190;48;2;200;195;178m▀[38;2;210;202;181;48;2;118;133;120m▀[38;2;154;155;114;48;2;189;180;123m▛[38;2;186;176;121;48;2;210;192;131m▌[38;2;225;201;137;48;2;172;166;120m▀[38;2;225;202;140;48;2;182;173;125m▘[38;2;191;180;129;48;2;197;183;132m▖[38;2;224;201;142;48;2;203;187;132m▝[38;2;220;199;142;48;2;211;194;142m▀[38;2;221;199;139;48;2;221;199;136m▞[38;2;219;197;137;48;2;200;184;125m▛[38;2;217;195;134;48;2;206;188;129m▀[38;2;219;196;137;48;2;208;188;128m▘[38;2;187;175;120;48;2;214;193;129m▀[38;2;169;163;112;48;2;191;177;119m▛[38;2;201;183;122;48;2;174;164;112m▖[38;2;212;189;127;48;2;174;166;114m▀[38;2;211;187;120;48;2;194;176;112m▀[38;2;204;179;107;48;2;205;181;117m▌[0m
          [38;2;219;208;183;48;2;212;190;133m▌[38;2;217;195;137;48;2;218;197;141m▖[38;2;217;196;140;48;2;217;195;139m▀[38;2;216;195;140;48;2;222;200;143m▌[38;2;117;130;130;48;2;178;172;140m▝[38;2;127;137;134;48;2;202;196;179m▝[38;2;140;148;142;48;2;209;201;183m▌[38;2;170;169;149;48;2;208;189;133m▌[38;2;175;169;122;48;2;185;176;129m▖[38;2;220;198;139;48;2;222;201;147m▀[38;2;220;200;143;48;2;221;200;146m▀[38;2;218;198;141;48;2;222;201;148m▝[38;2;224;201;141;48;2;220;199;140m▖[38;2;222;201;142;48;2;216;197;138m▀[38;2;216;197;137;48;2;171;165;121m▛[38;2;227;204;142;48;2;130;141;114m▀[38;2;187;177;126;48;2;75;101;94m▀[38;2;197;184;128;48;2;97;113;97m▀[38;2;191;181;127;48;2;89;106;95m▀[38;2;190;180;126;48;2;73;95;89m▀[38;2;214;197;139;48;2;141;146;113m▀[38;2;196;184;130;48;2;155;155;117m▛[38;2;180;173;122;48;2;99;116;104m▀[38;2;166;162;115;48;2;70;97;102m▀[38;2;165;162;113;48;2;85;107;102m▀[38;2;181;173;117;48;2;79;101;94m▀[38;2;181;172;118;48;2;64;91;99m▀[38;2;101;121;118;48;2;164;163;120m▖[38;2;179;176;129;48;2;122;140;136m▀[38;2;186;184;161;48;2;136;149;147m▝[38;2;186;186;179;48;2;138;152;157m▀[38;2;146;158;163;48;2;128;145;155m▛[38;2;118;137;149;48;2;134;149;156m▖[38;2;153;161;161;48;2;131;147;154m▝[38;2;143;154;157;48;2;112;132;143m▀[38;2;150;160;161;48;2;131;146;152m▘[38;2;138;150;157;48;2;125;140;148m▝[38;2;119;133;105;48;2;138;149;139m▀[38;2;161;160;114;48;2;140;145;102m▝[38;2;197;184;127;48;2;167;163;110m▀[38;2;182;175;124;48;2;163;159;112m▝[38;2;177;169;119;48;2;185;176;125m▌[38;2;203;189;135;48;2;182;175;119m▀[38;2;175;171;118;48;2;198;186;130m▖[38;2;208;192;131;48;2;127;138;104m▛[38;2;154;154;114;48;2;58;97;91m▀[38;2;129;139;109;48;2;192;181;130m▛[38;2;166;163;113;48;2;211;193;130m▀[38;2;206;189;127;48;2;191;179;119m▖[38;2;194;180;120;48;2;177;169;113m▛[38;2;196;181;121;48;2;201;184;124m▖[38;2;190;176;117;48;2;198;181;121m▀[38;2;181;171;115;48;2;198;181;122m▀[38;2;182;169;110;48;2;207;185;119m▀[38;2;171;162;104;48;2;201;181;119m▀[0m
          [38;2;217;206;183;48;2;212;190;135m▌[38;2;217;195;138;48;2;218;197;142m▖[38;2;219;198;141;48;2;217;196;138m▖[38;2;218;197;138;48;2;221;199;141m▌[38;2;208;191;139;48;2;159;161;147m▌[38;2;222;211;190;48;2;167;169;158m▀[38;2;216;206;186;48;2;185;183;167m▀[38;2;181;179;160;48;2;203;187;132m▌[38;2;169;166;122;48;2;187;177;129m▌[38;2;221;200;144;48;2;208;197;144m▛[38;2;218;199;143;48;2;199;196;146m▀[38;2;205;195;141;48;2;180;187;140m▀[38;2;186;188;138;48;2;165;180;138m▀[38;2;158;165;125;48;2;126;158;127m▀[38;2;137;150;119;48;2;92;131;116m▘[38;2;62;105;104;48;2;80;120;114m▀[38;2;56;92;94;48;2;72;105;94m▀[38;2;54;87;85;48;2;71;104;89m▀[38;2;60;94;85;48;2;76;110;89m▀[38;2;61;93;87;48;2;80;116;92m▀[38;2;78;115;97;48;2;54;88;97m▖[38;2;52;84;100;48;2;48;82;108m▀[38;2;55;92;115;48;2;44;80;107m▖[38;2;43;79;106;48;2;54;88;111m▌[38;2;55;92;114;48;2;41;77;104m▌[38;2;54;85;109;48;2;136;151;153m▀[38;2;106;128;140;48;2;136;154;159m▘[38;2;150;166;168;48;2;139;156;160m▀[38;2;140;156;162;48;2;132;150;158m▛[38;2;149;161;161;48;2;125;144;154m▀[38;2;114;134;149;48;2;131;149;157m▖[38;2;116;137;150;48;2;157;166;166m▀[38;2;126;143;152;48;2;187;188;177m▀[38;2;158;165;165;48;2;209;205;187m▀[38;2;172;175;169;48;2;230;218;194m▀[38;2;194;191;178;48;2;211;205;185m▀[38;2;198;194;177;48;2;204;200;183m▀[38;2;207;201;183;48;2;210;205;187m▌[38;2;195;190;155;48;2;211;206;189m▀[38;2;126;133;116;48;2;193;192;180m▀[38;2;60;85;94;48;2;154;164;159m▀[38;2;48;75;84;48;2;94;118;120m▀[38;2;98;118;97;48;2;45;77;99m▀[38;2;104;130;102;48;2;45;85;94m▀[38;2;57;99;94;48;2;76;112;98m▞[38;2;76;111;95;48;2;162;165;117m▌[38;2;210;194;132;48;2;206;191;129m▛[38;2;205;189;129;48;2;215;196;133m▝[38;2;185;177;123;48;2;208;192;128m▘[38;2;221;198;132;48;2;209;191;127m▀[38;2;217;195;130;48;2;202;186;126m▛[38;2;209;190;128;48;2;218;195;131m▖[38;2;180;170;116;48;2;207;187;128m▝[38;2;192;177;116;48;2;213;191;125m▘[38;2;209;187;119;48;2;208;191;145m▌[0m
          [38;2;220;210;190;48;2;213;194;140m▌[38;2;216;195;137;48;2;219;197;141m▖[38;2;220;199;143;48;2;220;199;141m▘[38;2;222;201;144;48;2;221;200;141m▀[38;2;219;200;146;48;2;183;179;157m▌[38;2;156;162;154;48;2;192;189;173m▀[38;2;196;191;174;48;2;171;172;161m▌[38;2;199;194;174;48;2;210;193;141m▌[38;2;187;181;130;48;2;220;205;144m▀[38;2;201;197;144;48;2;191;193;143m▛[38;2;199;198;149;48;2;183;188;142m▘[38;2;177;185;139;48;2;174;184;136m▌[38;2;171;182;134;48;2;153;173;126m▛[38;2;144;169;131;48;2;122;156;123m▘[38;2;96;137;116;48;2;85;123;100m▛[38;2;93;132;117;48;2;75;113;100m▘[38;2;60;96;92;48;2;74;109;92m▀[38;2;76;110;91;48;2;96;120;103m▛[38;2;105;125;109;48;2;83;111;98m▖[38;2;81;115;96;48;2;72;105;98m▀[38;2;67;99;94;48;2;73;108;95m▖[38;2;66;102;97;48;2;53;87;105m▌[38;2;54;90;111;48;2;46;81;106m▌[38;2;45;81;106;48;2;49;85;108m▌[38;2;46;80;105;48;2;102;126;138m▌[38;2;130;151;158;48;2;148;163;164m▞[38;2;129;149;157;48;2;167;178;173m▀[38;2;134;153;160;48;2;169;179;173m▀[38;2;112;134;150;48;2;179;187;177m▀[38;2;149;162;164;48;2;196;200;185m▀[38;2;176;181;173;48;2;204;206;188m▀[38;2;201;203;186;48;2;177;185;176m▞[38;2;226;220;194;48;2;134;154;160m▀[38;2;208;206;186;48;2;110;136;150m▀[38;2;112;136;150;48;2;148;162;164m▞[38;2;138;155;159;48;2;110;134;148m▛[38;2;128;148;154;48;2;136;153;157m▛[38;2;133;151;156;48;2;112;137;151m▀[38;2;141;156;157;48;2;115;141;151m▀[38;2;141;156;158;48;2;119;142;152m▀[38;2;145;161;162;48;2;101;129;144m▀[38;2;158;174;170;48;2;112;139;151m▀[38;2;46;74;96;48;2;127;149;153m▝[38;2;45;75;98;48;2;37;69;95m▞[38;2;42;74;94;48;2;34;67;96m▛[38;2;99;117;101;48;2;196;184;121m▌[38;2;196;185;121;48;2;214;196;130m▖[38;2;216;198;134;48;2;208;192;131m▝[38;2;214;195;130;48;2;225;202;135m▛[38;2;224;201;133;48;2;212;193;127m▖[38;2;207;190;126;48;2;176;171;116m▛[38;2;187;177;119;48;2;201;186;125m▖[38;2;206;189;129;48;2;218;195;132m▛[38;2;209;189;126;48;2;215;193;127m▘[38;2;213;195;147;48;2;212;189;123m▝[0m
          [38;2;222;212;190;48;2;210;188;131m▌[38;2;212;190;129;48;2;216;194;133m▌[38;2;218;197;135;48;2;217;196;134m▖[38;2;219;197;133;48;2;170;171;118m▛[38;2;210;194;146;48;2;115;141;105m▀[38;2;172;174;164;48;2;113;141;112m▀[38;2;184;183;169;48;2;159;168;126m▀[38;2;198;194;177;48;2;131;151;113m▘[38;2;146;162;117;48;2;172;177;124m▞[38;2;160;170;121;48;2;189;185;129m▘[38;2;207;193;137;48;2;176;177;126m▛[38;2;187;185;132;48;2;213;197;140m▖[38;2;204;192;135;48;2;215;198;140m▝[38;2;165;173;131;48;2;225;204;144m▀[38;2;209;196;143;48;2;105;133;112m▖[38;2;77;117;98;48;2;108;135;117m▀[38;2;108;130;112;48;2;86;121;99m▖[38;2;73;108;92;48;2;93;118;101m▀[38;2;75;109;92;48;2;90;117;100m▞[38;2;85;115;96;48;2;70;104;88m▖[38;2;59;94;102;48;2;73;105;88m▀[38;2;70;102;90;48;2;51;86;102m▖[38;2;47;83;105;48;2;44;79;103m▌[38;2;45;80;103;48;2;40;76;101m▘[38;2;173;188;180;48;2;72;104;124m▝[38;2;167;181;176;48;2;116;146;157m▀[38;2;203;208;190;48;2;140;163;166m▀[38;2;185;195;182;48;2;159;179;175m▀[38;2;197;204;187;48;2;164;181;176m▀[38;2;198;206;189;48;2;163;182;176m▀[38;2;207;213;193;48;2;167;183;175m▘[38;2;66;105;134;48;2;168;186;178m▀[38;2;106;136;151;48;2;156;175;171m▘[38;2;191;201;185;48;2;173;189;179m▝[38;2;103;132;147;48;2;161;180;172m▀[38;2;139;162;163;48;2;128;154;160m▞[38;2;89;122;142;48;2;101;133;146m▀[38;2;144;166;167;48;2;112;141;150m▝[38;2;149;170;170;48;2;106;137;149m▀[38;2;138;162;165;48;2;116;145;155m▀[38;2;146;167;167;48;2;119;149;157m▀[38;2;137;164;167;48;2;155;175;170m▖[38;2;165;184;175;48;2;181;196;185m▌[38;2;165;181;171;48;2;57;85;102m▌[38;2;43;73;96;48;2;47;79;100m▀[38;2;62;86;97;48;2;42;74;96m▝[38;2;151;154;109;48;2;48;80;90m▀[38;2;193;181;120;48;2;97;127;96m▀[38;2;175;170;116;48;2;72;111;91m▀[38;2;125;139;104;48;2;59;105;90m▀[38;2;80;115;94;48;2;153;154;105m▌[38;2;211;192;126;48;2;187;176;114m▘[38;2;180;172;114;48;2;203;186;121m▌[38;2;200;184;124;48;2;214;192;127m▖[38;2;212;189;127;48;2;213;194;142m▛[0m
          [38;2;221;213;193;48;2;211;190;139m▌[38;2;214;190;123;48;2;218;196;136m▖[38;2;221;198;137;48;2;197;187;129m▛[38;2;212;195;133;48;2;110;140;98m▘[38;2;84;125;91;48;2;93;134;94m▌[38;2;97;137;94;48;2;105;146;100m▀[38;2;118;148;100;48;2;99;139;96m▝[38;2;176;177;121;48;2;99;141;97m▀[38;2;101;140;97;48;2;177;180;122m▖[38;2;120;146;104;48;2;168;174;119m▛[38;2;102;139;100;48;2;189;186;129m▀[38;2;219;201;144;48;2;190;186;132m▝[38;2;158;168;119;48;2;201;191;134m▝[38;2;103;137;103;48;2;155;166;120m▀[38;2;197;190;134;48;2;128;153;109m▝[38;2;147;160;119;48;2;212;198;140m▞[38;2;214;198;147;48;2;125;137;119m▖[38;2;94;113;109;48;2;70;102;93m▘[38;2;71;101;97;48;2;78;113;92m▀[38;2;68;102;93;48;2;50;84;97m▛[38;2;65;96;90;48;2;45;79;101m▀[38;2;61;95;90;48;2;48;82;101m▘[38;2;44;80;102;48;2;41;76;100m▘[38;2;38;71;98;48;2;39;72;98m▝[38;2;77;108;126;48;2;39;72;96m▝[38;2;94;128;144;48;2;105;139;154m▖[38;2;80;118;141;48;2;97;132;150m▀[38;2;133;159;164;48;2;111;141;154m▖[38;2;105;137;151;48;2;122;149;159m▞[38;2;105;135;150;48;2;92;125;145m▞[38;2;100;133;150;48;2;129;156;162m▖[38;2;135;163;166;48;2;127;154;160m▖[38;2;144;169;170;48;2;68;108;135m▀[38;2;153;176;173;48;2;106;141;156m▀[38;2;164;185;178;48;2;148;173;171m▀[38;2;165;186;178;48;2;137;165;167m▀[38;2;163;185;177;48;2;168;187;178m▖[38;2;164;184;177;48;2;178;197;185m▛[38;2;137;163;164;48;2;181;199;186m▀[38;2;95;130;146;48;2;168;187;178m▀[38;2;143;168;167;48;2;104;137;149m▖[38;2;110;141;153;48;2;123;152;158m▖[38;2;117;148;154;48;2;125;154;160m▖[38;2;91;119;131;48;2;41;72;94m▌[38;2;47;78;100;48;2;43;74;95m▌[38;2;42;72;95;48;2;42;74;98m▝[38;2;40;71;95;48;2;42;73;96m▝[38;2;62;103;92;48;2;44;76;92m▀[38;2;63;102;92;48;2;68;110;92m▖[38;2;69;110;94;48;2;66;107;94m▌[38;2;72;113;96;48;2;67;109;94m▘[38;2;71;108;92;48;2;153;154;104m▌[38;2;188;177;118;48;2;155;155;103m▀[38;2;193;181;121;48;2;215;193;131m▘[38;2;215;194;134;48;2;214;195;145m▌[0m
          [38;2;219;210;189;48;2;211;191;144m▌[38;2;214;192;129;48;2;216;194;135m▌[38;2;209;193;135;48;2;218;197;134m▝[38;2;137;154;108;48;2;216;194;131m▀[38;2;145;160;110;48;2;214;194;128m▀[38;2;80;124;90;48;2;136;153;107m▀[38;2;111;142;98;48;2;199;189;125m▛[38;2;106;142;98;48;2;198;186;128m▀[38;2;132;155;106;48;2;198;186;124m▀[38;2;150;162;113;48;2;197;186;127m▘[38;2;124;148;104;48;2;209;193;129m▀[38;2;107;141;100;48;2;223;203;139m▀[38;2;85;131;95;48;2;176;179;123m▀[38;2;186;185;127;48;2;119;148;105m▝[38;2;220;201;137;48;2;172;176;121m▀[38;2;210;195;134;48;2;225;204;141m▀[38;2;213;198;146;48;2;122;139;115m▌[38;2;72;109;88;48;2;67;100;94m▀[38;2;77;113;91;48;2;52;84;95m▀[38;2;78;113;93;48;2;58;92;93m▘[38;2;44;79;103;48;2;50;85;98m▀[38;2;47;79;101;48;2;41;74;100m▀[38;2;40;73;97;48;2;38;70;95m▛[38;2;40;73;98;48;2;45;79;100m▛[38;2;43;76;99;48;2;48;80;102m▝[38;2;98;131;149;48;2;48;81;103m▝[38;2;83;110;126;48;2;110;141;154m▖[38;2;154;174;171;48;2;94;126;146m▛[38;2;81;116;139;48;2;133;156;161m▛[38;2;160;177;173;48;2;105;134;149m▛[38;2;148;170;171;48;2;73;111;137m▝[38;2;145;169;170;48;2;66;107;137m▀[38;2;55;98;132;48;2;95;130;149m▀[38;2;72;112;140;48;2;125;154;161m▀[38;2;166;187;180;48;2;134;159;163m▝[38;2;99;133;147;48;2;143;165;165m▝[38;2;180;197;183;48;2;146;168;166m▝[38;2;148;172;170;48;2;167;191;182m▀[38;2;163;185;178;48;2;69;106;131m▛[38;2;156;178;173;48;2;84;121;142m▀[38;2;137;163;165;48;2;85;123;143m▘[38;2;61;104;133;48;2;126;156;160m▘[38;2;145;170;169;48;2;52;85;107m▘[38;2;50;80;101;48;2;40;71;95m▘[38;2;44;75;97;48;2;42;72;93m▛[38;2;42;72;96;48;2;39;70;93m▛[38;2;41;73;96;48;2;38;70;94m▌[38;2;39;70;94;48;2;36;66;90m▀[38;2;50;87;91;48;2;70;112;92m▌[38;2;69;111;92;48;2;68;111;95m▀[38;2;68;110;94;48;2;72;114;95m▘[38;2;67;107;91;48;2;110;130;102m▛[38;2;84;111;90;48;2;201;185;118m▘[38;2;216;193;125;48;2;212;191;127m▌[38;2;210;190;126;48;2;213;194;142m▌[0m
          [38;2;218;208;188;48;2;212;194;150m▌[38;2;217;195;134;48;2;172;172;125m▛[38;2;215;194;130;48;2;111;137;99m▀[38;2;219;198;132;48;2;124;146;104m▀[38;2;214;196;127;48;2;102;133;95m▀[38;2;234;207;137;48;2;116;145;100m▀[38;2;193;186;126;48;2;216;197;131m▖[38;2;213;196;131;48;2;143;158;109m▛[38;2;214;196;128;48;2;103;137;95m▀[38;2;203;188;125;48;2;168;174;115m▀[38;2;175;176;116;48;2;211;196;129m▖[38;2;162;170;117;48;2;98;134;93m▀[38;2;201;191;130;48;2;107;142;98m▀[38;2;118;143;104;48;2;209;195;135m▝[38;2;89;131;94;48;2;198;190;129m▘[38;2;214;197;138;48;2;222;202;142m▀[38;2;222;204;144;48;2;232;213;151m▛[38;2;131;141;115;48;2;75;108;90m▌[38;2;70;101;95;48;2;86;115;96m▘[38;2;82;113;93;48;2;71;104;89m▖[38;2;67;100;92;48;2;71;104;88m▝[38;2;57;92;93;48;2;42;75;94m▌[38;2;39;71;97;48;2;37;68;92m▀[38;2;40;74;97;48;2;37;70;94m▘[38;2;39;70;95;48;2;43;74;96m▀[38;2;34;67;93;48;2;43;74;97m▝[38;2;25;60;88;48;2;44;75;98m▘[38;2;88;120;139;48;2;45;76;99m▝[38;2;171;189;182;48;2;82;111;124m▀[38;2;144;165;166;48;2;52;92;122m▘[38;2;53;96;133;48;2;104;135;151m▘[38;2;115;142;154;48;2;170;185;178m▌[38;2;108;140;153;48;2;188;194;181m▝[38;2;120;144;153;48;2;217;210;189m▘[38;2;217;209;189;48;2;229;217;193m▀[38;2;233;220;194;48;2;227;216;193m▝[38;2;181;184;172;48;2;225;215;190m▝[38;2;145;165;163;48;2;224;212;189m▀[38;2;211;205;184;48;2;106;134;145m▖[38;2;113;147;157;48;2;70;99;114m▀[38;2;88;122;138;48;2;43;72;93m▀[38;2;77;108;123;48;2;43;72;94m▘[38;2;41;70;90;48;2;45;75;96m▘[38;2;45;76;97;48;2;60;85;102m▛[38;2;49;80;100;48;2;43;74;96m▖[38;2;43;74;96;48;2;40;71;94m▌[38;2;38;71;95;48;2;36;69;95m▛[38;2;39;70;93;48;2;47;77;91m▛[38;2;51;88;90;48;2;69;109;93m▘[38;2;68;111;94;48;2;58;104;92m▛[38;2;88;121;99;48;2;207;191;123m▛[38;2;184;177;117;48;2;219;197;125m▘[38;2;218;197;125;48;2;200;185;122m▘[38;2;194;181;120;48;2;203;188;129m▛[38;2;196;183;126;48;2;213;196;147m▌[0m
          [38;2;216;207;188;48;2;216;197;153m▌[38;2;157;161;105;48;2;95;125;91m▌[38;2;70;108;84;48;2;81;118;88m▀[38;2;74;113;86;48;2;85;122;89m▀[38;2;96;129;92;48;2;191;182;119m▛[38;2;148;160;107;48;2;232;205;134m▀[38;2;189;182;119;48;2;222;198;131m▘[38;2;184;179;119;48;2;216;196;129m▀[38;2;145;159;108;48;2;222;200;131m▀[38;2;84;126;90;48;2;170;171;117m▀[38;2;175;179;117;48;2;98;135;94m▝[38;2;156;167;113;48;2;94;132;93m▀[38;2;182;181;120;48;2;138;155;106m▘[38;2;211;196;137;48;2;161;168;115m▝[38;2;200;190;131;48;2;132;152;103m▀[38;2;200;190;131;48;2;118;146;104m▀[38;2;233;211;146;48;2;210;199;146m▝[38;2;161;157;124;48;2;77;104;93m▘[38;2;84;117;95;48;2;63;96;87m▘[38;2;69;102;89;48;2;50;82;89m▀[38;2;69;103;87;48;2;54;89;91m▀[38;2;57;92;92;48;2;44;78;93m▘[38;2;37;68;94;48;2;38;69;94m▞[38;2;37;70;95;48;2;41;76;99m▛[38;2;47;79;99;48;2;56;86;104m▛[38;2;44;75;97;48;2;55;84;103m▀[38;2;48;80;100;48;2;57;87;106m▀[38;2;49;83;104;48;2;46;79;100m▖[38;2;39;72;95;48;2;48;82;104m▀[38;2;48;81;104;48;2;43;77;101m▝[38;2;42;77;101;48;2;84;110;122m▌[38;2;186;186;171;48;2;230;219;194m▘[38;2;231;219;194;48;2;225;215;193m▀[38;2;228;216;192;48;2;227;216;193m▘[38;2;226;216;192;48;2;227;217;192m▀[38;2;227;217;192;48;2;227;216;191m▖[38;2;226;214;189;48;2;226;215;190m▞[38;2;228;218;193;48;2;227;216;191m▝[38;2;93;105;110;48;2;232;219;193m▝[38;2;118;127;127;48;2;28;59;85m▖[38;2;41;71;93;48;2;49;77;98m▀[38;2;49;78;97;48;2;53;81;98m▀[38;2;58;85;101;48;2;49;77;96m▘[38;2;65;90;105;48;2;48;78;98m▝[38;2;50;80;100;48;2;34;68;96m▀[38;2;32;64;89;48;2;45;78;96m▖[38;2;42;74;92;48;2;68;108;94m▀[38;2;50;90;88;48;2;97;125;104m▀[38;2;58;103;92;48;2;149;155;112m▀[38;2;122;140;104;48;2;214;195;125m▀[38;2;218;197;125;48;2;211;193;124m▝[38;2;205;189;122;48;2;209;191;123m▌[38;2;205;189;124;48;2;198;184;119m▞[38;2;204;186;122;48;2;197;183;123m▖[38;2;201;185;126;48;2;215;197;146m▛[0m
          [38;2;215;206;184;48;2;218;197;158m▌[38;2;151;161;105;48;2;80;126;88m▌[38;2;80;120;89;48;2;86;125;91m▖[38;2;98;131;94;48;2;199;188;130m▛[38;2;227;203;134;48;2;206;192;126m▞[38;2;215;196;132;48;2;212;194;130m▞[38;2;215;196;129;48;2;204;190;130m▀[38;2;207;192;126;48;2;213;194;128m▖[38;2;216;197;131;48;2;200;190;129m▛[38;2;211;194;129;48;2;118;144;102m▀[38;2;203;192;123;48;2;140;157;107m▘[38;2;110;137;94;48;2;144;160;119m▀[38;2;131;157;118;48;2;200;194;146m▌[38;2;224;204;144;48;2;207;203;175m▀[38;2;185;184;156;48;2;162;171;151m▛[38;2;189;191;167;48;2;224;214;187m▞[38;2;192;192;170;48;2;61;94;106m▌[38;2;44;81;106;48;2;32;74;117m▀[38;2;53;91;95;48;2;36;78;113m▝[38;2;42;75;92;48;2;31;71;108m▀[38;2;33;65;93;48;2;35;76;111m▀[38;2;34;65;91;48;2;40;74;98m▀[38;2;39;71;94;48;2;44;77;98m▀[38;2;48;82;101;48;2;50;83;101m▀[38;2;56;87;105;48;2;50;83;103m▝[38;2;54;84;102;48;2;44;77;98m▀[38;2;49;82;102;48;2;43;77;100m▀[38;2;44;75;98;48;2;45;79;102m▖[38;2;44;79;102;48;2;48;82;106m▛[38;2;45;79;103;48;2;39;74;100m▛[38;2;56;86;105;48;2;188;188;173m▛[38;2;232;222;198;48;2;227;217;192m▖[38;2;231;220;195;48;2;196;196;183m▀[38;2;233;221;194;48;2;226;216;193m▖[38;2;227;217;193;48;2;226;216;191m▞[38;2;228;218;193;48;2;227;216;191m▘[38;2;227;216;191;48;2;228;217;192m▀[38;2;227;216;192;48;2;230;219;194m▌[38;2;217;208;185;48;2;94;113;122m▌[38;2;116;133;137;48;2;227;219;195m▞[38;2;187;184;165;48;2;50;77;95m▖[38;2;51;78;97;48;2;30;62;89m▀[38;2;38;69;93;48;2;84;102;97m▛[38;2;49;78;94;48;2;183;176;120m▀[38;2;102;116;104;48;2;228;207;130m▀[38;2;160;159;111;48;2;223;202;131m▀[38;2;196;185;122;48;2;222;200;131m▀[38;2;216;197;128;48;2;211;194;129m▛[38;2;225;202;130;48;2;207;191;126m▀[38;2;218;197;126;48;2;194;182;118m▘[38;2;197;185;125;48;2;205;189;123m▖[38;2;199;185;119;48;2;214;195;128m▀[38;2;204;187;122;48;2;216;195;129m▀[38;2;211;191;127;48;2;215;193;130m▘[38;2;214;192;124;48;2;217;198;145m▌[0m
          [38;2;217;209;187;48;2;219;198;153m▌[38;2;73;124;88;48;2;158;166;111m▝[38;2;109;138;102;48;2;207;191;136m▘[38;2;225;202;139;48;2;211;194;135m▀[38;2;211;195;137;48;2;218;199;138m▖[38;2;212;195;138;48;2;218;198;137m▖[38;2;214;197;133;48;2;216;197;136m▖[38;2;224;201;133;48;2;215;196;132m▀[38;2;115;141;99;48;2;211;196;139m▝[38;2;152;165;109;48;2;223;205;148m▘[38;2;187;181;129;48;2;230;210;157m▀[38;2;185;183;147;48;2;225;212;180m▀[38;2;215;207;188;48;2;186;187;163m▖[38;2;150;168;148;48;2;182;185;161m▀[38;2;95;129;108;48;2;167;176;151m▝[38;2;125;142;125;48;2;43;84;96m▛[38;2;51;87;100;48;2;51;97;126m▛[38;2;33;72;108;48;2;43;82;102m▖[38;2;33;75;111;48;2;42;83;104m▀[38;2;37;79;110;48;2;42;82;104m▀[38;2;39;86;122;48;2;44;87;110m▀[38;2;45;93;120;48;2;39;85;118m▌[38;2;45;87;111;48;2;42;97;130m▛[38;2;43;87;115;48;2;39;74;97m▖[38;2;47;82;97;48;2;40;75;100m▖[38;2;48;80;101;48;2;57;88;106m▌[38;2;60;90;106;48;2;50;84;105m▌[38;2;64;93;108;48;2;57;89;107m▘[38;2;47;81;105;48;2;46;79;102m▌[38;2;45;79;102;48;2;62;94;111m▛[38;2;146;157;152;48;2;226;217;194m▘[38;2;224;215;193;48;2;236;224;197m▌[38;2;77;102;117;48;2;125;144;152m▖[38;2;241;227;198;48;2;225;215;192m▌[38;2;227;216;191;48;2;228;217;192m▞[38;2;227;215;190;48;2;227;216;191m▘[38;2;228;216;192;48;2;228;217;193m▌[38;2;228;217;192;48;2;225;215;191m▌[38;2;238;225;197;48;2;127;139;136m▌[38;2;87;119;138;48;2;50;79;95m▝[38;2;96;114;118;48;2;156;160;130m▝[38;2;117;125;107;48;2;224;204;129m▀[38;2;192;180;123;48;2;218;200;128m▘[38;2;223;203;131;48;2;214;196;128m▘[38;2;210;193;127;48;2;215;198;131m▖[38;2;215;197;128;48;2;211;194;125m▞[38;2;202;189;125;48;2;181;175;115m▘[38;2;203;189;125;48;2;212;195;129m▛[38;2;204;189;124;48;2;215;196;127m▘[38;2;211;194;129;48;2;216;197;129m▝▀[38;2;215;195;127;48;2;217;196;131m▀[38;2;218;197;133;48;2;216;195;128m▖[38;2;216;195;130;48;2;214;193;128m▀[38;2;215;192;126;48;2;218;199;146m▌[0m
          [38;2;219;209;187;48;2;215;196;152m▌[38;2;226;201;143;48;2;216;194;130m▝[38;2;216;197;139;48;2;187;178;127m▌[38;2;165;163;117;48;2;196;184;130m▌[38;2;173;168;119;48;2;199;186;132m▖[38;2;212;195;135;48;2;226;210;169m▀[38;2;211;194;141;48;2;230;215;185m▀[38;2;217;200;143;48;2;224;209;171m▀[38;2;213;196;141;48;2;224;208;169m▘[38;2;225;211;175;48;2;225;211;180m▖[38;2;225;211;178;48;2;226;214;186m▘[38;2;228;216;192;48;2;211;210;187m▛[38;2;217;213;189;48;2;178;195;181m▘[38;2;125;161;157;48;2;143;177;173m▝[38;2;129;158;156;48;2;69;116;124m▛[38;2;74;111;115;48;2;50;95;119m▘[38;2;51;99;127;48;2;61;108;138m▀[38;2;34;81;125;48;2;43;89;123m▀[38;2;38;81;116;48;2;40;74;102m▀[38;2;38;79;111;48;2;46;77;95m▛[38;2;41;84;113;48;2;40;76;100m▀[38;2;46;87;105;48;2;40;74;95m▀[38;2;45;91;116;48;2;42;73;89m▀[38;2;44;78;95;48;2;40;72;93m▀[38;2;47;79;91;48;2;41;75;97m▀[38;2;49;82;97;48;2;54;86;90m▛[38;2;51;84;103;48;2;51;84;87m▀[38;2;47;82;102;48;2;62;92;107m▌[38;2;59;90;108;48;2;38;74;98m▛[38;2;69;95;110;48;2;200;197;179m▌[38;2;233;222;197;48;2;224;216;193m▌[38;2;227;217;193;48;2;189;188;174m▛[38;2;50;82;105;48;2;170;178;171m▌[38;2;237;224;197;48;2;225;216;192m▌[38;2;227;216;191;48;2;227;217;193m▘[38;2;228;218;194;48;2;227;217;192m▖[38;2;227;216;190;48;2;228;218;192m▌[38;2;225;214;190;48;2;228;217;191m▝[38;2;233;221;195;48;2;167;167;145m▌[38;2;65;89;94;48;2;194;183;119m▘[38;2;222;204;125;48;2;209;194;127m▘[38;2;207;192;124;48;2;218;199;129m▘[38;2;214;196;127;48;2;219;200;130m▘[38;2;217;198;128;48;2;221;201;131m▘[38;2;219;200;132;48;2;219;199;128m▌[38;2;183;176;114;48;2;209;193;125m▝[38;2;209;192;121;48;2;195;184;117m▖[38;2;206;190;121;48;2;215;196;128m▌[38;2;212;194;127;48;2;216;196;126m▖[38;2;216;196;125;48;2;218;198;128m▘[38;2;217;197;128;48;2;218;199;133m▀[38;2;214;194;130;48;2;217;197;131m▛[38;2;215;196;128;48;2;211;192;127m▌[38;2;214;192;126;48;2;210;192;128m▛[38;2;213;192;122;48;2;216;197;143m▌[0m
          [38;2;218;208;186;48;2;214;196;155m▌[38;2;215;191;122;48;2;220;200;151m▀[38;2;218;195;129;48;2;221;203;156m▀[38;2;202;186;126;48;2;226;209;168m▀[38;2;185;175;117;48;2;224;207;163m▘[38;2;215;205;175;48;2;123;141;124m▛[38;2;210;203;176;48;2;87;118;101m▀[38;2;192;191;160;48;2;226;213;182m▖[38;2;226;214;185;48;2;227;213;181m▝[38;2;226;214;187;48;2;229;213;179m▀[38;2;227;215;188;48;2;224;211;178m▀[38;2;214;211;185;48;2;200;204;175m▘[38;2;180;196;178;48;2;197;202;173m▝[38;2;149;179;173;48;2;161;182;163m▀[38;2;95;134;142;48;2;136;170;165m▝[38;2;83;123;130;48;2;55;98;112m▖[38;2;53;105;140;48;2;50;97;123m▘[38;2;46;86;116;48;2;55;95;102m▀[38;2;44;87;119;48;2;52;89;102m▝[38;2;46;80;103;48;2;46;72;84m▘[38;2;46;75;86;48;2;41;71;93m▛[38;2;42;72;89;48;2;41;73;95m▀[38;2;48;78;94;48;2;45;77;98m▀[38;2;43;77;100;48;2;40;73;94m▖[38;2;39;73;95;48;2;39;74;99m▘[38;2;45;79;102;48;2;41;76;100m▀[38;2;51;81;88;48;2;45;80;102m▝[38;2;50;82;88;48;2;51;84;100m▘[38;2;65;94;109;48;2;218;213;192m▛[38;2;198;196;178;48;2;87;103;111m▛[38;2;142;156;158;48;2;230;221;196m▌[38;2;236;226;200;48;2;115;133;139m▌[38;2;85;111;125;48;2;232;222;197m▌[38;2;230;219;194;48;2;227;216;192m▘[38;2;228;218;193;48;2;229;217;193m▛[38;2;228;217;192;48;2;228;217;193m▀[38;2;228;217;192;48;2;231;219;192m▛[38;2;237;223;194;48;2;227;217;193m▖[38;2;194;189;143;48;2;200;190;122m▌[38;2;211;197;130;48;2;187;182;123m▌[38;2;191;182;125;48;2;215;198;133m▌[38;2;215;198;133;48;2;221;201;135m▞[38;2;222;203;134;48;2;219;201;130m▖[38;2;218;199;131;48;2;222;202;131m▞[38;2;217;200;132;48;2;181;178;115m▛[38;2;197;186;122;48;2;223;200;143m▛[38;2;203;188;126;48;2;199;186;146m▀[38;2;211;195;127;48;2;199;183;115m▝[38;2;215;197;130;48;2;206;190;122m▀[38;2;205;191;130;48;2;212;195;129m▌[38;2;215;197;133;48;2;209;193;129m▀[38;2;211;194;131;48;2;219;199;133m▌[38;2;211;193;127;48;2;217;197;133m▀[38;2;216;196;133;48;2;210;191;129m▖[38;2;211;190;125;48;2;215;198;151m▌[0m
          [38;2;218;208;184;48;2;218;200;162m▌[38;2;225;208;173;48;2;224;202;157m▀[38;2;225;206;165;48;2;224;200;154m▀[38;2;227;207;168;48;2;227;204;157m▀[38;2;223;206;169;48;2;223;202;156m▀[38;2;90;118;100;48;2;178;175;140m▝[38;2;103;130;105;48;2;78;114;93m▖[38;2;142;155;123;48;2;208;195;152m▌[38;2;222;203;161;48;2;122;141;116m▛[38;2;220;203;161;48;2;95;125;103m▀[38;2;179;178;139;48;2;219;203;161m▖[38;2;211;202;160;48;2;200;198;159m▖[38;2;197;197;160;48;2;187;190;151m▀[38;2;173;186;152;48;2;158;177;149m▌[38;2;131;162;147;48;2;146;170;148m▝[38;2;108;144;139;48;2;70;108;110m▌[38;2;72;114;123;48;2;56;101;115m▖[38;2;51;94;115;48;2;58;100;109m▖[38;2;61;100;105;48;2;54;92;96m▘[38;2;49;87;101;48;2;56;94;98m▀[38;2;51;81;85;48;2;48;84;99m▀[38;2;44;76;91;48;2;50;81;84m▀[38;2;40;72;89;48;2;43;72;84m▀[38;2;37;69;91;48;2;46;76;84m▀[38;2;36;69;94;48;2;47;81;94m▀[38;2;39;73;97;48;2;46;79;100m▀[38;2;52;84;102;48;2;46;78;99m▖[38;2;50;80;100;48;2;114;129;130m▛[38;2;219;213;192;48;2;114;132;139m▛[38;2;59;83;100;48;2;92;105;109m▌[38;2;113;134;145;48;2;241;230;203m▌[38;2;168;176;171;48;2;35;69;95m▌[38;2;94;119;131;48;2;229;221;197m▌[38;2;230;219;194;48;2;227;217;192m▖[38;2;228;217;192;48;2;227;217;191m▛[38;2;228;217;193;48;2;226;216;191m▛[38;2;227;217;193;48;2;192;190;175m▛[38;2;47;88;115;48;2;196;196;181m▖[38;2;221;212;187;48;2;150;159;136m▌[38;2;131;137;121;48;2;213;195;141m▖[38;2;204;189;150;48;2;189;176;126m▌[38;2;210;194;127;48;2;218;200;132m▖[38;2;212;197;129;48;2;221;202;133m▖[38;2;219;201;132;48;2;222;202;131m▀[38;2;209;196;126;48;2;116;150;101m▛[38;2;169;174;133;48;2;95;138;102m▀[38;2;204;188;141;48;2;224;202;156m▝[38;2;198;186;143;48;2;200;182;114m▖[38;2;198;183;115;48;2;208;191;120m▝[38;2;208;192;122;48;2;191;182;117m▛[38;2;217;198;132;48;2;195;184;121m▀[38;2;212;194;131;48;2;195;184;122m▀[38;2;208;192;131;48;2;201;187;123m▀[38;2;203;187;127;48;2;211;192;129m▝[38;2;211;191;125;48;2;217;198;144m▌[0m
          [38;2;217;207;184;48;2;218;198;160m▌[38;2;223;202;157;48;2;224;201;154m▖[38;2;222;200;153;48;2;234;207;158m▀[38;2;220;199;152;48;2;192;182;142m▛[38;2;180;176;139;48;2;81;122;101m▛[38;2;103;137;112;48;2;119;144;120m▞[38;2;80;121;100;48;2;72;115;96m▘[38;2;106;137;107;48;2;179;179;139m▌[38;2;162;166;132;48;2;89;125;104m▌[38;2;69;112;97;48;2;92;127;108m▛[38;2;151;162;128;48;2;196;189;147m▌[38;2;166;174;138;48;2;88;134;110m▛[38;2;175;180;143;48;2;99;142;115m▀[38;2;160;176;140;48;2;89;137;108m▀[38;2;155;175;146;48;2;107;145;119m▀[38;2;111;139;123;48;2;82;121;118m▌[38;2;67;109;114;48;2;52;92;102m▌[38;2;52;95;109;48;2;46;89;110m▖[38;2;51;91;108;48;2;48;81;98m▀[38;2;47;83;102;48;2;41;73;91m▛[38;2;43;87;116;48;2;37;71;96m▘[38;2;39;69;88;48;2;40;71;93m▘[38;2;38;70;93;48;2;41;74;96m▀[38;2;50;83;84;48;2;42;75;94m▝[38;2;49;83;92;48;2;41;75;98m▘[38;2;40;75;97;48;2;43;77;99m▘[38;2;44;77;99;48;2;32;67;91m▛[38;2;79;103;113;48;2;217;212;188m▌[38;2;193;194;180;48;2;46;79;102m▌[38;2;85;101;108;48;2;65;87;101m▝[38;2;138;152;153;48;2;232;224;200m▌[38;2;86;117;137;48;2;31;65;91m▌[38;2;63;97;119;48;2;216;212;192m▌[38;2;230;219;194;48;2;227;217;193m▌[38;2;227;216;191;48;2;227;217;192m▘[38;2;226;216;191;48;2;227;217;193m▝[38;2;236;224;198;48;2;188;183;165m▌[38;2;34;71;97;48;2;91;124;145m▌[38;2;215;206;183;48;2;235;222;193m▞[38;2;123;134;125;48;2;60;85;101m▝[38;2;215;198;154;48;2;134;143;132m▀[38;2;195;184;122;48;2;171;166;124m▀[38;2;196;187;121;48;2;110;148;99m▛[38;2;140;161;107;48;2;87;136;99m▀[38;2;122;153;105;48;2;94;140;105m▘[38;2;92;137;103;48;2;101;143;108m▀[38;2;186;181;141;48;2;106;141;108m▝[38;2;177;174;137;48;2;212;196;155m▝[38;2;223;203;162;48;2;196;183;126m▖[38;2;156;159;101;48;2;197;184;115m▞[38;2;158;161;107;48;2;203;188;121m▘[38;2;222;200;133;48;2;206;190;124m▝[38;2;218;197;130;48;2;207;190;126m▀[38;2;218;195;131;48;2;209;188;123m▀[38;2;212;191;125;48;2;214;198;148m▌[0m
          [38;2;216;204;180;48;2;220;202;165m▌[38;2;208;192;152;48;2;114;138;114m▛[38;2;133;144;116;48;2;56;99;89m▀[38;2;182;182;148;48;2;87;128;109m▀[38;2;93;133;115;48;2;81;127;107m▀[38;2;154;167;145;48;2;96;135;113m▝[38;2;124;150;128;48;2;89;127;108m▌[38;2;96;135;112;48;2;71;117;99m▀[38;2;94;132;113;48;2;69;114;98m▘[38;2;100;140;119;48;2;73;120;102m▝[38;2;101;144;118;48;2;79;132;106m▘[38;2;96;143;116;48;2;79;130;105m▀[38;2;87;137;111;48;2;80;133;107m▘[38;2;111;152;126;48;2;83;133;108m▝[38;2;129;149;117;48;2;102;141;114m▛[38;2;70;121;112;48;2;61;109;96m▛[38;2;58;103;94;48;2;53;97;100m▛[38;2;51;91;104;48;2;55;95;94m▝[38;2;46;77;89;48;2;53;85;88m▛[38;2;42;72;94;48;2;46;77;93m▀[38;2;43;75;92;48;2;48;80;90m▀[38;2;46;78;90;48;2;50;80;89m▘[38;2;45;76;90;48;2;49;80;85m▀[38;2;50;83;86;48;2;44;76;96m▖[38;2;41;74;95;48;2;48;80;91m▛[38;2;44;76;97;48;2;54;85;90m▀[38;2;40;73;94;48;2;97;114;119m▛[38;2;239;228;202;48;2;164;173;166m▝[38;2;106;124;131;48;2;38;72;94m▌[38;2;75;96;108;48;2;59;85;103m▌[38;2;181;187;177;48;2;160;171;169m▞[38;2;75;111;135;48;2;28;67;95m▌[38;2;99;127;139;48;2;232;222;196m▌[38;2;227;217;193;48;2;228;218;192m▌[38;2;228;218;193;48;2;229;218;193m▀[38;2;228;216;190;48;2;226;215;190m▌[38;2;233;221;195;48;2;202;196;175m▌[38;2;52;83;101;48;2;56;101;131m▌[38;2;174;180;172;48;2;237;225;196m▌[38;2;116;131;133;48;2;63;86;98m▌[38;2;65;97;117;48;2;92;115;125m▀[38;2;184;179;150;48;2;77;108;125m▝[38;2;177;172;135;48;2;122;139;119m▘[38;2;86;129;104;48;2;103;148;108m▖[38;2;111;149;114;48;2;99;143;108m▘[38;2;104;146;110;48;2;96;141;105m▀[38;2;97;142;106;48;2;120;148;115m▌[38;2;223;201;156;48;2;187;180;146m▘[38;2;209;194;151;48;2;194;182;124m▘[38;2;206;190;118;48;2;193;183;117m▝[38;2;196;185;122;48;2;208;192;124m▝[38;2;204;188;123;48;2;206;191;129m▘[38;2;203;188;127;48;2;214;196;133m▛[38;2;215;196;136;48;2;200;183;123m▖[38;2;199;181;117;48;2;199;189;145m▌[0m
          [38;2;218;207;182;48;2;222;202;164m▌[38;2;214;199;156;48;2;152;162;131m▖[38;2;77;115;100;48;2;66;110;94m▘[38;2;69;114;97;48;2;76;122;102m▘[38;2;85;133;108;48;2;80;127;104m▀[38;2;80;132;107;48;2;83;132;108m▝[38;2;75;125;103;48;2;81;130;105m▛[38;2;75;123;101;48;2;83;133;105m▀[38;2;71;120;100;48;2;77;128;104m▝[38;2;69;117;99;48;2;77;127;105m▘[38;2;78;128;104;48;2;81;132;107m▌[38;2;78;126;105;48;2;82;134;107m▘[38;2;83;133;107;48;2;133;151;115m▀[38;2;109;136;112;48;2;82;131;107m▀[38;2;79;134;109;48;2;96;138;114m▞[38;2;83;135;109;48;2;115;144;116m▘[38;2;52;86;107;48;2;108;139;124m▝[38;2;76;117;119;48;2;44;84;101m▖[38;2;49;85;89;48;2;72;116;104m▛[38;2;92;125;111;48;2;51;82;90m▖[38;2;50;79;87;48;2;37;69;90m▀[38;2;48;77;89;48;2;41;73;94m▀[38;2;47;77;87;48;2;42;73;95m▀[38;2;49;79;88;48;2;50;83;93m▀[38;2;50;84;98;48;2;46;77;93m▖[38;2;53;84;88;48;2;43;77;97m▀[38;2;61;95;94;48;2;147;167;148m▌[38;2;60;94;107;48;2;113;131;136m▖[38;2;73;101;117;48;2;56;84;100m▌[38;2;66;90;104;48;2;83;104;114m▛[38;2;181;185;174;48;2;116;140;152m▌[38;2;86;117;137;48;2;25;63;91m▌[38;2;125;142;145;48;2;238;226;198m▌[38;2;223;213;189;48;2;231;219;193m▌[38;2;226;215;191;48;2;196;195;181m▀[38;2;235;222;195;48;2;227;216;192m▖[38;2;233;221;196;48;2;209;202;182m▌[38;2;56;83;99;48;2;37;81;111m▌[38;2;129;150;157;48;2;215;207;184m▌[38;2;151;159;155;48;2;66;89;101m▌[38;2;75;100;112;48;2;84;110;125m▌[38;2;72;96;108;48;2;102;121;128m▌[38;2;48;79;98;48;2;112;130;135m▝[38;2;65;104;104;48;2;39;74;99m▝[38;2;62;100;110;48;2;100;144;109m▖[38;2;98;146;105;48;2;96;140;104m▖[38;2;93;135;104;48;2;97;141;105m▝[38;2;88;129;102;48;2;148;157;128m▌[38;2;211;193;137;48;2;202;188;123m▖[38;2;210;194;126;48;2;203;190;125m▀[38;2;194;184;123;48;2;180;178;138m▛[38;2;161;163;127;48;2;193;184;131m▖[38;2;204;192;139;48;2;213;199;148m▀[38;2;195;185;139;48;2;205;194;161m▀[38;2;193;181;130;48;2;206;195;159m▘[0m
          [38;2;216;205;181;48;2;222;204;169m▌[38;2;211;197;157;48;2;153;165;129m▌[38;2;121;145;122;48;2;82;123;102m▘[38;2;74;117;98;48;2;79;127;104m▖[38;2;86;134;110;48;2;79;125;104m▖[38;2;84;131;107;48;2;87;140;111m▛[38;2;85;134;108;48;2;87;137;110m▀[38;2;84;137;111;48;2;80;133;107m▖[38;2;80;129;105;48;2;73;130;108m▀[38;2;82;130;108;48;2;74;132;109m▀[38;2;76;122;103;48;2;81;135;111m▘[38;2;115;147;115;48;2;198;186;129m▛[38;2;80;129;108;48;2;165;170;121m▝[38;2;117;151;119;48;2;217;198;133m▀[38;2;181;178;132;48;2;216;197;131m▀[38;2;212;197;135;48;2;164;171;129m▖[38;2;161;173;120;48;2;217;201;154m▀[38;2;139;152;114;48;2;230;206;130m▀[38;2;117;150;117;48;2;222;200;131m▀[38;2;182;187;164;48;2;104;142;119m▀[38;2;149;162;150;48;2;89;124;118m▌[38;2;36;70;91;48;2;99;133;110m▀[38;2;25;61;90;48;2;116;124;107m▀[38;2;30;66;94;48;2;84;103;104m▀[38;2;45;77;97;48;2;30;65;93m▛[38;2;47;77;97;48;2;156;163;155m▌[38;2;53;86;112;48;2;154;169;167m▖[38;2;70;97;112;48;2;108;124;128m▌[38;2;69;96;112;48;2;69;90;99m▌[38;2;73;91;100;48;2;107;123;126m▌[38;2;177;180;168;48;2;90;115;130m▌[38;2;69;103;125;48;2;31;66;90m▌[38;2;136;149;147;48;2;237;225;197m▌[38;2;222;213;189;48;2;232;221;194m▌[38;2;195;195;181;48;2;199;196;181m▀[38;2;233;221;195;48;2;224;214;190m▌[38;2;233;222;195;48;2;192;189;172m▌[38;2;50;77;94;48;2;36;76;105m▌[38;2;107;135;149;48;2;203;200;180m▌[38;2;161;169;161;48;2;55;82;98m▌[38;2;65;91;105;48;2;100;123;133m▌[38;2;70;94;105;48;2;95;115;122m▌[38;2;74;99;112;48;2;143;155;152m▌[38;2;92;109;115;48;2;52;81;98m▖[38;2;73;110;109;48;2;41;74;98m▝[38;2;98;143;104;48;2;61;95;100m▀[38;2;95;138;103;48;2;101;145;105m▞[38;2;173;175;140;48;2;99;138;104m▝[38;2;209;192;150;48;2;167;166;128m▘[38;2;206;190;139;48;2;222;200;152m▛[38;2;218;198;151;48;2;196;184;149m▌[38;2;161;160;121;48;2;187;179;130m▌[38;2;200;192;148;48;2;203;194;156m▌[38;2;206;197;168;48;2;222;201;158m▛[38;2;205;192;157;48;2;207;198;171m▌[0m
          [38;2;219;204;175;48;2;208;192;152m▛[38;2;67;122;94;48;2;155;165;124m▝[38;2;76;124;97;48;2;175;174;121m▀[38;2;71;123;101;48;2;171;175;123m▀[38;2;72;123;104;48;2;153;162;117m▀[38;2;80;131;110;48;2;151;158;116m▀[38;2;83;134;111;48;2;182;181;126m▀[38;2;98;141;110;48;2;195;186;132m▀[38;2;125;154;117;48;2;186;177;126m▀[38;2;152;168;122;48;2;212;193;131m▀[38;2;184;183;128;48;2;218;197;127m▀[38;2;216;199;132;48;2;179;176;122m▛[38;2;158;162;116;48;2;48;98;89m▀[38;2;88;120;100;48;2;55;101;91m▀[38;2;88;125;112;48;2;152;178;164m▌[38;2;142;170;166;48;2;159;184;177m▝[38;2;152;177;173;48;2;139;166;164m▌[38;2;180;179;143;48;2;143;162;148m▝[38;2;168;172;133;48;2;111;146;116m▘[38;2;78;128;112;48;2;144;162;119m▀[38;2;113;147;123;48;2;81;130;109m▌[38;2;126;156;122;48;2;83;134;112m▝[38;2;122;155;138;48;2;186;185;139m▖[38;2;210;195;125;48;2;199;196;171m▀[38;2;158;156;115;48;2;199;192;151m▝[38;2;187;185;148;48;2;151;155;128m▖[38;2;60;89;105;48;2;171;175;148m▘[38;2;57;87;107;48;2;91;112;119m▘[38;2;55;86;107;48;2;74;95;105m▌[38;2;77;98;107;48;2;127;139;137m▌[38;2;170;176;167;48;2;87;110;123m▌[38;2;62;96;118;48;2;33;66;89m▌[38;2;160;169;161;48;2;232;224;195m▌[38;2;217;212;188;48;2;228;220;193m▌[38;2;170;180;172;48;2;193;194;179m▖[38;2;232;220;192;48;2;219;214;189m▘[38;2;227;222;195;48;2;175;180;165m▌[38;2;47;74;91;48;2;41;80;106m▌[38;2;96;130;148;48;2;181;188;174m▌[38;2;143;158;155;48;2;49;78;96m▌[38;2;64;90;101;48;2;87;116;124m▌[38;2;79;103;117;48;2;65;96;103m▝[38;2;73;97;110;48;2;112;130;134m▌[38;2;116;134;136;48;2;34;62;85m▌[38;2;39;69;91;48;2;36;67;90m▛[38;2;44;74;95;48;2;35;67;93m▘[38;2;55;89;100;48;2;96;142;106m▌[38;2;83;127;96;48;2;97;142;103m▝[38;2;124;148;113;48;2;206;188;145m▌[38;2;215;194;148;48;2;226;202;154m▌[38;2;213;192;147;48;2;186;175;139m▌[38;2;156;156;118;48;2;214;193;147m▀[38;2;208;190;144;48;2;174;166;130m▛[38;2;221;199;154;48;2;201;184;144m▀[38;2;217;200;163;48;2;203;189;156m▀[0m
          [38;2;215;203;179;48;2;217;201;162m▌[38;2;225;199;136;48;2;216;194;130m▀[38;2;225;200;138;48;2;217;197;137m▀[38;2;223;200;137;48;2;181;175;124m▛[38;2;207;190;129;48;2;147;153;113m▛[38;2;169;165;114;48;2;107;126;98m▀[38;2;221;198;130;48;2;172;169;116m▀[38;2;148;156;134;48;2;207;195;146m▝[38;2;103;133;139;48;2;135;160;156m▘[38;2;145;170;164;48;2;129;156;154m▌[38;2;142;163;151;48;2;98;138;138m▛[38;2;143;161;153;48;2;212;203;175m▖[38;2;141;158;139;48;2;207;201;181m▀[38;2;87;126;113;48;2;150;174;170m▀[38;2;153;178;174;48;2;124;157;149m▖[38;2;115;146;139;48;2;162;175;156m▛[38;2;130;162;161;48;2;184;191;175m▀[38;2;165;181;171;48;2;200;202;186m▀[38;2;103;130;105;48;2;189;190;167m▀[38;2;132;145;106;48;2;164;170;141m▀[38;2;109;133;103;48;2;181;181;148m▘[38;2;190;191;172;48;2;201;189;138m▀[38;2;210;203;175;48;2;211;194;129m▀[38;2;206;197;161;48;2;220;200;127m▀[38;2;203;193;145;48;2;225;204;132m▀[38;2;197;188;133;48;2;227;205;133m▀[38;2;219;202;134;48;2;209;195;132m▞[38;2;152;153;124;48;2;224;205;136m▝[38;2;49;80;101;48;2;160;160;126m▀[38;2;65;91;102;48;2;105;127;130m▌[38;2;145;166;164;48;2;76;106;122m▌[38;2;67;101;120;48;2;34;70;95m▌[38;2;154;173;169;48;2;204;212;192m▌[38;2;185;200;186;48;2;202;210;189m▖[38;2;169;185;177;48;2;139;163;162m▝[38;2;203;210;189;48;2;187;200;184m▛[38;2;200;211;192;48;2;145;164;159m▌[38;2;39;71;92;48;2;41;79;105m▌[38;2;155;174;171;48;2;68;111;120m▝[38;2;150;169;162;48;2;74;113;101m▘[38;2;71;114;95;48;2;62;99;102m▀[38;2;68;114;96;48;2;56;95;105m▀[38;2;77;113;113;48;2;65;106;98m▞[38;2;47;80;99;48;2;82;126;113m▝[38;2;34;67;97;48;2;47;87;100m▀[38;2;39;72;95;48;2;34;66;94m▞[38;2;61;95;96;48;2;36;66;92m▝[38;2;33;63;92;48;2;82;122;103m▖[38;2;93;138;100;48;2;120;141;110m▌[38;2;215;193;146;48;2;228;202;152m▌[38;2;206;186;142;48;2;180;171;135m▌[38;2;209;190;145;48;2;188;175;135m▀[38;2;173;166;133;48;2;205;186;141m▘[38;2;165;158;125;48;2;211;188;143m▝[38;2;198;186;157;48;2;192;176;139m▝[0m
          [38;2;215;204;179;48;2;217;200;159m▌[38;2;215;192;126;48;2;218;198;139m▌[38;2;218;197;136;48;2;222;200;138m▘[38;2;196;183;129;48;2;220;200;137m▀[38;2;104;126;94;48;2;201;188;132m▝[38;2;106;128;95;48;2;191;180;128m▀[38;2;154;160;113;48;2;220;197;145m▀[38;2;140;157;151;48;2;196;184;146m▝[38;2;123;154;156;48;2;197;187;154m▀[38;2;130;159;159;48;2;199;187;153m▀[38;2;117;150;146;48;2;205;191;152m▀[38;2;142;157;143;48;2;216;197;148m▘[38;2;197;186;153;48;2;206;190;130m▀[38;2;181;178;146;48;2;207;191;127m▀[38;2;185;179;136;48;2;213;194;127m▀[38;2;204;193;153;48;2;199;186;122m▀[38;2;200;193;160;48;2;205;190;126m▀[38;2;197;191;153;48;2;205;191;127m▀[38;2;198;189;141;48;2;201;189;128m▀[38;2;215;198;134;48;2;209;194;133m▝[38;2;198;189;124;48;2;206;193;131m▝[38;2;209;196;129;48;2;175;176;118m▌[38;2;165;171;120;48;2;189;185;124m▖[38;2;113;139;101;48;2;177;178;120m▝[38;2;125;147;106;48;2;182;181;125m▀[38;2;164;170;118;48;2;135;153;109m▀[38;2;111;138;104;48;2;198;189;132m▖[38;2;220;203;138;48;2;206;194;134m▖[38;2;231;211;140;48;2;207;194;135m▀[38;2;127;142;130;48;2;217;201;140m▝[38;2;108;140;149;48;2;71;106;125m▌[38;2;57;94;118;48;2;29;68;97m▌[38;2;143;169;168;48;2;187;204;188m▌[38;2;176;194;183;48;2;192;207;190m▌[38;2;117;145;151;48;2;90;123;137m▛[38;2;192;208;190;48;2;176;195;182m▌[38;2;178;198;187;48;2;161;181;172m▌[38;2;46;78;98;48;2;33;71;101m▌[38;2;64;108;133;48;2;106;141;143m▌[38;2;103;136;138;48;2;48;80;99m▌[38;2;53;84;100;48;2;61;96;114m▌[38;2;56;88;108;48;2;37;72;96m▌[38;2;68;100;110;48;2;59;92;103m▌[38;2;81;115;120;48;2;55;88;97m▌[38;2;34;62;86;48;2;59;99;91m▖[38;2;57;100;103;48;2;52;91;91m▝[38;2;45;73;93;48;2;61;98;94m▝[38;2;59;94;95;48;2;34;66;90m▞[38;2;86;126;101;48;2;182;178;134m▌[38;2;224;198;149;48;2;194;179;139m▛[38;2;179;169;131;48;2;200;183;140m▌[38;2;185;172;134;48;2;219;195;148m▘[38;2;181;170;133;48;2;212;190;145m▞[38;2;224;200;153;48;2;195;178;138m▖[38;2;198;180;140;48;2;220;204;170m▌[0m
          [38;2;212;200;176;48;2;214;198;158m▌[38;2;213;193;124;48;2;120;138;93m▀[38;2;119;137;99;48;2;74;108;83m▀[38;2;69;108;83;48;2;110;135;97m▖[38;2;125;145;103;48;2;177;176;121m▌[38;2;223;201;137;48;2;194;185;126m▌[38;2;134;151;108;48;2;87;124;93m▀[38;2;139;154;109;48;2;71;115;87m▀[38;2;184;179;122;48;2;102;138;98m▝[38;2;176;175;125;48;2;114;143;100m▀[38;2;179;178;122;48;2;202;189;131m▖[38;2;198;187;130;48;2;210;195;138m▛[38;2;202;189;130;48;2;217;199;137m▀[38;2;212;195;134;48;2;217;199;136m▘[38;2;215;197;136;48;2;210;194;132m▖[38;2;209;194;133;48;2;218;199;135m▞[38;2;215;198;137;48;2;213;197;133m▀[38;2;215;198;139;48;2;220;201;138m▘[38;2;217;199;136;48;2;220;201;138m▛[38;2;208;193;134;48;2;217;199;137m▖[38;2;196;187;129;48;2;219;201;138m▝[38;2;218;201;134;48;2;200;190;128m▖[38;2;199;189;128;48;2;213;198;133m▌[38;2;196;188;125;48;2;132;153;107m▛[38;2;205;193;128;48;2;120;146;103m▀[38;2;196;190;127;48;2;224;204;135m▖[38;2;138;154;112;48;2;210;196;133m▝[38;2;220;201;135;48;2;180;180;123m▝[38;2;218;200;135;48;2;162;169;118m▀[38;2;222;204;141;48;2;245;221;147m▛[38;2;133;152;137;48;2;65;103;125m▌[38;2;57;96;122;48;2;34;75;104m▌[38;2;148;176;174;48;2;178;198;186m▌[38;2;173;192;182;48;2;188;205;191m▌[38;2;112;145;154;48;2;69;106;127m▌[38;2;183;201;188;48;2;155;181;177m▌[38;2;149;177;177;48;2;168;189;180m▌[38;2;49;83;102;48;2;40;77;98m▛[38;2;60;104;101;48;2;97;136;135m▛[38;2;93;127;135;48;2;47;83;90m▖[38;2;74;113;97;48;2;61;89;98m▀[38;2;72;99;104;48;2;48;80;96m▖[38;2;51;84;100;48;2;71;103;116m▝[38;2;85;108;97;48;2;66;97;113m▀[38;2;61;99;89;48;2;50;87;90m▀[38;2;55;84;92;48;2;81;112;96m▞[38;2;31;62;86;48;2;83;106;99m▀[38;2;48;86;92;48;2;88;133;105m▀[38;2;113;135;123;48;2;224;203;158m▌[38;2;229;203;152;48;2;219;196;149m▖[38;2;200;183;142;48;2;213;192;147m▌[38;2;207;188;144;48;2;172;165;130m▌[38;2;197;183;143;48;2;189;177;137m▘[38;2;196;179;140;48;2;221;197;151m▘[38;2;200;180;138;48;2;209;192;157m▘[0m
          [38;2;205;194;170;48;2;213;198;159m▌[38;2;104;130;91;48;2;180;174;112m▝[38;2;68;105;82;48;2;158;163;114m▀[38;2;81;116;88;48;2;151;160;112m▀[38;2;85;120;90;48;2;161;165;114m▀[38;2;103;136;97;48;2;175;174;120m▀[38;2;133;151;108;48;2;218;198;136m▀[38;2;140;155;110;48;2;231;206;141m▀[38;2;233;207;141;48;2;186;182;124m▖[38;2;175;175;120;48;2;84;121;91m▀[38;2;140;155;110;48;2;81;120;91m▀[38;2;161;166;115;48;2;94;131;96m▀[38;2;158;166;114;48;2;215;197;132m▖[38;2;212;195;133;48;2;184;179;123m▀[38;2;218;199;133;48;2;201;189;128m▘[38;2;162;169;115;48;2;110;140;100m▛[38;2;174;176;122;48;2;106;138;100m▘[38;2;188;184;126;48;2;91;128;95m▝[38;2;206;194;130;48;2;97;132;96m▀[38;2;221;200;135;48;2;173;175;118m▀[38;2;215;197;133;48;2;196;183;122m▀[38;2;217;196;129;48;2;210;188;122m▛[38;2;221;201;129;48;2;212;189;122m▀[38;2;226;202;129;48;2;212;188;121m▀[38;2;226;202;129;48;2;218;193;124m▘[38;2;205;189;122;48;2;221;195;124m▀[38;2;116;144;103;48;2;186;179;119m▀[38;2;154;165;115;48;2;95;131;98m▘[38;2;72;117;90;48;2;112;142;104m▘[38;2;205;195;133;48;2;80;107;99m▀[38;2;116;146;138;48;2;68;106;119m▌[38;2;60;98;117;48;2;37;75;102m▌[38;2;147;175;174;48;2;176;196;184m▌[38;2;173;193;182;48;2;187;204;189m▌[38;2;109;142;154;48;2;57;95;119m▌[38;2;139;167;164;48;2;72;115;101m▛[38;2;120;152;146;48;2;76;118;107m▀[38;2;48;82;97;48;2;68;103;91m▛[38;2;106;142;150;48;2;70;114;105m▝[38;2;92;129;122;48;2;51;85;91m▌[38;2;58;86;100;48;2;53;88;109m▌[38;2;75;109;125;48;2;34;67;91m▌[38;2;78;110;126;48;2;67;100;119m▌[38;2;83;113;126;48;2;64;93;111m▌[38;2;35;66;92;48;2;39;70;94m▌[38;2;29;61;88;48;2;34;64;89m▝[38;2;33;64;91;48;2;45;76;93m▖[38;2;60;90;97;48;2;124;143;117m▌[38;2;77;110;97;48;2;176;174;144m▘[38;2;233;207;156;48;2;213;193;148m▌[38;2;185;174;137;48;2;211;191;146m▘[38;2;186;174;137;48;2;214;193;147m▞[38;2;228;203;155;48;2;213;192;148m▞[38;2;223;200;153;48;2;219;195;149m▀[38;2;220;199;156;48;2;215;201;172m▌[0m
          [38;2;209;197;173;48;2;211;197;159m▌[38;2;213;193;124;48;2;223;200;136m▌[38;2;219;197;136;48;2;200;185;129m▀[38;2;220;199;140;48;2;215;196;137m▝[38;2;222;199;137;48;2;214;195;134m▀[38;2;219;198;136;48;2;216;196;132m▀[38;2;203;190;130;48;2;146;157;112m▛[38;2;167;171;120;48;2;79;119;90m▀[38;2;186;182;124;48;2;105;140;98m▀[38;2;98;132;97;48;2;143;160;110m▀[38;2;96;131;96;48;2;169;171;117m▀[38;2;141;161;111;48;2;105;140;99m▞[38;2;116;142;100;48;2;94;132;94m▀[38;2;89;127;93;48;2;100;134;95m▞[38;2;109;139;99;48;2;153;165;110m▘[38;2;216;198;128;48;2;153;164;109m▀[38;2;171;174;114;48;2;210;191;124m▀[38;2;149;159;109;48;2;215;191;124m▀[38;2;175;173;115;48;2;221;194;127m▀[38;2;119;145;102;48;2;216;192;127m▀[38;2;125;148;102;48;2;93;133;95m▞[38;2;98;134;95;48;2;197;183;119m▖[38;2;216;192;125;48;2;212;189;121m▞[38;2;216;191;125;48;2;214;190;125m▌[38;2;212;189;123;48;2;215;190;126m▀[38;2;214;190;126;48;2;223;196;129m▌[38;2;240;205;131;48;2;225;197;128m▝[38;2;189;180;124;48;2;96;135;104m▌[38;2;111;146;116;48;2;95;133;106m▖[38;2;78;114;106;48;2;101;134;123m▌[38;2;114;149;148;48;2;71;110;96m▖[38;2;57;95;92;48;2;43;82;94m▌[38;2;130;164;168;48;2;178;198;187m▌[38;2;159;181;176;48;2;179;198;186m▌[38;2;121;153;159;48;2;49;89;111m▌[38;2;108;145;142;48;2;73;117;107m▀[38;2;135;165;166;48;2;88;127;120m▀[38;2;61;94;87;48;2;41;76;96m▖[38;2;41;88;118;48;2;103;140;151m▌[38;2;141;168;166;48;2;49;82;101m▌[38;2;57;85;101;48;2;54;87;106m▌[38;2;78;111;127;48;2;34;67;93m▌[38;2;77;109;125;48;2;68;101;116m▌[38;2;70;105;118;48;2;69;109;104m▘[38;2;49;84;97;48;2;63;105;93m▝[38;2;46;83;97;48;2;66;106;93m▀[38;2;41;75;92;48;2;59;94;88m▀[38;2;76;116;100;48;2;104;129;114m▛[38;2;193;187;154;48;2;98;134;113m▝[38;2;179;169;135;48;2;225;200;153m▝[38;2;201;185;144;48;2;213;192;147m▘[38;2;192;178;140;48;2;223;199;150m▘[38;2;217;195;150;48;2;194;178;139m▘[38;2;198;177;135;48;2;210;185;140m▀[38;2;213;189;143;48;2;219;199;161m▌[0m
          [38;2;209;196;171;48;2;213;197;160m▌[38;2;213;190;120;48;2;208;189;127m▌[38;2;212;193;133;48;2;206;190;131m▘[38;2;129;149;105;48;2;167;168;117m▀[38;2;197;186;124;48;2;139;154;105m▀[38;2;147;159;109;48;2;125;146;101m▀[38;2;152;162;111;48;2;170;171;116m▌[38;2;183;178;120;48;2;211;193;128m▀[38;2;192;184;124;48;2;211;192;126m▀[38;2;219;198;132;48;2;199;186;124m▀[38;2;222;200;130;48;2;203;189;124m▀[38;2;216;197;131;48;2;175;176;119m▛[38;2;211;195;128;48;2;135;153;104m▀[38;2;140;155;104;48;2;193;185;122m▖[38;2;157;164;108;48;2;210;191;122m▝[38;2;131;150;100;48;2;190;179;114m▘[38;2;182;174;112;48;2;118;146;98m▘[38;2;144;159;105;48;2;190;180;117m▌[38;2;207;185;121;48;2;210;188;124m▀[38;2;215;192;126;48;2;172;167;113m▛[38;2;162;164;110;48;2;215;190;125m▀[38;2;199;185;120;48;2;224;196;130m▀[38;2;215;191;124;48;2;216;192;126m▘[38;2;212;189;126;48;2;221;194;131m▀[38;2;217;192;129;48;2;214;191;130m▛[38;2;224;197;135;48;2;219;192;130m▝[38;2;220;195;134;48;2;165;171;132m▛[38;2;105;139;121;48;2;78;123;110m▀[38;2;104;136;117;48;2;78;118;108m▘[38;2;85;118;126;48;2;59;97;98m▝[38;2;124;157;164;48;2;62;101;111m▘[38;2;59;98;122;48;2;36;76;107m▌[38;2;131;164;171;48;2;170;195;187m▌[38;2;135;167;171;48;2;165;190;182m▌[38;2;122;155;164;48;2;46;88;116m▌[38;2;90;129;138;48;2;137;166;170m▛[38;2;106;142;131;48;2;152;180;179m▀[38;2;50;83;103;48;2;37;71;95m▌[38;2;38;83;116;48;2;101;138;152m▌[38;2;124;154;159;48;2;43;75;97m▌[38;2;64;91;106;48;2;50;82;103m▖[38;2;82;116;130;48;2;48;84;92m▌[38;2;69;110;99;48;2;60;95;101m▛[38;2;75;119;103;48;2;66;100;105m▘[38;2;45;76;92;48;2;35;67;94m▝[38;2;41;70;90;48;2;36;70;95m▀[38;2;49;78;91;48;2;35;67;93m▘[38;2;69;102;90;48;2;42;75;91m▝[38;2;80;115;96;48;2;123;145;116m▌[38;2;195;184;150;48;2;214;195;151m▖[38;2;216;195;150;48;2;225;200;151m▌[38;2;209;188;146;48;2;191;177;140m▌[38;2;203;183;142;48;2;220;196;151m▀[38;2;211;189;145;48;2;221;198;152m▛[38;2;212;193;155;48;2;214;198;167m▌[0m
          [38;2;211;198;174;48;2;215;199;160m▌[38;2;217;194;124;48;2;202;186;127m▛[38;2;216;196;133;48;2;193;181;126m▘[38;2;218;198;132;48;2;178;173;124m▀[38;2;88;123;90;48;2;166;167;116m▝[38;2;115;140;99;48;2;180;177;121m▀[38;2;155;163;113;48;2;212;193;128m▘[38;2;211;193;126;48;2;218;197;129m▘[38;2;210;192;123;48;2;213;194;126m▘[38;2;211;193;126;48;2;219;198;128m▌[38;2;217;197;128;48;2;213;193;125m▛[38;2;174;175;118;48;2;219;195;126m▝[38;2;98;133;93;48;2;200;182;118m▀[38;2;121;145;99;48;2;107;140;96m▖[38;2;114;144;99;48;2;141;155;102m▌[38;2;108;142;98;48;2;150;160;107m▀[38;2;138;158;105;48;2;178;176;115m▌[38;2;226;197;128;48;2;214;190;122m▖[38;2;215;191;124;48;2;221;194;126m▌[38;2;204;186;124;48;2;128;146;104m▛[38;2;206;189;125;48;2;121;146;104m▘[38;2;149;159;109;48;2;100;135;96m▝[38;2;143;156;110;48;2;112;142;100m▖[38;2;179;172;119;48;2;116;143;102m▀[38;2;186;177;125;48;2;219;193;131m▖[38;2;227;200;136;48;2;213;189;131m▞[38;2;195;184;137;48;2;97;120;121m▀[38;2;60;101;102;48;2;81;113;126m▀[38;2;66;100;106;48;2;86;111;121m▛[38;2;74;107;112;48;2;131;157;159m▛[38;2;99;133;149;48;2;67;104;119m▖[38;2;57;92;116;48;2;35;77;108m▌[38;2;142;173;176;48;2;164;190;184m▌[38;2;133;165;169;48;2;169;193;186m▌[38;2;124;156;163;48;2;48;87;115m▌[38;2;88;122;139;48;2;129;158;163m▌[38;2;156;181;176;48;2;159;184;179m▀[38;2;48;84;107;48;2;39;73;97m▌[38;2;35;80;116;48;2;93;132;149m▌[38;2;137;162;161;48;2;49;82;104m▌[38;2;61;90;106;48;2;56;88;107m▘[38;2;89;122;136;48;2;32;68;97m▌[38;2;69;104;127;48;2;59;92;115m▌[38;2;56;90;114;48;2;86;116;131m▌[38;2;37;69;94;48;2;35;69;95m▌[38;2;35;67;93;48;2;39;72;96m▖[38;2;32;65;92;48;2;56;94;93m▘[38;2;50;86;89;48;2;71;113;96m▝[38;2;68;111;97;48;2;50;85;86m▘[38;2;95;118;106;48;2;198;185;144m▌[38;2;228;203;155;48;2;221;198;151m▖[38;2;218;195;149;48;2;207;187;146m▖[38;2;219;197;152;48;2;214;193;151m▌[38;2;223;200;155;48;2;220;197;152m▖[38;2;208;191;155;48;2;214;200;170m▌[0m
          [38;2;208;196;173;48;2;215;198;160m▌[38;2;213;187;118;48;2;215;192;130m▌[38;2;210;191;133;48;2;189;176;123m▛[38;2;211;193;137;48;2;203;187;129m▘[38;2;228;203;137;48;2;213;194;133m▝[38;2;222;199;132;48;2;205;189;127m▀[38;2;206;189;127;48;2;213;193;128m▖[38;2;212;193;128;48;2;216;196;128m▞[38;2;210;192;126;48;2;214;194;126m▞[38;2;199;188;122;48;2;129;151;102m▌[38;2;160;168;110;48;2;104;137;96m▀[38;2;155;163;108;48;2;92;131;92m▀[38;2;221;193;124;48;2;144;157;106m▀[38;2;156;165;114;48;2;115;145;101m▖[38;2;121;146;102;48;2;90;129;97m▀[38;2;133;151;104;48;2;91;130;95m▀[38;2;100;132;97;48;2;127;148;105m▖[38;2;148;158;110;48;2;205;187;128m▌[38;2;210;188;129;48;2;219;194;131m▞[38;2;222;195;132;48;2;134;151;107m▌[38;2;85;128;94;48;2;103;137;98m▘[38;2;124;150;103;48;2;108;137;99m▀[38;2;133;153;106;48;2;210;192;130m▌[38;2;225;198;137;48;2;213;191;132m▖[38;2;220;196;137;48;2;95;118;100m▀[38;2;184;174;132;48;2;75;106;113m▘[38;2;44;78;101;48;2;117;147;153m▌[38;2;62;97;120;48;2;80;110;126m▖[38;2;65;95;113;48;2;77;102;113m▌[38;2;54;86;106;48;2;120;152;160m▌[38;2;91;129;146;48;2;61;97;118m▌[38;2;61;95;116;48;2;44;81;109m▌[38;2;151;179;178;48;2;146;176;177m▝[38;2;115;150;162;48;2;163;189;184m▌[38;2;127;159;165;48;2;56;91;115m▌[38;2;83;116;133;48;2;130;160;166m▌[38;2;158;184;181;48;2;146;175;175m▝[38;2;51;87;111;48;2;44;78;101m▌[38;2;38;82;117;48;2;85;128;150m▌[38;2;117;150;157;48;2;53;87;107m▌[38;2;60;90;108;48;2;61;94;113m▛[38;2;82;116;131;48;2;35;71;99m▌[38;2;69;105;125;48;2;59;93;114m▌[38;2;56;91;114;48;2;79;111;126m▌[38;2;44;74;94;48;2;37;70;96m▌[38;2;36;68;93;48;2;38;71;96m▀[38;2;50;83;91;48;2;36;67;94m▀[38;2;62;96;96;48;2;37;67;93m▀[38;2;48;78;93;48;2;39;69;93m▘[38;2;69;90;100;48;2;206;188;149m▖[38;2;222;198;151;48;2;219;195;150m▛[38;2;222;198;152;48;2;210;190;149m▀[38;2;206;187;147;48;2;220;196;150m▖[38;2;222;196;147;48;2;218;194;151m▘[38;2;199;181;143;48;2;207;191;160m▌[0m
          [38;2;213;201;180;48;2;216;199;165m▌[38;2;214;190;122;48;2;216;192;127m▘[38;2;198;181;127;48;2;154;153;112m▌[38;2;183;174;124;48;2;204;188;131m▌[38;2;193;181;125;48;2;212;192;129m▖[38;2;215;195;132;48;2;206;189;126m▌[38;2;202;187;126;48;2;206;189;126m▘[38;2;211;193;131;48;2;205;188;124m▀[38;2;210;191;130;48;2;198;185;126m▛[38;2;183;177;124;48;2;204;188;127m▖[38;2;202;187;126;48;2;140;155;107m▛[38;2;127;150;106;48;2;167;170;119m▝[38;2;101;136;97;48;2;153;163;113m▛[38;2;163;168;115;48;2;210;189;128m▘[38;2;132;151;108;48;2;215;193;131m▀[38;2;148;158;111;48;2;125;147;103m▖[38;2;124;145;102;48;2;205;186;125m▛[38;2;119;143;100;48;2;205;187;127m▀[38;2;196;182;124;48;2;110;136;99m▛[38;2;118;146;102;48;2;163;164;114m▝[38;2;96;132;95;48;2;118;145;100m▀[38;2;107;136;97;48;2;157;163;112m▌[38;2;195;182;125;48;2;157;161;114m▌[38;2;177;175;124;48;2;107;120;114m▌[38;2;65;102;117;48;2;101;140;149m▌[38;2;67;100;119;48;2;59;95;118m▝[38;2;50;84;106;48;2;115;148;158m▌[38;2;47;85;111;48;2;81;115;131m▌[38;2;67;99;117;48;2;72;101;115m▌[38;2;55;87;108;48;2;115;150;161m▌[38;2;76;115;138;48;2;59;94;117m▌[38;2;46;85;112;48;2;53;89;114m▝[38;2;150;181;182;48;2;143;175;177m▖[38;2;108;145;161;48;2;153;183;182m▌[38;2;115;151;164;48;2;58;93;117m▌[38;2;86;115;129;48;2;123;156;166m▌[38;2;140;172;174;48;2;145;174;174m▀[38;2;49;85;110;48;2;45;79;102m▌[38;2;46;89;122;48;2;99;139;157m▌[38;2;113;146;154;48;2;50;83;104m▌[38;2;64;97;115;48;2;63;93;109m▝[38;2;88;121;134;48;2;37;71;97m▌[38;2;66;104;127;48;2;63;96;117m▌[38;2;60;94;116;48;2;68;101;121m▘[38;2;49;79;98;48;2;41;73;97m▌[38;2;42;73;96;48;2;38;71;95m▌[38;2;39;70;94;48;2;43;74;98m▛[38;2;41;74;98;48;2;44;75;99m▀[38;2;41;74;100;48;2;40;71;97m▘[38;2;31;64;89;48;2;135;139;128m▌[38;2;234;208;159;48;2;220;196;151m▌[38;2;224;200;154;48;2;216;194;151m▖[38;2;211;191;150;48;2;217;195;153m▌[38;2;218;195;153;48;2;221;197;154m▘[38;2;190;172;134;48;2;209;194;163m▘[0m
          [38;2;217;206;186;48;2;218;201;163m▌[38;2;225;199;133;48;2;217;192;123m▝[38;2;187;176;123;48;2;140;146;105m▌[38;2;199;184;128;48;2;175;168;118m▀[38;2;191;179;123;48;2;208;190;129m▞[38;2;220;198;132;48;2;192;182;122m▀[38;2;212;192;127;48;2;121;142;100m▀[38;2;207;190;126;48;2;115;141;100m▀[38;2;203;188;128;48;2;214;195;137m▛[38;2;204;188;128;48;2;139;154;108m▛[38;2;152;161;117;48;2;191;183;128m▝[38;2;214;197;137;48;2;118;143;102m▖[38;2;110;143;101;48;2;129;148;104m▘[38;2;122;145;102;48;2;180;174;119m▌[38;2;224;196;133;48;2;212;189;128m▝[38;2;156;161;114;48;2;99;131;96m▘[38;2;119;143;101;48;2;146;156;109m▌[38;2;215;192;131;48;2;204;186;128m▌[38;2;105;137;97;48;2;153;161;111m▛[38;2;179;174;120;48;2;130;152;107m▛[38;2;113;141;101;48;2;166;166;117m▛[38;2;104;135;99;48;2;201;183;128m▀[38;2;94;129;97;48;2;195;182;129m▘[38;2;201;184;138;48;2;65;92;105m▌[38;2;68;105;127;48;2;54;91;116m▛[38;2;65;102;124;48;2;58;94;120m▌[38;2;59;92;113;48;2;110;145;158m▌[38;2;48;88;115;48;2;75;113;133m▌[38;2;64;98;118;48;2;72;103;120m▖[38;2;60;93;113;48;2;114;150;160m▌[38;2;65;106;133;48;2;74;110;130m▌[38;2;60;98;121;48;2;56;93;118m▝[38;2;158;187;184;48;2;135;169;175m▌[38;2;107;145;161;48;2;155;183;182m▌[38;2;123;158;168;48;2;58;92;114m▌[38;2;79;110;124;48;2;126;160;168m▌[38;2;150;177;176;48;2;145;174;174m▌[38;2;48;83;109;48;2;45;78;102m▌[38;2;47;92;123;48;2;105;143;158m▌[38;2;119;151;158;48;2;49;82;104m▌[38;2;62;91;108;48;2;57;90;110m▌[38;2;85;118;133;48;2;37;70;96m▌[38;2;68;103;125;48;2;62;96;117m▌[38;2;55;90;113;48;2;67;98;118m▖[38;2;49;77;98;48;2;36;69;96m▌[38;2;40;71;96;48;2;41;73;98m▀[38;2;41;73;99;48;2;38;68;95m▀[38;2;40;72;97;48;2;38;68;95m▀[38;2;41;72;100;48;2;38;70;96m▖[38;2;119;131;128;48;2;44;73;95m▝[38;2;216;197;156;48;2;230;206;160m▞[38;2;206;187;148;48;2;219;197;154m▝[38;2;210;190;150;48;2;219;198;156m▘[38;2;220;195;149;48;2;222;199;156m▝[38;2;209;189;152;48;2;212;198;172m▌[0m
          [38;2;214;202;181;48;2;217;199;161m▌[38;2;217;192;125;48;2;217;194;133m▌[38;2;209;190;133;48;2;131;140;105m▛[38;2;149;152;110;48;2;217;197;141m▛[38;2;217;197;141;48;2;210;192;133m▖[38;2;85;119;90;48;2;186;179;127m▀[38;2;75;116;88;48;2;169;170;121m▀[38;2;131;150;107;48;2;225;201;138m▀[38;2;218;197;136;48;2;210;192;133m▛[38;2;179;176;124;48;2;217;197;137m▝[38;2;112;139;100;48;2;219;199;142m▀[38;2;175;171;121;48;2;118;142;101m▞[38;2;195;179;120;48;2;129;149;104m▀[38;2;221;193;131;48;2;182;172;116m▝[38;2;230;199;132;48;2;155;160;110m▘[38;2;115;143;101;48;2;212;190;127m▀[38;2;184;177;122;48;2;220;194;133m▘[38;2;186;176;122;48;2;223;195;132m▝[38;2;153;159;112;48;2;218;193;130m▘[38;2;168;170;117;48;2;225;197;133m▝[38;2;212;190;130;48;2;171;171;119m▛[38;2;143;155;111;48;2;174;171;120m▌[38;2;223;198;137;48;2;208;186;133m▞[38;2;193;178;135;48;2;61;89;107m▘[38;2;67;102;126;48;2;49;86;112m▌[38;2;65;100;120;48;2;54;90;117m▌[38;2;64;97;116;48;2;105;141;155m▌[38;2;46;85;114;48;2;73;109;131m▌[38;2;62;96;118;48;2;72;101;118m▌[38;2;60;91;110;48;2;118;152;161m▌[38;2;68;107;133;48;2;76;111;130m▘[38;2;56;92;116;48;2;63;96;116m▛[38;2;157;186;183;48;2;135;166;171m▌[38;2;96;135;155;48;2;156;185;182m▌[38;2;112;148;161;48;2;49;84;109m▌[38;2;71;104;122;48;2;123;158;167m▌[38;2;150;179;179;48;2;142;170;172m▌[38;2;47;82;108;48;2;44;78;105m▛[38;2;47;92;126;48;2;109;145;159m▌[38;2;120;152;159;48;2;43;76;102m▌[38;2;65;93;109;48;2;57;89;111m▌[38;2;84;119;135;48;2;36;69;96m▌[38;2;72;107;129;48;2;60;94;117m▘[38;2;56;89;112;48;2;64;95;118m▛[38;2;51;76;95;48;2;34;66;92m▌[38;2;39;70;96;48;2;38;68;94m▀[38;2;40;71;97;48;2;38;69;95m▀[38;2;38;68;93;48;2;37;68;95m▖[38;2;38;70;98;48;2;40;71;97m▌[38;2;41;70;96;48;2;36;66;92m▌[38;2;160;158;140;48;2;233;210;166m▌[38;2;210;191;153;48;2;219;198;158m▀[38;2;222;201;161;48;2;203;187;151m▘[38;2;224;202;164;48;2;221;199;161m▝[38;2;210;188;149;48;2;213;198;171m▌[0m
          [38;2;214;201;180;48;2;217;197;156m▌[38;2;217;193;127;48;2;217;195;137m▘[38;2;214;194;140;48;2;137;144;111m▌[38;2;155;157;118;48;2;187;178;129m▌[38;2;186;176;129;48;2;195;182;131m▖[38;2;218;196;138;48;2;197;183;130m▀[38;2;220;197;137;48;2;202;186;130m▀[38;2;221;198;137;48;2;211;192;133m▘[38;2;212;192;132;48;2;217;196;134m▛[38;2;212;193;133;48;2;215;195;133m▀[38;2;214;195;136;48;2;219;198;138m▞[38;2;230;204;139;48;2;162;164;115m▌[38;2;106;136;95;48;2;146;157;110m▘[38;2;162;162;112;48;2;191;178;120m▞[38;2;147;158;107;48;2;218;193;130m▀[38;2;228;197;130;48;2;218;192;128m▘[38;2;218;191;128;48;2;220;193;130m▘[38;2;221;194;130;48;2;222;196;134m▌[38;2;221;195;132;48;2;222;195;134m▘[38;2;221;195;132;48;2;224;198;135m▀[38;2;226;198;134;48;2;211;190;134m▛[38;2;224;198;137;48;2;195;179;133m▛[38;2;192;176;131;48;2;55;84;106m▘[38;2;33;72;106;48;2;52;85;111m▘[38;2;71;104;126;48;2;42;76;105m▌[38;2;66;99;119;48;2;54;88;114m▌[38;2;65;96;116;48;2;95;132;151m▌[38;2;45;82;111;48;2;84;116;134m▌[38;2;67;98;119;48;2;83;109;122m▛[38;2;59;90;112;48;2;123;155;165m▌[38;2;75;111;134;48;2;75;105;122m▌[38;2;55;87;110;48;2;59;93;117m▛[38;2;159;186;182;48;2;133;163;167m▌[38;2;103;137;152;48;2;158;183;175m▌[38;2;108;141;152;48;2;48;80;105m▌[38;2;69;101;122;48;2;122;156;167m▌[38;2;148;175;176;48;2;138;165;168m▌[38;2;45;78;105;48;2;43;76;103m▀[38;2;45;88;125;48;2;111;145;157m▌[38;2;119;149;157;48;2;38;71;98m▌[38;2;64;91;107;48;2;56;88;111m▌[38;2;74;109;131;48;2;36;68;95m▌[38;2;63;96;120;48;2;59;90;112m▌[38;2;53;85;110;48;2;56;90;117m▌[38;2;55;78;96;48;2;39;69;97m▌[38;2;37;67;93;48;2;40;70;97m▝[38;2;38;68;94;48;2;40;71;98m▀[38;2;37;66;93;48;2;41;69;94m▀[38;2;38;67;94;48;2;40;69;95m▀[38;2;41;70;94;48;2;35;65;92m▛[38;2;163;158;138;48;2;232;208;163m▌[38;2;223;202;160;48;2;220;199;157m▘[38;2;200;186;151;48;2;222;199;157m▘[38;2;221;198;157;48;2;222;200;160m▌[38;2;221;199;160;48;2;221;206;179m▌[0m
          [38;2;214;201;179;48;2;207;182;137m▌[38;2;210;182;126;48;2;219;198;149m▌[38;2;142;144;111;48;2;211;191;144m▝[38;2;123;132;104;48;2;180;172;129m▘[38;2;198;184;138;48;2;192;179;130m▖[38;2;204;187;134;48;2;216;196;143m▛[38;2;205;187;131;48;2;212;194;142m▀[38;2;208;190;133;48;2;214;197;146m▀[38;2;209;191;135;48;2;214;197;145m▀[38;2;214;193;132;48;2;218;199;146m▀[38;2;212;194;139;48;2;138;154;119m▛[38;2;104;134;97;48;2;152;161;120m▝[38;2;117;141;99;48;2;192;181;129m▘[38;2;125;143;101;48;2;219;197;142m▀[38;2;141;152;105;48;2;218;195;138m▘[38;2;219;191;127;48;2;223;199;143m▀[38;2;221;192;129;48;2;224;198;142m▀[38;2;222;194;131;48;2;224;199;144m▀[38;2;222;194;133;48;2;222;197;142m▀[38;2;224;197;136;48;2;226;202;150m▀[38;2;218;193;135;48;2;225;202;149m▀[38;2;227;203;146;48;2;115;123;116m▌[38;2;37;71;101;48;2;76;102;120m▀[38;2;49;82;107;48;2;86;111;125m▀[38;2;47;80;104;48;2;90;117;130m▝[38;2;117;135;138;48;2;75;103;118m▖[38;2;84;111;123;48;2;112;137;145m▘[38;2;54;87;110;48;2;93;119;134m▘[38;2;75;103;117;48;2;104;124;132m▀[38;2;87;111;125;48;2;144;169;174m▌[38;2;80;110;127;48;2;123;144;148m▀[38;2;68;98;116;48;2;111;134;141m▀[38;2;171;192;185;48;2;137;166;169m▌[38;2;115;147;157;48;2;170;190;180m▌[38;2;114;142;151;48;2;62;89;109m▌[38;2;82;110;126;48;2;120;152;162m▌[38;2;151;176;174;48;2;140;160;158m▌[38;2;42;75;100;48;2;74;99;116m▀[38;2;61;99;129;48;2;120;148;156m▌[38;2;132;154;155;48;2;57;83;103m▌[38;2;55;84;103;48;2;85;106;118m▀[38;2;90;119;134;48;2;52;80;103m▌[38;2;61;94;115;48;2;92;115;128m▀[38;2;51;84;110;48;2;85;107;123m▀[38;2;45;74;96;48;2;78;97;111m▀[38;2;37;68;95;48;2;70;92;110m▀[38;2;39;70;96;48;2;71;92;109m▀[38;2;40;70;95;48;2;72;94;110m▀[38;2;40;69;94;48;2;76;96;110m▀[38;2;42;65;88;48;2;72;86;101m▀[38;2;140;138;125;48;2;229;204;158m▌[38;2;216;194;154;48;2;220;197;155m▖[38;2;221;198;156;48;2;217;195;154m▀[38;2;218;194;152;48;2;214;192;152m▀[38;2;217;195;155;48;2;218;202;174m▌[0m

Katsushika Hokusai: Amida Falls in the Far Reaches of the Kisokaido, c. 1833
