   [38;2;192;177;154;48;2;170;169;146m▌[38;2;177;174;154;48;2;170;169;148m▌[38;2;173;171;147;48;2;148;154;134m▀[38;2;169;168;143;48;2;142;150;129m▀[38;2;160;164;141;48;2;105;113;108m▌[38;2;143;152;133;48;2;118;127;117m▝[38;2;158;163;141;48;2;137;147;131m▝[38;2;153;161;139;48;2;125;138;124m▛[38;2;205;192;174;48;2;136;137;133m▘[38;2;108;109;113;48;2;218;201;181m▌[38;2;167;166;156;48;2;120;128;131m▀[38;2;205;191;174;48;2;145;136;127m▌[38;2;68;66;62;48;2;91;85;79m▖[38;2;86;81;75;48;2;130;120;111m▀[38;2;97;91;85;48;2;62;58;56m▀[38;2;98;92;85;48;2;65;62;58m▀[38;2;99;93;86;48;2;69;65;61m▀[38;2;98;92;85;48;2;68;65;61m▀[38;2;103;97;90;48;2;72;68;64m▀[38;2;102;95;88;48;2;71;67;64m▀[38;2;103;97;90;48;2;72;68;65m▀[38;2;102;96;88;48;2;70;65;62m▀[38;2;103;97;89;48;2;70;66;63m▀[38;2;102;96;89;48;2;69;65;62m▀[38;2;107;101;93;48;2;71;67;64m▀[38;2;107;101;94;48;2;74;70;66m▀[38;2;108;101;94;48;2;70;65;62m▀[38;2;110;104;97;48;2;72;68;64m▀[38;2;107;101;94;48;2;69;65;61m▀[38;2;107;100;93;48;2;67;63;59m▀[38;2;107;101;93;48;2;66;62;58m▀[38;2;106;99;92;48;2;65;61;57m▀[38;2;107;101;93;48;2;70;65;61m▀[38;2;105;99;91;48;2;67;63;59m▀[38;2;106;99;92;48;2;68;63;59m▀[38;2;96;94;88;48;2;63;60;57m▀[38;2;93;100;104;48;2;54;61;68m▀[38;2;51;72;88;48;2;91;104;110m▖[38;2;199;177;150;48;2;143;134;120m▝[38;2;122;126;123;48;2;71;88;99m▘[38;2;86;103;113;48;2;126;121;112m▘[38;2;192;174;150;48;2;77;86;91m▘[38;2;92;103;111;48;2;49;63;74m▀[38;2;112;115;110;48;2;171;150;124m▛[38;2;104;108;107;48;2;41;50;55m▛[38;2;44;51;55;48;2;99;101;98m▖[38;2;104;113;116;48;2;76;86;93m▀[38;2;102;114;119;48;2;72;84;93m▀[38;2;115;122;122;48;2;58;75;89m▀[38;2;110;120;122;48;2;63;81;94m▀[38;2;111;115;113;48;2;64;77;83m▀[38;2;107;101;93;48;2;61;63;61m▀[38;2;110;102;94;48;2;71;66;62m▀[38;2;88;82;75;48;2;170;159;142m▌[0m
   [38;2;206;191;168;48;2;175;176;154m▌[38;2;173;177;156;48;2;137;146;132m▛[38;2;136;147;130;48;2;144;156;135m▌[38;2;155;167;142;48;2;147;159;137m▞[38;2;144;156;134;48;2;102;114;107m▌[38;2;113;126;116;48;2;145;157;136m▌[38;2;142;154;135;48;2;112;126;116m▌[38;2;135;149;129;48;2;118;131;118m▘[38;2;135;150;129;48;2;152;166;140m▀[38;2;139;149;132;48;2;115;126;116m▛[38;2;126;126;125;48;2;80;96;108m▌[38;2;196;185;173;48;2;161;162;149m▀[38;2;173;162;151;48;2;214;195;175m▌[38;2;219;200;180;48;2;175;174;166m▛[38;2;116;109;102;48;2;208;190;172m▝[38;2;92;86;80;48;2;211;193;174m▀[38;2;172;160;148;48;2;69;66;62m▖[38;2;72;68;63;48;2;69;64;60m▀[38;2;75;70;66;48;2;70;66;62m▝[38;2;73;68;65;48;2;67;63;58m▀[38;2;64;60;56;48;2;69;65;61m▖[38;2;71;68;64;48;2;67;63;59m▀[38;2;70;65;61;48;2;66;63;58m▀[38;2;70;67;62;48;2;68;64;60m▀[38;2;69;65;61;48;2;70;65;61m▖[38;2;73;69;64;48;2;71;66;62m▀[38;2;71;66;62;48;2;69;65;61m▝[38;2;71;66;62;48;2;73;68;64m▀[38;2;71;66;62;48;2;69;64;60m▀[38;2;71;67;62;48;2;70;66;61m▛[38;2;70;66;62;48;2;71;67;63m▞[38;2;71;66;62;48;2;74;69;65m▀[38;2;74;70;65;48;2;71;67;62m▖[38;2;71;66;61;48;2;76;72;67m▀[38;2;73;69;64;48;2;71;67;63m▛[38;2;72;68;63;48;2;60;68;75m▛[38;2;72;68;64;48;2;64;73;79m▀[38;2;76;75;74;48;2;62;65;66m▀[38;2;170;148;125;48;2;98;98;96m▝[38;2;155;139;121;48;2;92;93;88m▛[38;2;115;117;112;48;2;57;72;81m▘[38;2;55;63;66;48;2;65;74;76m▀[38;2;76;75;71;48;2;112;107;100m▛[38;2;102;103;98;48;2;158;138;117m▘[38;2;85;76;68;48;2;133;126;111m▀[38;2;144;145;122;48;2;106;101;91m▖[38;2;89;87;79;48;2;70;68;66m▞[38;2;53;67;78;48;2;68;64;61m▀[38;2;111;112;112;48;2;217;199;178m▛[38;2;188;173;158;48;2;141;138;134m▖[38;2;138;132;124;48;2;200;185;169m▀[38;2;77;72;68;48;2;65;60;56m▌[38;2;68;63;58;48;2;72;68;63m▌[38;2;64;60;56;48;2;129;121;110m▌[0m
   [38;2;204;193;169;48;2;165;172;149m▌[38;2;141;152;135;48;2;163;172;150m▝[38;2;140;152;133;48;2;161;173;147m▌[38;2;145;156;135;48;2;120;132;118m▘[38;2;86;100;98;48;2;113;126;115m▝[38;2;154;165;142;48;2;130;141;126m▞[38;2;111;125;116;48;2;138;152;131m▀[38;2;103;117;109;48;2;142;155;132m▀[38;2;133;148;128;48;2;105;119;108m▛[38;2;146;159;136;48;2;110;123;113m▘[38;2;146;156;138;48;2;104;115;110m▝[38;2;123;136;121;48;2;156;169;143m▘[38;2;92;104;106;48;2;140;145;147m▌[38;2;219;203;183;48;2;91;105;118m▌[38;2;156;157;154;48;2;225;203;180m▌[38;2;218;199;178;48;2;215;195;174m▝[38;2;206;190;174;48;2;89;84;83m▌[38;2;75;70;66;48;2;85;79;74m▛[38;2;75;71;67;48;2;78;73;69m▀[38;2;74;69;65;48;2;81;76;72m▀[38;2;71;67;62;48;2;77;72;68m▀[38;2;74;70;66;48;2;77;72;68m▀[38;2;74;69;65;48;2;71;67;62m▖[38;2;73;69;64;48;2;74;69;65m▀[38;2;72;67;63;48;2;73;69;64m▞[38;2;72;67;63;48;2;76;70;66m▘[38;2;81;75;70;48;2;76;71;66m▖[38;2;74;70;66;48;2;73;68;64m▀[38;2;73;68;64;48;2;77;71;66m▝[38;2;77;72;67;48;2;72;67;63m▖[38;2;71;65;62;48;2;74;68;64m▖[38;2;76;70;66;48;2;90;89;81m▛[38;2;70;64;61;48;2;109;114;99m▀[38;2;74;68;65;48;2;112;118;101m▀[38;2;66;63;61;48;2;133;142;120m▀[38;2;49;60;72;48;2;120;130;115m▀[38;2;53;71;88;48;2;71;94;101m▀[38;2;60;79;93;48;2;53;83;98m▀[38;2;62;92;105;48;2;54;88;105m▀[38;2;69;92;104;48;2;158;141;122m▖[38;2;91;96;88;48;2;158;142;122m▀[38;2;165;177;147;48;2;143;156;133m▝[38;2;138;151;130;48;2;105;101;95m▌[38;2;207;171;136;48;2;148;134;116m▘[38;2;129;149;128;48;2;59;80;91m▀[38;2;133;154;132;48;2;51;72;83m▀[38;2;149;167;137;48;2;103;124;113m▀[38;2;136;147;122;48;2;93;116;109m▀[38;2;125;132;124;48;2;202;185;169m▌[38;2;189;174;160;48;2;149;143;137m▌[38;2;174;162;152;48;2;198;183;166m▖[38;2;118;121;106;48;2;144;163;136m▀[38;2;139;141;122;48;2;155;170;143m▀[38;2;152;154;134;48;2;203;191;171m▌[0m
   [38;2;193;186;161;48;2;154;166;141m▌[38;2;146;157;137;48;2;136;146;128m▌[38;2;143;155;132;48;2;163;176;146m▌[38;2;116;127;114;48;2;43;59;68m▛[38;2;117;130;116;48;2;130;142;124m▞[38;2;134;149;128;48;2;89;108;102m▌[38;2;125;142;123;48;2;68;91;92m▀[38;2;54;79;84;48;2;93;112;103m▖[38;2;113;131;115;48;2;79;99;95m▌[38;2;99;115;107;48;2;112;126;115m▛[38;2;104;119;111;48;2;120;134;119m▖[38;2;119;134;119;48;2;149;167;140m▌[38;2;80;90;94;48;2;98;113;120m▘[38;2;220;209;189;48;2;90;88;99m▌[38;2;107;119;129;48;2;227;208;185m▌[38;2;207;191;173;48;2;154;164;162m▛[38;2;217;200;181;48;2;135;127;122m▌[38;2;87;82;76;48;2;112;105;99m▀[38;2;87;81;76;48;2;117;108;101m▀[38;2;85;79;74;48;2;114;106;99m▀[38;2;84;78;73;48;2;113;105;98m▀[38;2;83;78;73;48;2;109;101;94m▀[38;2;82;77;72;48;2;108;100;93m▀[38;2;84;79;74;48;2;109;101;95m▀[38;2;84;78;73;48;2;111;103;96m▀[38;2;85;79;74;48;2;110;102;94m▀[38;2;90;83;77;48;2;113;104;97m▀[38;2;85;79;73;48;2;110;102;95m▀[38;2;83;77;73;48;2;103;96;89m▀[38;2;91;87;81;48;2;123;137;119m▛[38;2;120;128;109;48;2;144;161;136m▀[38;2;137;151;126;48;2;150;165;138m▘[38;2;157;170;143;48;2;163;177;148m▖[38;2;165;180;149;48;2;169;176;149m▀[38;2;169;179;150;48;2;166;178;149m▞[38;2;174;182;153;48;2;166;173;147m▘[38;2;151;164;139;48;2;162;172;144m▀[38;2;109;131;121;48;2;169;180;148m▀[38;2;116;139;127;48;2;166;179;147m▀[38;2;94;124;119;48;2;162;176;143m▀[38;2;221;176;139;48;2;134;138;120m▝[38;2;79;95;96;48;2;192;161;132m▝[38;2;90;95;96;48;2;48;71;84m▞[38;2;186;156;127;48;2;229;186;145m▌[38;2;157;141;121;48;2;44;69;85m▌[38;2;56;71;85;48;2;45;62;77m▀[38;2;49;69;86;48;2;54;70;84m▀[38;2;50;71;86;48;2;68;96;106m▛[38;2;109;118;122;48;2;207;188;169m▌[38;2;153;145;139;48;2;204;185;165m▝[38;2;177;165;154;48;2;201;185;167m▘[38;2;160;160;149;48;2;193;190;173m▌[38;2;191;187;172;48;2;192;189;173m▛[38;2;184;180;165;48;2;216;203;184m▌[0m
   [38;2;193;191;164;48;2;156;169;142m▌[38;2;162;174;149;48;2;121;138;125m▌[38;2;97;113;105;48;2;41;59;70m▀[38;2;60;80;84;48;2;132;146;128m▛[38;2;126;139;123;48;2;133;144;126m▘[38;2;159;171;142;48;2;130;142;126m▀[38;2;129;145;127;48;2;151;165;139m▞[38;2;148;162;137;48;2;162;175;144m▌[38;2;151;166;138;48;2;63;85;88m▌[38;2;90;107;102;48;2;145;159;137m▛[38;2;131;146;126;48;2;157;174;144m▛[38;2;129;144;127;48;2;110;122;115m▞[38;2;110;112;112;48;2;76;87;103m▌[38;2;216;208;189;48;2;95;90;99m▌[38;2;96;107;120;48;2;224;209;188m▌[38;2;226;203;180;48;2;165;172;167m▌[38;2;173;176;168;48;2;222;201;180m▌[38;2;134;128;126;48;2;158;148;139m▘[38;2;158;145;133;48;2;171;158;146m▀[38;2;154;142;131;48;2;182;167;153m▀▀[38;2;147;136;126;48;2;178;163;150m▀[38;2;144;133;123;48;2;178;163;150m▀[38;2;138;129;119;48;2;173;160;148m▀[38;2;139;129;120;48;2;171;159;145m▀[38;2;138;128;118;48;2;165;154;142m▀[38;2;143;132;122;48;2;159;149;137m▀[38;2;139;129;118;48;2;161;151;136m▀[38;2;128;123;113;48;2;144;156;133m▛[38;2;157;172;143;48;2;123;133;117m▖[38;2;126;139;124;48;2;141;154;132m▖[38;2;142;155;133;48;2;149;163;138m▘[38;2;154;168;143;48;2;134;140;121m▝[38;2;151;166;143;48;2;153;122;103m▀[38;2;168;112;87;48;2;141;139;119m▖[38;2;164;171;146;48;2;153;168;143m▀[38;2;164;172;146;48;2;155;170;143m▀[38;2;164;174;145;48;2;163;176;146m▀[38;2;162;175;146;48;2;148;163;137m▀[38;2;150;166;138;48;2;156;171;142m▖[38;2;137;158;135;48;2;160;176;145m▝[38;2;115;115;107;48;2;183;165;136m▘[38;2;128;135;129;48;2;210;193;169m▝[38;2;180;174;157;48;2;205;196;176m▘[38;2;150;157;150;48;2;201;193;175m▝[38;2;115;128;129;48;2;196;193;177m▀[38;2;43;63;79;48;2;133;145;140m▀[38;2;67;90;100;48;2;157;165;156m▛[38;2;105;119;121;48;2;178;169;158m▘[38;2;163;154;145;48;2;195;180;165m▌[38;2;159;150;144;48;2;185;174;162m▌[38;2;165;164;156;48;2;197;192;175m▌[38;2;197;190;174;48;2;195;188;172m▞[38;2;185;180;164;48;2;215;204;185m▌[0m
   [38;2;148;148;138;48;2;55;65;73m▌[38;2;52;60;71;48;2;62;68;78m▞[38;2;146;155;135;48;2;110;124;114m▞[38;2;139;151;130;48;2;43;59;69m▀[38;2;103;114;106;48;2;140;155;135m▛[38;2;176;185;153;48;2;97;114;106m▀[38;2;162;174;146;48;2;92;109;103m▀[38;2;150;163;138;48;2;94;115;108m▀[38;2;107;127;115;48;2;154;170;141m▝[38;2;150;163;139;48;2;76;98;96m▝[38;2;69;92;93;48;2;147;163;138m▖[38;2;121;125;127;48;2;153;165;142m▝[38;2;136;128;130;48;2;66;77;96m▌[38;2;216;208;189;48;2;101;93;101m▌[38;2;82;94;109;48;2;220;205;186m▌[38;2;232;208;184;48;2;152;147;144m▌[38;2;120;129;136;48;2;232;211;187m▌[38;2;210;191;172;48;2;131;135;137m▌[38;2;156;147;140;48;2;192;183;170m▝[38;2;162;153;145;48;2;191;175;160m▖[38;2;193;176;160;48;2;191;175;159m▞[38;2;192;175;158;48;2;189;173;158m▌[38;2;190;174;159;48;2;194;177;161m▛[38;2;190;174;158;48;2;167;157;146m▛[38;2;192;176;160;48;2;171;160;147m▀[38;2;140;139;133;48;2;88;99;104m▌[38;2;92;105;109;48;2;60;74;87m▖[38;2;115;132;116;48;2;69;89;97m▝[38;2;118;141;120;48;2;150;145;122m▀[38;2;148;165;137;48;2;130;148;127m▘[38;2;150;166;140;48;2;123;138;120m▀[38;2;156;172;141;48;2;126;140;120m▀[38;2;148;172;143;48;2;134;117;101m▘[38;2;203;129;99;48;2;178;120;98m▛[38;2;132;107;93;48;2;185;124;99m▀[38;2;132;135;117;48;2;177;121;97m▀[38;2;131;111;97;48;2;135;133;114m▖[38;2;134;148;128;48;2;150;163;137m▀[38;2;143;158;134;48;2;162;175;147m▀[38;2;125;141;123;48;2;195;192;172m▀[38;2;145;160;135;48;2;202;195;176m▀[38;2;174;179;156;48;2;203;194;176m▘[38;2;199;192;175;48;2;202;194;175m▝[38;2;203;195;177;48;2;201;194;176m▞[38;2;200;193;176;48;2;201;194;177m▝[38;2;202;194;176;48;2;175;172;160m▛[38;2;215;204;184;48;2;171;167;158m▘[38;2;141;142;141;48;2;181;179;168m▌[38;2;173;171;161;48;2;169;159;150m▌[38;2;153;146;142;48;2;192;178;165m▌[38;2;142;137;136;48;2;164;156;149m▌[38;2;173;169;159;48;2;202;195;178m▌[38;2;199;191;174;48;2;201;193;177m▛[38;2;192;185;169;48;2;218;208;189m▌[0m
   [38;2;118;121;120;48;2;47;57;69m▌[38;2;80;88;93;48;2;55;63;75m▝[38;2;92;102;100;48;2;177;187;156m▛[38;2;124;136;122;48;2;172;182;152m▀[38;2;147;157;136;48;2;168;177;148m▞[38;2;74;92;92;48;2;170;179;150m▀[38;2;114;130;118;48;2;182;190;159m▀[38;2;140;153;134;48;2;67;88;91m▖[38;2;149;163;138;48;2;86;111;106m▀[38;2;155;169;143;48;2;100;117;110m▌[38;2;81;106;103;48;2;145;159;137m▘[38;2;187;182;161;48;2;146;159;139m▝[38;2;149;137;134;48;2;60;72;92m▌[38;2;218;208;189;48;2;91;86;96m▌[38;2;84;95;110;48;2;218;203;183m▌[38;2;232;208;182;48;2;155;147;142m▌[38;2;90;102;116;48;2;226;209;187m▌[38;2;218;194;172;48;2;109;127;137m▌[38;2;157;169;168;48;2;136;149;152m▛[38;2;188;182;171;48;2;154;144;138m▌[38;2;190;174;158;48;2;197;179;162m▞[38;2;195;177;160;48;2;199;180;163m▀[38;2;194;177;160;48;2;197;178;162m▘[38;2;80;96;104;48;2;189;175;160m▝[38;2;137;138;134;48;2;62;78;90m▖[38;2;53;72;87;48;2;61;78;90m▝[38;2;56;75;89;48;2;52;69;84m▀[38;2;62;87;99;48;2;53;71;85m▀[38;2;154;139;123;48;2;46;66;83m▀[38;2;129;125;117;48;2;211;179;143m▖[38;2;187;163;132;48;2;215;180;144m▀[38;2;111;99;92;48;2;184;158;131m▝[38;2;147;119;104;48;2;189;120;94m▖[38;2;208;134;104;48;2;183;122;97m▖[38;2;202;132;102;48;2;173;125;99m▛[38;2;159;115;94;48;2;156;139;119m▌[38;2;161;174;148;48;2;174;181;152m▛[38;2;166;178;148;48;2;165;175;148m▀[38;2;170;180;154;48;2;157;173;144m▞[38;2;201;197;178;48;2;157;171;145m▀[38;2;200;195;176;48;2;163;176;148m▀[38;2;186;189;166;48;2;204;197;178m▖[38;2;206;195;178;48;2;188;188;166m▀[38;2;206;196;180;48;2;185;186;165m▀[38;2;198;193;177;48;2;153;171;143m▀[38;2;203;196;179;48;2;161;168;150m▘[38;2;131;133;134;48;2;194;187;172m▌[38;2;189;184;170;48;2;208;199;181m▀[38;2;185;181;168;48;2;202;195;178m▀[38;2;186;179;166;48;2;204;197;180m▀[38;2;181;176;164;48;2;207;198;181m▀[38;2;188;183;170;48;2;202;194;177m▘[38;2;199;192;175;48;2;198;191;174m▘[38;2;190;186;170;48;2;221;212;192m▌[0m
   [38;2;123;126;122;48;2;46;56;66m▌[38;2;56;64;74;48;2;53;60;71m▀[38;2;62;71;78;48;2;146;161;137m▌[38;2;158;173;144;48;2;127;140;122m▘[38;2;150;163;137;48;2;128;141;122m▞[38;2;152;165;138;48;2;137;149;128m▛[38;2;148;162;136;48;2;160;175;144m▌[38;2;158;172;142;48;2;168;180;147m▞[38;2;123;141;123;48;2;39;65;74m▛[38;2;134;151;131;48;2;69;94;93m▘[38;2;76;101;99;48;2;164;180;147m▌[38;2;116;131;128;48;2;174;174;168m▛[38;2;143;132;129;48;2;67;78;96m▌[38;2;218;209;190;48;2;88;82;93m▌[38;2;70;85;103;48;2;210;201;183m▌[38;2;234;209;182;48;2;166;154;145m▌[38;2;77;91;108;48;2;213;200;178m▌[38;2;220;194;169;48;2;115;132;141m▌[38;2;151;167;167;48;2;119;123;128m▌[38;2;171;176;169;48;2;182;167;154m▌[38;2;189;173;158;48;2;203;184;166m▌[38;2;200;180;162;48;2;201;182;165m▝[38;2;198;180;163;48;2;201;182;165m▘[38;2;206;186;168;48;2;202;183;166m▝[38;2;202;184;167;48;2;128;130;129m▌[38;2;120;124;124;48;2;43;63;79m▀[38;2;61;79;92;48;2;52;69;85m▘[38;2;49;66;81;48;2;64;79;90m▛[38;2;83;92;99;48;2;54;73;86m▖[38;2;134;132;119;48;2;54;79;91m▝[38;2;172;149;126;48;2;81;97;99m▀[38;2;233;192;150;48;2;213;179;142m▘[38;2;190;163;135;48;2;147;118;103m▌[38;2;159;113;95;48;2;207;132;102m▖[38;2;186;125;100;48;2;152;115;94m▌[38;2;114;127;117;48;2;148;151;132m▖[38;2;160;166;143;48;2;170;176;149m▖[38;2;174;181;152;48;2;167;173;147m▛[38;2;168;175;148;48;2;160;167;143m▀[38;2;157;167;141;48;2;166;174;147m▝[38;2;168;177;148;48;2;139;145;128m▛[38;2;136;154;131;48;2;146;135;115m▀[38;2;130;147;125;48;2;177;152;124m▀[38;2;152;163;140;48;2;197;197;180m▛[38;2;176;183;160;48;2;202;197;182m▀[38;2;189;190;169;48;2;133;142;139m▛[38;2;185;184;170;48;2;66;90;99m▀[38;2;181;182;169;48;2;57;87;97m▀[38;2;208;200;182;48;2;117;133;133m▀[38;2;208;200;181;48;2;153;162;154m▀[38;2;167;173;163;48;2;205;198;180m▖[38;2;200;194;177;48;2;210;204;186m▛[38;2;208;199;182;48;2;140;148;143m▀[38;2;113;127;128;48;2;209;202;185m▖[0m
   [38;2;124;125;122;48;2;44;52;63m▌[38;2;55;60;72;48;2;52;59;70m▌[38;2;107;120;111;48;2;52;59;70m▝[38;2;115;127;114;48;2;65;70;78m▀[38;2;165;177;147;48;2;155;167;140m▌[38;2;144;156;133;48;2;132;142;124m▀[38;2;154;167;139;48;2;143;154;130m▛[38;2;150;164;138;48;2;143;154;129m▀[38;2;128;150;129;48;2;160;174;143m▝[38;2;57;82;87;48;2;132;147;126m▀[38;2;130;146;124;48;2;68;94;93m▝[38;2;74;93;106;48;2;198;197;184m▌[38;2;132;122;122;48;2;79;92;108m▌[38;2;220;209;188;48;2;75;72;86m▌[38;2;70;85;104;48;2;206;199;183m▌[38;2;240;215;187;48;2;149;139;135m▌[38;2;65;79;98;48;2;216;206;187m▌[38;2;221;195;171;48;2;111;127;135m▌[38;2;143;161;160;48;2;112;117;125m▌[38;2;147;162;162;48;2;189;175;162m▌[38;2;178;164;154;48;2;204;184;167m▌[38;2;204;184;166;48;2;201;182;165m▛[38;2;206;185;168;48;2;204;184;167m▌[38;2;201;182;165;48;2;204;184;167m▖[38;2;140;139;135;48;2;206;186;168m▝[38;2;142;139;134;48;2;210;188;169m▀[38;2;69;84;95;48;2;190;174;158m▀[38;2;108;114;116;48;2;184;170;156m▀[38;2;194;178;162;48;2;74;89;99m▘[38;2;59;82;94;48;2;45;63;78m▀[38;2;49;69;81;48;2;92;101;105m▛[38;2;129;122;109;48;2;68;85;91m▀[38;2;151;139;119;48;2;89;104;104m▘[38;2;70;85;88;48;2;178;117;94m▌[38;2;212;132;101;48;2;185;123;97m▌[38;2;144;136;115;48;2;188;122;94m▀[38;2;148;159;139;48;2;146;140;118m▀[38;2;141;153;134;48;2;178;161;130m▀[38;2;139;148;130;48;2;196;169;133m▀[38;2;215;180;142;48;2;155;161;135m▖[38;2;103;118;109;48;2;155;159;132m▝[38;2;191;160;128;48;2;228;185;143m▛[38;2;228;185;143;48;2;188;159;130m▝[38;2;205;189;164;48;2;209;172;136m▀[38;2;206;189;163;48;2;123;129;121m▛[38;2;171;176;164;48;2;64;83;93m▘[38;2;50;67;83;48;2;51;69;85m▀[38;2;54;75;89;48;2;66;96;109m▛[38;2;48;78;94;48;2;66;93;104m▀[38;2;57;90;105;48;2;71;99;110m▀[38;2;97;113;120;48;2;58;88;102m▝[38;2;191;188;174;48;2;115;129;131m▘[38;2;47;67;82;48;2;65;87;99m▛[38;2;49;71;86;48;2;180;181;172m▌[0m
   [38;2;124;124;121;48;2;43;50;62m▌[38;2;51;57;69;48;2;54;59;71m▝[38;2;53;56;68;48;2;50;55;67m▝[38;2;45;48;63;48;2;51;54;66m▞[38;2;68;73;79;48;2;130;139;119m▌[38;2;130;139;119;48;2;165;171;140m▛[38;2;150;159;133;48;2;137;146;124m▛[38;2;148;158;131;48;2;125;135;116m▀[38;2;150;161;133;48;2;154;166;136m▌[38;2;159;170;138;48;2;170;179;144m▌[38;2;115;133;119;48;2;67;77;82m▛[38;2;75;91;106;48;2;206;202;186m▌[38;2;112;105;111;48;2;80;92;109m▌[38;2;214;204;186;48;2;60;59;77m▌[38;2;73;85;104;48;2;211;202;184m▌[38;2;240;215;187;48;2;142;132;130m▌[38;2;57;70;92;48;2;214;205;186m▌[38;2;224;198;175;48;2;105;126;139m▌[38;2;141;159;161;48;2;106;109;118m▌[38;2;129;147;153;48;2;200;185;170m▌[38;2;214;195;175;48;2;187;173;160m▖[38;2;198;180;164;48;2;207;187;169m▞[38;2;205;185;168;48;2;203;183;167m▝[38;2;204;185;168;48;2;201;182;166m▝[38;2;205;185;168;48;2;202;183;167m▘[38;2;199;181;165;48;2;201;182;165m▌[38;2;207;186;168;48;2;203;184;167m▀[38;2;191;174;159;48;2;202;182;164m▝[38;2;177;164;152;48;2;202;181;163m▘[38;2;130;130;127;48;2;211;189;169m▀[38;2;113;115;115;48;2;198;180;164m▘[38;2;196;179;162;48;2;208;187;168m▝[38;2;175;164;151;48;2;207;186;167m▝[38;2;153;138;130;48;2;209;194;175m▀[38;2;164;151;141;48;2;186;122;97m▖[38;2;198;127;98;48;2;211;134;101m▀[38;2;199;144;113;48;2;166;118;97m▞[38;2;152;113;97;48;2;215;173;134m▖[38;2;205;169;134;48;2;162;143;122m▛[38;2;215;176;140;48;2;230;189;147m▛[38;2;205;169;134;48;2;178;153;126m▀[38;2;217;178;139;48;2;177;151;124m▝[38;2;161;141;120;48;2;186;158;130m▛[38;2;176;152;127;48;2;100;103;96m▛[38;2;102;104;98;48;2;186;162;133m▞[38;2;65;76;84;48;2;140;130;112m▀[38;2;146;135;116;48;2;68;80;87m▖[38;2;61;83;95;48;2;55;73;86m▖[38;2;58;82;94;48;2;70;98;108m▖[38;2;79;112;120;48;2;65;88;99m▀[38;2;70;109;119;48;2;71;100;110m▀[38;2;68;102;113;48;2;65;93;104m▛[38;2;70;106;117;48;2;65;91;102m▀[38;2;63;95;107;48;2;177;182;173m▌[0m
   [38;2;122;122;119;48;2;39;45;59m▌[38;2;56;61;72;48;2;44;49;65m▀[38;2;46;52;65;48;2;107;114;105m▌[38;2;118;128;111;48;2;54;70;75m▌[38;2;67;81;81;48;2;129;139;118m▌[38;2;97;104;94;48;2;127;133;113m▘[38;2;125;132;111;48;2;145;150;123m▝[38;2;151;158;128;48;2;106;121;106m▛[38;2;113;125;110;48;2;62;84;86m▀[38;2;124;135;115;48;2;147;156;127m▞[38;2;98;111;104;48;2;41;55;71m▖[38;2;79;91;106;48;2;219;211;191m▌[38;2;80;78;93;48;2;103;107;117m▖[38;2;212;201;182;48;2;44;44;66m▌[38;2;83;95;111;48;2;212;202;183m▌[38;2;238;213;186;48;2;148;138;136m▌[38;2;59;72;94;48;2;214;203;183m▌[38;2;217;194;172;48;2;108;133;145m▌[38;2;146;160;160;48;2;97;99;109m▌[38;2;127;148;153;48;2;173;167;160m▌[38;2;193;184;172;48;2;151;161;161m▀[38;2;176;161;150;48;2;208;188;170m▌[38;2;202;183;166;48;2;206;185;168m▀[38;2;205;185;168;48;2;201;183;166m▖[38;2;203;184;167;48;2;206;186;169m▛[38;2;201;182;166;48;2;204;185;168m▀[38;2;198;180;163;48;2;204;184;167m▘[38;2;202;183;166;48;2;204;184;166m▀[38;2;202;182;165;48;2;203;183;165m▖[38;2;202;182;164;48;2;205;184;165m▀[38;2;199;181;164;48;2;204;185;166m▘[38;2;198;190;173;48;2;210;204;185m▛[38;2;178;177;164;48;2;53;72;84m▛[38;2;187;185;170;48;2;62;79;88m▀[38;2;86;91;96;48;2;41;62;77m▀[38;2;54;72;84;48;2;183;121;96m▖[38;2;208;134;102;48;2;197;128;99m▛[38;2;188;122;95;48;2;207;132;100m▞[38;2;164;114;93;48;2;177;150;123m▖[38;2;217;179;140;48;2;196;164;132m▀[38;2;172;148;123;48;2;212;175;137m▛[38;2;175;149;123;48;2;200;167;132m▌[38;2;210;174;138;48;2;186;159;131m▘[38;2;185;161;132;48;2;96;101;98m▀[38;2;47;71;85;48;2;93;107;110m▞[38;2;68;92;100;48;2;183;186;173m▀[38;2;100;111;111;48;2;192;192;177m▀[38;2;61;85;98;48;2;181;183;170m▀[38;2;58;81;95;48;2;165;170;161m▀[38;2;117;133;133;48;2;59;86;99m▖[38;2;60;90;103;48;2;114;137;139m▛[38;2;56;92;107;48;2;117;141;144m▀[38;2;60;90;102;48;2;93;122;129m▀[38;2;58;91;104;48;2;175;179;171m▌[0m
   [38;2;105;109;105;48;2;169;171;141m▀[38;2;104;106;96;48;2;126;131;111m▝[38;2;126;127;110;48;2;91;101;92m▀[38;2;184;184;138;48;2;144;149;119m▖[38;2;131;137;114;48;2;92;102;91m▀[38;2;42;58;66;48;2;125;131;109m▖[38;2;158;160;124;48;2;112;116;99m▛[38;2;138;142;114;48;2;170;170;129m▀[38;2;90;107;97;48;2;163;165;125m▀[38;2;108;121;106;48;2;163;164;126m▘[38;2;175;174;133;48;2;85;91;88m▌[38;2;224;214;194;48;2;77;90;104m▝[38;2;60;61;79;48;2;105;114;122m▌[38;2;191;183;169;48;2;41;43;67m▌[38;2;74;87;104;48;2;211;202;183m▌[38;2;239;214;186;48;2;148;137;133m▌[38;2;55;69;92;48;2;211;202;184m▌[38;2;207;186;168;48;2;104;131;144m▌[38;2;154;167;165;48;2;95;96;105m▌[38;2;132;151;155;48;2;175;168;159m▌[38;2;134;149;153;48;2;145;159;159m▌[38;2;171;160;151;48;2;204;184;167m▌[38;2;210;189;170;48;2;207;187;168m▖[38;2;205;185;168;48;2;203;184;167m▘[38;2;201;182;166;48;2;204;186;169m▌[38;2;201;181;165;48;2;202;188;170m▀[38;2;204;183;165;48;2;201;188;171m▀[38;2;205;184;165;48;2;200;181;165m▀[38;2;200;183;166;48;2;203;195;177m▛[38;2;205;192;174;48;2;211;201;182m▀[38;2;205;191;171;48;2;209;200;181m▀[38;2;177;177;164;48;2;208;197;178m▝[38;2;63;80;90;48;2;166;167;157m▀[38;2;98;108;111;48;2;63;79;89m▖[38;2;56;74;86;48;2;50;67;79m▌[38;2;124;94;86;48;2;52;67;79m▝[38;2;224;142;105;48;2;203;132;101m▘[38;2;178;119;95;48;2;207;133;101m▖[38;2;182;123;98;48;2;172;116;92m▖[38;2;168;110;87;48;2;182;146;118m▖[38;2;156;136;116;48;2;224;183;141m▘[38;2;120;116;105;48;2;197;165;131m▝[38;2;37;62;76;48;2;140;129;114m▀[38;2;83;100;105;48;2;195;193;177m▛[38;2;116;128;128;48;2;202;198;181m▀[38;2;205;199;181;48;2;202;195;177m▀[38;2;199;195;178;48;2;203;197;178m▘[38;2;204;200;181;48;2;203;197;179m▀[38;2;212;205;185;48;2;203;197;179m▝[38;2;186;187;173;48;2;206;200;181m▝[38;2;190;189;174;48;2;205;199;180m▘[38;2;204;198;181;48;2;198;193;176m▀[38;2;124;140;137;48;2;190;188;174m▝[38;2;56;81;91;48;2;193;191;177m▘[0m
   [38;2;170;169;148;48;2;68;79;75m▌[38;2;60;68;71;48;2;152;151;120m▀[38;2;152;152;120;48;2;115;119;100m▞[38;2;81;93;86;48;2;128;132;107m▝[38;2;51;66;71;48;2;123;132;107m▀[38;2;86;100;90;48;2;153;155;119m▘[38;2;114;118;99;48;2;146;148;115m▞[38;2;148;151;117;48;2;97;111;96m▛[38;2;140;141;111;48;2;80;94;87m▝[38;2;117;124;102;48;2;157;158;121m▖[38;2;91;96;89;48;2;167;167;127m▝[38;2;47;66;78;48;2;95;105;99m▛[38;2;38;50;63;48;2;85;96;97m▘[38;2;163;160;154;48;2;60;67;79m▘[38;2;66;82;102;48;2;197;195;181m▌[38;2;243;219;191;48;2;125;118;121m▌[38;2;52;65;88;48;2;216;207;189m▌[38;2;178;165;154;48;2;105;133;144m▌[38;2;163;172;166;48;2;93;94;104m▌[38;2;144;158;160;48;2;171;165;157m▌[38;2;128;144;148;48;2;139;156;156m▌[38;2;160;155;149;48;2;201;181;164m▌[38;2;210;188;169;48;2;206;186;167m▌[38;2;203;182;164;48;2;201;183;166m▞[38;2;200;185;169;48;2;205;196;178m▌[38;2;211;201;182;48;2;208;198;180m▝[38;2;207;199;181;48;2;205;197;179m▛[38;2;205;196;178;48;2;208;198;179m▛[38;2;209;198;179;48;2;206;197;179m▝[38;2;209;198;179;48;2;206;196;178m▀[38;2;202;195;177;48;2;205;196;177m▖[38;2;207;198;179;48;2;204;196;178m▀[38;2;213;202;182;48;2;205;196;177m▘[38;2;74;92;98;48;2;188;183;168m▝[38;2;82;96;100;48;2;171;171;159m▀[38;2;74;91;97;48;2;39;66;81m▌[38;2;84;79;81;48;2;199;126;95m▌[38;2;212;133;98;48;2;171;115;93m▖[38;2;179;119;95;48;2;209;134;102m▛[38;2;189;156;125;48;2;151;106;87m▝[38;2;235;193;148;48;2;202;164;130m▘[38;2;133;119;106;48;2;184;156;127m▘[38;2;157;137;116;48;2;194;164;132m▖[38;2;214;180;144;48;2;228;186;144m▝[38;2;167;152;136;48;2;226;186;145m▝[38;2;204;189;166;48;2;140;144;140m▞[38;2;212;205;186;48;2;86;100;105m▀[38;2;97;112;115;48;2;195;190;174m▖[38;2;190;187;172;48;2;207;198;180m▖[38;2;205;197;179;48;2;203;195;178m▀[38;2;205;197;179;48;2;203;195;177m▘[38;2;205;197;179;48;2;202;195;178m▖[38;2;203;194;177;48;2;196;192;176m▌[38;2;189;185;170;48;2;226;214;195m▌[0m
   [38;2;182;179;154;48;2;120;128;106m▌[38;2;156;156;123;48;2;83;88;84m▀[38;2;113;114;98;48;2;170;165;126m▛[38;2;170;168;125;48;2;156;155;119m▛[38;2;154;155;119;48;2;115;122;101m▀[38;2;110;115;97;48;2;63;77;76m▀[38;2;160;163;125;48;2;81;92;85m▝[38;2;123;130;105;48;2;59;74;75m▀[38;2;163;163;122;48;2;137;139;109m▞[38;2;135;138;109;48;2;153;154;117m▖[38;2;172;169;126;48;2;156;156;121m▌[38;2;101;110;96;48;2;70;89;85m▞[38;2;148;148;117;48;2;105;112;103m▀[38;2;178;172;164;48;2;51;62;74m▖[38;2;56;71;88;48;2;182;183;173m▌[38;2;240;216;190;48;2;116;110;113m▌[38;2;57;69;90;48;2;214;207;188m▌[38;2;172;159;148;48;2;101;128;139m▌[38;2;153;165;162;48;2;92;93;103m▌[38;2;150;163;162;48;2;173;167;157m▌[38;2;136;150;151;48;2;148;163;162m▌[38;2;160;157;151;48;2;197;177;162m▌[38;2;209;188;170;48;2;207;186;168m▌[38;2;202;188;171;48;2;204;183;165m▝[38;2;203;197;179;48;2;203;186;168m▀[38;2;208;200;182;48;2;203;191;174m▀[38;2;206;199;181;48;2;203;196;178m▀[38;2;203;197;179;48;2;201;193;175m▛[38;2;203;197;179;48;2;198;185;167m▀[38;2;205;197;178;48;2;200;185;167m▀[38;2;204;192;174;48;2;206;198;180m▖[38;2;206;198;179;48;2;203;195;177m▌[38;2;204;196;178;48;2;206;197;179m▘[38;2;209;198;179;48;2;206;196;177m▝[38;2;196;189;172;48;2;206;197;178m▝[38;2;132;137;133;48;2;200;193;176m▝[38;2;138;137;131;48;2;212;205;186m▀[38;2;180;117;93;48;2;169;162;151m▀[38;2;182;145;126;48;2;172;114;91m▖[38;2;165;117;99;48;2;146;148;143m▀[38;2;192;145;114;48;2;183;116;91m▝[38;2;187;152;122;48;2;212;177;138m▞[38;2;183;155;128;48;2;214;176;138m▌[38;2;226;186;145;48;2;210;174;139m▌[38;2;227;186;145;48;2;206;171;135m▀[38;2;150;137;120;48;2;227;187;146m▝[38;2;70;88;97;48;2;184;182;168m▀[38;2;72;95;102;48;2;198;194;177m▀[38;2;178;180;167;48;2;205;197;179m▘[38;2;201;195;178;48;2;195;192;177m▛[38;2;202;195;178;48;2;204;195;178m▞[38;2;205;197;179;48;2;201;194;177m▘[38;2;197;190;175;48;2;200;193;177m▝[38;2;194;187;170;48;2;225;213;192m▌[0m
   [38;2;158;156;142;48;2;58;66;69m▌[38;2;44;50;63;48;2;61;67;72m▘[38;2;175;172;131;48;2;115;119;101m▀[38;2;148;147;115;48;2;91;96;87m▘[38;2;123;128;105;48;2;80;89;83m▖[38;2;56;69;72;48;2;82;94;86m▀[38;2;79;90;84;48;2;117;124;103m▀[38;2;117;122;101;48;2;124;130;106m▖[38;2;68;86;83;48;2;119;129;105m▀[38;2;67;87;84;48;2;148;151;116m▘[38;2;178;171;126;48;2;145;144;113m▌[38;2;66;86;83;48;2;147;146;117m▌[38;2;145;143;116;48;2;45;57;69m▌[38;2;111;118;120;48;2;47;59;72m▘[38;2;55;67;88;48;2;185;188;178m▌[38;2;243;218;190;48;2;123;117;119m▌[38;2;56;69;91;48;2;212;206;189m▌[38;2;195;179;164;48;2;103;129;141m▌[38;2;155;168;166;48;2;92;92;103m▌[38;2;136;152;155;48;2;169;165;158m▌[38;2;143;152;152;48;2;142;159;159m▌[38;2;146;150;148;48;2;199;179;162m▌[38;2;212;191;171;48;2;207;187;169m▖[38;2;204;184;166;48;2;208;187;168m▀[38;2;207;186;168;48;2;211;190;171m▛[38;2;203;183;165;48;2;208;187;168m▀[38;2;207;186;168;48;2;205;185;166m▖[38;2;205;187;168;48;2;206;185;166m▘[38;2;201;181;164;48;2;204;183;166m▘[38;2;198;180;163;48;2;203;182;165m▝[38;2;203;195;177;48;2;202;183;166m▀[38;2;207;199;181;48;2;200;185;168m▀[38;2;205;197;179;48;2;197;181;164m▀[38;2;207;195;176;48;2;211;200;181m▖[38;2;206;196;178;48;2;208;198;179m▝[38;2;206;196;178;48;2;210;199;180m▝[38;2;204;196;178;48;2;209;199;180m▀[38;2;209;201;183;48;2;207;198;179m▀[38;2;188;188;174;48;2;204;199;181m▝[38;2;171;166;156;48;2;207;200;181m▝[38;2;175;176;165;48;2;147;115;103m▖[38;2;179;132;105;48;2;228;188;146m▌[38;2;229;187;146;48;2;192;162;130m▖[38;2;183;155;127;48;2;224;184;143m▞[38;2;213;179;143;48;2;169;147;123m▝[38;2;216;194;167;48;2;199;192;174m▛[38;2;200;194;176;48;2;197;192;174m▌[38;2;193;188;173;48;2;150;149;139m▛[38;2;177;166;151;48;2;200;166;133m▀[38;2;150;142;132;48;2;180;157;134m▘[38;2;202;194;178;48;2;153;148;141m▝[38;2;159;165;156;48;2;203;196;178m▖[38;2;200;193;176;48;2;197;191;176m▌[38;2;193;187;172;48;2;223;211;191m▌[0m
   [38;2;138;138;131;48;2;51;59;64m▌[38;2;48;55;65;48;2;95;100;91m▀[38;2;48;53;62;48;2;123;124;102m▛[38;2;184;181;134;48;2;113;117;97m▖[38;2;104;110;94;48;2;62;76;76m▌[38;2;66;83;80;48;2;151;155;117m▌[38;2;128;137;108;48;2;77;97;88m▌[38;2;46;71;76;48;2;146;151;116m▘[38;2;174;172;127;48;2;143;147;113m▘[38;2;141;145;112;48;2;158;159;119m▖[38;2;157;159;119;48;2;128;133;106m▛[38;2;100;113;98;48;2;149;152;117m▘[38;2;113;117;103;48;2;61;72;90m▌[38;2;163;166;158;48;2;58;61;80m▌[38;2;50;61;84;48;2;188;189;178m▌[38;2;238;216;189;48;2;125;118;121m▌[38;2;57;72;94;48;2;210;205;189m▌[38;2;196;180;165;48;2;99;126;139m▌[38;2;161;171;168;48;2;94;94;104m▌[38;2;121;139;146;48;2;161;161;156m▌[38;2;141;154;155;48;2;134;149;151m▀[38;2;138;148;149;48;2;202;181;164m▌[38;2;213;190;170;48;2;209;187;169m▌[38;2;209;188;169;48;2;201;183;165m▀[38;2;208;187;168;48;2;202;185;168m▀[38;2;203;188;171;48;2;207;199;181m▛[38;2;206;195;177;48;2;209;201;182m▀[38;2;202;190;173;48;2;206;200;182m▀[38;2;206;195;177;48;2;205;199;181m▀[38;2;206;184;165;48;2;199;185;168m▝[38;2;208;186;167;48;2;200;184;167m▀[38;2;202;181;164;48;2;199;186;169m▀[38;2;201;188;172;48;2;205;200;182m▀[38;2;201;191;173;48;2;208;198;179m▘[38;2;206;196;178;48;2;204;196;178m▀[38;2;211;198;179;48;2;206;197;178m▖[38;2;210;200;181;48;2;202;196;178m▀[38;2;209;199;181;48;2;205;198;180m▀[38;2;206;198;180;48;2;203;196;178m▀[38;2;206;199;180;48;2;205;197;179m▝[38;2;139;144;143;48;2;202;195;177m▝[38;2;239;194;148;48;2;154;143;129m▝[38;2;213;177;141;48;2;234;190;146m▀[38;2;220;181;142;48;2;194;164;132m▝[38;2;124;113;103;48;2;197;164;132m▝[38;2;212;176;139;48;2;224;183;142m▖[38;2;201;168;135;48;2;221;185;146m▌[38;2;171;148;125;48;2;216;178;140m▀[38;2;224;184;145;48;2;208;174;139m▛[38;2;216;178;141;48;2;196;165;135m▌[38;2;196;165;136;48;2;137;138;130m▘[38;2;116;135;134;48;2;204;199;183m▘[38;2;199;193;176;48;2;208;202;184m▀[38;2;193;189;174;48;2;224;212;192m▌[0m
   [38;2;194;189;161;48;2;151;154;120m▌[38;2;148;150;121;48;2;95;100;91m▘[38;2;182;177;136;48;2;147;146;115m▖[38;2;116;118;98;48;2;70;82;78m▘[38;2;51;68;71;48;2;61;79;79m▀[38;2;120;129;104;48;2;158;159;119m▘[38;2;143;145;112;48;2;150;151;116m▛[38;2;161;162;120;48;2;150;152;116m▘[38;2;150;150;114;48;2;164;163;120m▘[38;2;169;168;123;48;2;161;162;120m▝[38;2;120;125;103;48;2;157;157;119m▛[38;2;140;144;116;48;2;163;163;158m▛[38;2;124;121;127;48;2;70;83;103m▌[38;2;199;191;177;48;2;53;55;77m▌[38;2;46;56;80;48;2;174;180;174m▌[38;2;210;202;186;48;2;121;115;121m▌[38;2;46;61;86;48;2;209;203;187m▌[38;2;191;176;163;48;2;91;119;135m▌[38;2;150;164;163;48;2;103;102;110m▌[38;2;112;131;140;48;2;154;157;155m▌[38;2;130;141;146;48;2;135;151;154m▌[38;2;126;139;144;48;2;195;176;160m▌[38;2;204;187;170;48;2;206;192;174m▖[38;2;199;189;172;48;2;204;196;177m▖[38;2;207;200;181;48;2;204;196;178m▝[38;2;206;200;182;48;2;206;197;178m▘[38;2;211;199;180;48;2;209;198;179m▌[38;2;207;198;180;48;2;210;198;180m▀[38;2;206;198;180;48;2;211;199;180m▀[38;2;208;199;181;48;2;210;200;181m▘[38;2;210;201;181;48;2;204;198;180m▖[38;2;205;199;181;48;2;207;199;180m▀[38;2;206;198;180;48;2;204;197;179m▞[38;2;204;197;179;48;2;208;199;180m▖[38;2;209;199;180;48;2;204;196;178m▖[38;2;209;198;179;48;2;202;195;177m▘[38;2;204;196;177;48;2;202;195;177m▖[38;2;205;197;178;48;2;201;196;178m▌[38;2;200;195;178;48;2;201;196;178m▖[38;2;202;196;178;48;2;204;198;179m▌[38;2;202;196;177;48;2;200;195;176m▌[38;2;203;200;182;48;2;167;165;152m▌[38;2;191;159;128;48;2;224;183;141m▖[38;2;173;148;122;48;2;215;177;139m▝[38;2;214;177;139;48;2;178;151;124m▀[38;2;222;181;141;48;2;231;189;147m▝[38;2;212;174;137;48;2;196;166;134m▀[38;2;202;169;135;48;2;223;183;143m▖[38;2;219;180;142;48;2;228;186;144m▞[38;2;233;189;146;48;2;225;182;141m▝[38;2;227;186;145;48;2;121;119;108m▌[38;2;134;145;140;48;2;56;81;88m▝[38;2;143;153;145;48;2;52;78;83m▀[38;2;70;100;104;48;2;170;175;165m▌[0m
   [38;2;188;182;156;48;2;100;106;91m▌[38;2;47;59;67;48;2;56;68;72m▝[38;2;153;150;120;48;2;123;128;107m▛[38;2;48;61;68;48;2;59;72;74m▝[38;2;121;127;105;48;2;73;91;86m▌[38;2;149;147;115;48;2;175;170;125m▌[38;2;170;165;123;48;2;159;156;119m▖[38;2;162;156;120;48;2;166;163;122m▖[38;2;170;167;126;48;2;177;170;127m▀[38;2;168;167;125;48;2;173;168;125m▀[38;2;161;164;123;48;2;119;127;104m▛[38;2;75;91;96;48;2;167;171;167m▌[38;2;125;117;120;48;2;69;82;102m▌[38;2;201;194;180;48;2;55;57;77m▌[38;2;37;45;71;48;2;158;167;166m▌[38;2;193;194;183;48;2;99;99;110m▌[38;2;35;45;73;48;2;193;190;179m▌[38;2;187;174;162;48;2;96;122;135m▌[38;2;146;160;161;48;2;104;102;110m▌[38;2;106;127;138;48;2;150;155;154m▌[38;2;122;136;143;48;2;129;148;153m▌[38;2;112;128;135;48;2;195;176;160m▌[38;2;202;183;165;48;2;205;185;168m▝[38;2;198;187;170;48;2;203;196;179m▘[38;2;198;192;177;48;2;204;195;178m▖[38;2;205;195;177;48;2;191;183;169m▛[38;2;213;201;180;48;2;184;176;164m▀[38;2;194;185;169;48;2;210;200;181m▖[38;2;210;200;181;48;2;205;196;177m▛[38;2;213;201;182;48;2;206;197;179m▝[38;2;209;200;181;48;2;206;199;180m▘[38;2;207;199;180;48;2;206;198;180m▀[38;2;205;199;181;48;2;206;197;179m▘[38;2;204;196;178;48;2;207;197;178m▌[38;2;206;197;179;48;2;209;198;180m▞[38;2;201;196;178;48;2;210;200;181m▘[38;2;207;199;181;48;2;210;200;180m▀[38;2;207;198;179;48;2;207;198;180m▖[38;2;207;199;180;48;2;203;197;178m▖[38;2;204;198;179;48;2;197;184;167m▀[38;2;198;194;176;48;2;205;185;166m▀[38;2;185;179;167;48;2;208;189;169m▝[38;2;170;151;133;48;2;225;181;138m▌[38;2;223;182;142;48;2;233;187;145m▀[38;2;199;166;132;48;2;216;179;141m▛[38;2;207;172;136;48;2;144;128;112m▛[38;2;200;168;136;48;2;235;194;151m▛[38;2;219;181;143;48;2;210;176;141m▛[38;2;232;190;148;48;2;222;184;146m▝[38;2;226;186;145;48;2;235;193;151m▛[38;2;150;141;121;48;2;45;75;82m▛[38;2;59;88;92;48;2;68;96;98m▌[38;2;66;93;96;48;2;100;124;126m▛[38;2;75;105;111;48;2;195;192;177m▘[0m
   [38;2;93;105;92;48;2;192;183;150m▝[38;2;61;75;77;48;2;117;118;103m▀[38;2;157;149;119;48;2;180;167;130m▞[38;2;136;133;112;48;2;157;150;119m▌[38;2;172;161;125;48;2;123;122;103m▌[38;2;172;161;123;48;2;185;173;130m▌[38;2;181;167;128;48;2;173;162;124m▖[38;2;160;154;119;48;2;182;169;127m▘[38;2;177;170;126;48;2;184;173;129m▀[38;2;157;159;119;48;2;127;142;133m▛[38;2;84;92;98;48;2;149;138;134m▌[38;2;61;70;91;48;2;196;196;183m▌[38;2;128;120;122;48;2;68;79;99m▌[38;2;205;197;182;48;2;64;65;83m▌[38;2;31;37;66;48;2;158;165;163m▌[38;2;197;196;184;48;2;91;93;105m▌[38;2;30;38;66;48;2;174;178;171m▌[38;2;201;184;168;48;2;99;122;132m▌[38;2;158;169;165;48;2;112;109;115m▌[38;2;104;125;134;48;2;156;161;158m▌[38;2;133;145;147;48;2;136;153;155m▌[38;2;116;130;137;48;2;193;175;160m▌[38;2;197;180;164;48;2;153;136;121m▀[38;2;157;147;133;48;2;154;122;111m▀[38;2;136;145;138;48;2;144;140;120m▀[38;2;130;140;133;48;2;144;146;109m▀[38;2;134;141;128;48;2;172;166;122m▀[38;2;146;145;118;48;2;171;166;130m▘[38;2;198;194;179;48;2;161;163;133m▀[38;2;185;185;168;48;2;204;198;180m▖[38;2;205;200;183;48;2;202;197;180m▖[38;2;202;197;180;48;2;200;196;179m▛[38;2;205;198;180;48;2;200;196;179m▀[38;2;200;195;178;48;2;203;197;179m▖[38;2;203;197;180;48;2;205;199;181m▘[38;2;206;200;181;48;2;200;197;180m▛[38;2;208;200;180;48;2;206;199;180m▀[38;2;204;198;180;48;2;201;197;179m▀[38;2;205;199;180;48;2;204;198;180m▝[38;2;201;192;174;48;2;207;199;180m▀[38;2;206;190;170;48;2;205;198;179m▀[38;2;204;190;171;48;2;204;198;179m▀[38;2;204;182;155;48;2;202;198;181m▀[38;2;222;191;156;48;2;200;196;179m▀[38;2;207;172;137;48;2;206;188;162m▀[38;2;219;184;147;48;2;230;190;150m▞[38;2;203;173;142;48;2;221;186;150m▘[38;2;227;187;147;48;2;220;182;143m▛[38;2;223;184;144;48;2;227;186;144m▞[38;2;227;187;145;48;2;225;184;143m▀[38;2;177;156;127;48;2;232;189;146m▝[38;2;172;155;127;48;2;63;92;92m▖[38;2;86;111;112;48;2;60;92;93m▝[38;2;74;102;104;48;2;173;174;160m▌[0m
   [38;2;218;201;167;48;2;171;159;123m▌[38;2;56;70;74;48;2;115;117;103m▝[38;2;164;151;121;48;2;112;112;99m▌[38;2;49;69;74;48;2;153;144;117m▌[38;2;202;179;135;48;2;162;148;119m▌[38;2;199;178;134;48;2;191;171;130m▝[38;2;188;168;129;48;2;181;164;127m▌[38;2;191;170;129;48;2;186;167;126m▞[38;2;196;176;132;48;2;185;169;127m▛[38;2;157;170;168;48;2;121;128;118m▝[38;2;81;89;102;48;2;146;136;133m▌[38;2;78;83;98;48;2;203;198;184m▌[38;2;132;126;128;48;2;72;79;97m▌[38;2;200;193;179;48;2;52;55;77m▌[38;2;40;46;70;48;2;164;169;163m▌[38;2;189;191;179;48;2;90;94;106m▌[38;2;30;37;64;48;2;169;174;169m▌[38;2;212;194;175;48;2;116;133;140m▌[38;2;163;173;168;48;2;106;104;111m▌[38;2;104;124;134;48;2;144;153;152m▌[38;2;140;154;155;48;2;123;139;141m▝[38;2;125;121;114;48;2;178;150;135m▛[38;2;164;134;125;48;2;132;116;107m▞[38;2;193;132;116;48;2;148;127;115m▘[38;2;179;131;119;48;2;156;132;117m▀[38;2;144;142;120;48;2;160;134;122m▝[38;2;147;145;113;48;2;140;136;119m▀[38;2;160;158;120;48;2;144;145;114m▝[38;2;162;162;118;48;2;148;148;114m▀[38;2;167;168;138;48;2;150;153;115m▝[38;2;190;187;168;48;2;144;152;116m▀[38;2;209;202;185;48;2;165;166;143m▀[38;2;201;194;176;48;2;207;199;181m▞[38;2;204;197;179;48;2;209;199;180m▘[38;2;211;202;182;48;2;210;201;182m▀[38;2;208;201;182;48;2;211;202;183m▞[38;2;208;201;182;48;2;210;202;183m▝[38;2;203;197;179;48;2;205;199;182m▀[38;2;206;198;180;48;2;207;200;181m▖[38;2;210;200;181;48;2;208;198;178m▖[38;2;207;197;176;48;2;210;199;179m▌[38;2;213;200;179;48;2;210;199;179m▖[38;2;209;199;180;48;2;211;200;181m▌[38;2;208;199;180;48;2;210;200;181m▀[38;2;203;198;180;48;2;209;199;181m▝[38;2;212;193;166;48;2;207;199;182m▀[38;2;201;193;173;48;2;206;198;180m▀[38;2;208;187;159;48;2;202;196;179m▝[38;2;220;186;149;48;2;199;193;176m▀[38;2;214;184;149;48;2;221;182;142m▖[38;2;223;181;140;48;2;227;184;142m▝[38;2;189;163;131;48;2;226;185;143m▝[38;2;182;160;128;48;2;226;187;147m▀[38;2;150;143;121;48;2;208;194;172m▘[0m
   [38;2;223;199;167;48;2;210;175;136m▌[38;2;195;166;130;48;2;224;187;147m▀[38;2;135;126;108;48;2;218;181;141m▝[38;2;105;107;97;48;2;185;156;124m▘[38;2;234;189;144;48;2;213;179;135m▖[38;2;202;175;131;48;2;224;184;140m▀[38;2;196;172;130;48;2;213;177;135m▀[38;2;196;173;130;48;2;214;180;135m▀[38;2;193;172;131;48;2;74;87;89m▌[38;2;142;154;150;48;2;59;80;91m▝[38;2;85;94;104;48;2;135;127;126m▌[38;2;74;80;96;48;2;198;194;180m▌[38;2;117;111;116;48;2;80;88;103m▌[38;2;199;193;179;48;2;48;49;71m▌[38;2;38;44;69;48;2;171;175;169m▌[38;2;188;193;183;48;2;89;94;106m▌[38;2;28;33;60;48;2;154;162;160m▌[38;2;216;198;178;48;2;114;129;136m▌[38;2;154;169;167;48;2;106;106;115m▌[38;2;111;129;137;48;2;139;152;152m▌[38;2;127;142;143;48;2;136;154;157m▛[38;2;227;202;179;48;2;155;156;151m▝[38;2;190;175;161;48;2;133;116;109m▘[38;2;186;118;99;48;2;148;121;108m▖[38;2;143;131;117;48;2;183;123;107m▀[38;2;135;131;118;48;2;175;129;115m▀[38;2;133;125;114;48;2;178;128;114m▀[38;2;189;126;110;48;2;154;132;118m▖[38;2;146;145;119;48;2;154;123;116m▀[38;2;150;143;125;48;2;185;171;160m▛[38;2;148;141;119;48;2;191;177;165m▀[38;2;143;145;126;48;2;200;192;178m▀[38;2;155;154;144;48;2;204;196;179m▘[38;2;207;198;180;48;2;210;200;181m▖[38;2;210;201;182;48;2;208;200;181m▀[38;2;209;200;182;48;2;208;199;180m▛[38;2;210;201;182;48;2;206;198;180m▀[38;2;206;200;183;48;2;205;197;180m▘[38;2;203;197;179;48;2;202;196;178m▀[38;2;206;198;179;48;2;205;197;177m▌[38;2;205;197;178;48;2;203;195;177m▝[38;2;207;197;179;48;2;202;194;177m▀[38;2;206;197;179;48;2;203;197;178m▀[38;2;209;198;180;48;2;203;196;178m▀[38;2;207;196;178;48;2;204;196;178m▀[38;2;209;197;178;48;2;207;196;178m▀[38;2;204;195;178;48;2;209;190;164m▌[38;2;217;191;160;48;2;218;187;153m▛[38;2;218;190;159;48;2;224;186;147m▘[38;2;227;187;147;48;2;207;192;168m▛[38;2;224;186;147;48;2;204;195;177m▀[38;2;219;182;144;48;2;204;191;171m▀[38;2;197;186;166;48;2;199;190;172m▘[38;2;194;188;171;48;2;214;203;183m▌[0m
   [38;2;216;207;186;48;2;194;188;169m▌[38;2;197;193;176;48;2;202;194;174m▞[38;2;204;193;170;48;2;204;199;183m▀[38;2;186;185;173;48;2;190;165;138m▖[38;2;235;191;147;48;2;227;186;145m▌[38;2;214;178;140;48;2;226;187;146m▀[38;2;226;185;142;48;2;232;190;147m▀[38;2;227;185;142;48;2;234;191;146m▌[38;2;194;165;132;48;2;55;73;82m▌[38;2;65;88;100;48;2;152;160;154m▌[38;2;102;107;114;48;2;137;126;125m▌[38;2;70;76;94;48;2;199;198;184m▌[38;2;122;117;121;48;2;78;84;100m▌[38;2;208;199;183;48;2;54;57;77m▌[38;2;44;50;74;48;2;170;176;170m▌[38;2;183;188;180;48;2;71;78;96m▌[38;2;28;33;59;48;2;144;154;154m▌[38;2;214;198;179;48;2;115;130;136m▌[38;2;146;164;163;48;2;103;104;112m▌[38;2;99;119;130;48;2;131;147;151m▌[38;2;125;140;144;48;2;87;103;111m▌[38;2;76;89;95;48;2;199;168;138m▛[38;2;199;172;139;48;2;80;94;94m▖[38;2;67;81;83;48;2;138;131;115m▀[38;2;128;118;104;48;2;86;99;96m▝[38;2;137;121;111;48;2;82;92;91m▝[38;2;182;141;114;48;2;121;118;108m▘[38;2;104;98;96;48;2;123;116;102m▛[38;2;133;129;113;48;2;104;113;101m▘[38;2;81;101;102;48;2;45;72;77m▛[38;2;130;141;137;48;2;62;91;91m▀[38;2;171;170;160;48;2;80;106;103m▀[38;2;201;196;180;48;2;155;164;147m▀[38;2;196;193;178;48;2;201;196;179m▖[38;2;204;198;180;48;2;201;197;180m▖[38;2;203;198;180;48;2;203;199;181m▀[38;2;198;195;179;48;2;202;197;180m▌[38;2;198;195;179;48;2;197;196;180m▘[38;2;199;197;181;48;2;197;195;179m▝[38;2;201;197;180;48;2;199;194;176m▘[38;2;198;193;175;48;2;199;194;176m▖[38;2;202;195;177;48;2;203;196;177m▌[38;2;203;197;180;48;2;201;194;178m▝[38;2;201;195;178;48;2;204;197;179m▌[38;2;203;196;179;48;2;202;195;178m▛[38;2;206;198;179;48;2;204;196;178m▌[38;2;204;196;178;48;2;203;194;176m▀[38;2;203;196;181;48;2;203;195;177m▀[38;2;203;194;176;48;2;204;189;172m▛[38;2;203;197;181;48;2;204;190;173m▀[38;2;205;196;179;48;2;204;195;177m▀[38;2;204;195;178;48;2;203;193;177m▞[38;2;203;193;175;48;2;198;189;171m▀[38;2;192;187;169;48;2;208;198;178m▌[0m
   [38;2;213;203;184;48;2;195;187;171m▌[38;2;202;194;177;48;2;198;189;172m▖[38;2;207;190;165;48;2;213;175;137m▀[38;2;178;155;131;48;2;216;179;141m▌[38;2;233;187;142;48;2;216;191;161m▀[38;2;214;188;156;48;2;229;186;143m▖[38;2;230;186;144;48;2;230;184;140m▀[38;2;228;185;142;48;2;234;190;146m▌[38;2;201;167;132;48;2;99;101;104m▌[38;2;164;168;160;48;2;152;161;157m▛[38;2;109;114;119;48;2;148;138;134m▌[38;2;74;78;95;48;2;197;195;182m▌[38;2;123;121;126;48;2;76;84;100m▌[38;2;204;196;181;48;2;62;64;82m▌[38;2;45;53;76;48;2;168;173;168m▌[38;2;182;187;179;48;2;77;86;101m▌[38;2;27;32;59;48;2;135;144;146m▌[38;2;206;194;178;48;2;114;127;133m▌[38;2;149;163;160;48;2;109;112;119m▌[38;2;101;115;123;48;2;123;140;144m▌[38;2;130;146;149;48;2;91;109;116m▛[38;2;137;136;132;48;2;60;78;89m▀[38;2;175;151;127;48;2;219;180;142m▖[38;2;195;164;133;48;2;173;149;125m▞[38;2;157;140;120;48;2;202;169;135m▀[38;2;144;130;113;48;2;64;86;89m▖[38;2;73;91;91;48;2;137;99;84m▛[38;2;204;133;100;48;2;176;120;96m▘[38;2;161;114;95;48;2;176;122;97m▘[38;2;162;114;92;48;2;193;129;98m▞[38;2;100;106;101;48;2;182;144;116m▘[38;2;137;153;128;48;2;177;163;137m▀[38;2;160;165;139;48;2;137;157;130m▖[38;2;171;174;156;48;2;140;160;133m▝[38;2;201;195;178;48;2;148;167;140m▀[38;2;200;194;179;48;2;143;157;137m▀[38;2;210;202;185;48;2;146;148;142m▀[38;2;209;203;184;48;2;182;179;165m▀[38;2;208;202;184;48;2;170;172;156m▀[38;2;204;198;181;48;2;164;171;150m▀[38;2;174;177;158;48;2;202;195;177m▖[38;2;211;201;182;48;2;203;196;178m▖[38;2;202;196;179;48;2;204;196;177m▀[38;2;204;197;178;48;2;204;197;179m▖[38;2;203;196;178;48;2;204;198;180m▝[38;2;204;197;178;48;2;205;198;180m▀[38;2;204;197;179;48;2;204;196;178m▞[38;2;205;197;179;48;2;201;194;177m▌[38;2;199;169;152;48;2;202;186;169m▀[38;2;200;165;148;48;2;201;179;162m▀[38;2;201;197;179;48;2;200;190;173m▝[38;2;199;192;174;48;2;196;190;173m▘[38;2;200;192;175;48;2;198;191;174m▀[38;2;190;186;169;48;2;204;197;178m▌[0m
   [38;2;212;200;180;48;2;199;190;173m▌[38;2;209;197;180;48;2;204;193;176m▘[38;2;198;188;171;48;2;206;196;177m▝[38;2;203;192;174;48;2;208;198;179m▘[38;2;203;196;181;48;2;205;195;177m▀[38;2;204;190;167;48;2;204;197;180m▝[38;2;223;187;150;48;2;201;195;178m▀[38;2;221;189;153;48;2;182;168;144m▛[38;2;94;96;98;48;2;69;70;83m▌[38;2;167;165;156;48;2;141;146;141m▌[38;2;102;102;105;48;2;148;139;134m▌[38;2;72;78;94;48;2;192;190;178m▌[38;2;113;114;121;48;2;89;95;108m▌[38;2;192;186;174;48;2;56;58;74m▌[38;2;55;62;82;48;2;169;172;167m▌[38;2;190;193;182;48;2;93;103;114m▌[38;2;28;31;55;48;2;126;133;135m▌[38;2;188;187;177;48;2;110;122;127m▌[38;2;137;145;141;48;2;100;102;109m▌[38;2;88;100;109;48;2;145;151;146m▌[38;2;90;108;113;48;2;124;134;133m▝[38;2;67;83;90;48;2;126;126;120m▀[38;2;218;178;138;48;2;113;107;100m▝[38;2;165;144;123;48;2;224;182;141m▖[38;2;210;172;135;48;2;151;130;112m▌[38;2;75;86;86;48;2;165;120;99m▝[38;2;163;112;90;48;2;207;130;97m▘[38;2;190;123;95;48;2;163;110;88m▛[38;2;165;112;89;48;2;185;122;95m▛[38;2;139;100;85;48;2;163;110;88m▘[38;2;204;127;93;48;2;175;115;90m▛[38;2;192;130;101;48;2;190;119;89m▀[38;2;174;138;112;48;2;207;129;94m▀[38;2;154;154;129;48;2;177;135;109m▀[38;2;145;147;125;48;2;151;158;132m▞[38;2;139;154;126;48;2;164;162;132m▀[38;2;114;132;115;48;2;137;152;126m▀[38;2;114;132;115;48;2;133;151;126m▀[38;2;115;135;115;48;2;136;154;128m▀[38;2;126;146;121;48;2;136;155;127m▀[38;2;135;153;129;48;2;148;167;135m▀[38;2;194;188;173;48;2;151;165;141m▀[38;2;190;185;171;48;2;204;197;179m▖[38;2;203;196;178;48;2;204;196;178m▘[38;2;201;194;176;48;2;204;197;179m▖[38;2;202;195;177;48;2;205;197;178m▝[38;2;206;198;180;48;2;202;194;176m▘[38;2;204;198;180;48;2;199;180;163m▌[38;2;198;178;161;48;2;199;169;151m▀[38;2;202;182;165;48;2;202;169;152m▛[38;2;203;164;147;48;2;203;178;159m▖[38;2;202;195;178;48;2;205;195;177m▀[38;2;204;195;177;48;2;202;194;176m▌[38;2;193;188;171;48;2;200;194;175m▌[0m
   [38;2;210;198;178;48;2;201;190;173m▌[38;2;206;194;177;48;2;203;192;175m▌[38;2;207;195;176;48;2;204;192;174m▀[38;2;208;195;177;48;2;207;196;178m▀[38;2;204;195;178;48;2;207;196;177m▖[38;2;207;196;177;48;2;203;196;180m▀[38;2;205;196;177;48;2;201;195;179m▘[38;2;201;194;172;48;2;162;153;132m▌[38;2;77;83;87;48;2;73;72;82m▌[38;2;157;154;145;48;2;131;133;127m▌[38;2;93;91;95;48;2;134;125;123m▌[38;2;63;66;83;48;2;181;181;172m▌[38;2;93;98;109;48;2;105;108;116m▝[38;2;172;172;165;48;2;54;55;68m▌[38;2;60;64;80;48;2;166;169;164m▌[38;2;198;197;184;48;2;102;110;118m▌[38;2;41;42;58;48;2;118;123;125m▌[38;2;178;181;175;48;2;100;106;110m▌[38;2;107;111;107;48;2;87;88;93m▌[38;2;77;81;87;48;2;124;127;122m▌[38;2;108;111;110;48;2;101;108;108m▌[38;2;120;119;115;48;2;140;129;118m▌[38;2;139;125;112;48;2;101;96;94m▞[38;2;147;128;110;48;2;228;185;142m▌[38;2;218;179;141;48;2;208;172;136m▖[38;2;184;157;129;48;2;160;135;116m▌[38;2;155;138;121;48;2;194;134;105m▖[38;2;152;110;92;48;2;196;138;106m▝[38;2;172;122;98;48;2;185;136;108m▀[38;2;154;111;91;48;2;193;139;109m▀[38;2;181;128;101;48;2;169;122;97m▌[38;2;178;126;100;48;2;196;142;110m▛[38;2;195;132;100;48;2;155;119;98m▀[38;2;200;140;107;48;2;224;150;110m▞[38;2;142;126;105;48;2;203;144;110m▀[38;2;134;143;119;48;2;160;126;104m▀[38;2;108;124;107;48;2;127;149;126m▖[38;2;124;144;123;48;2;134;155;127m▛[38;2;143;160;131;48;2;126;143;120m▝[38;2;137;155;125;48;2;150;164;133m▛[38;2;147;163;135;48;2;132;152;125m▞[38;2;145;164;135;48;2;137;157;129m▀[38;2;173;175;159;48;2;132;150;127m▝[38;2;198;191;175;48;2;142;158;135m▀[38;2;203;195;179;48;2;138;148;135m▀[38;2;208;197;181;48;2;154;159;141m▀[38;2;172;169;156;48;2;204;195;177m▖[38;2;202;184;166;48;2;207;199;181m▝[38;2;204;178;160;48;2;212;200;182m▀[38;2;200;175;158;48;2;215;203;183m▀[38;2;201;174;157;48;2;216;205;185m▀[38;2;202;192;175;48;2;213;203;183m▀[38;2;209;199;180;48;2;200;192;176m▖[38;2;205;195;176;48;2;192;188;170m▝[0m
   [38;2;195;186;168;48;2;197;191;174m▀[38;2;197;188;171;48;2;202;195;178m▀[38;2;199;193;176;48;2;204;186;161m▛[38;2;202;192;172;48;2;220;181;141m▀[38;2;210;193;171;48;2;230;186;144m▀[38;2;209;192;167;48;2;228;184;140m▀[38;2;206;186;157;48;2;225;182;139m▀[38;2;225;188;148;48;2;164;148;126m▌[38;2;76;81;88;48;2;90;89;95m▛[38;2;153;151;143;48;2;129;134;131m▌[38;2;94;96;101;48;2;115;113;116m▌[38;2;73;77;92;48;2;179;180;172m▌[38;2;104;107;116;48;2;116;120;127m▌[38;2;158;164;161;48;2;54;54;66m▌[38;2;72;76;90;48;2;169;174;169m▌[38;2;181;187;179;48;2;107;115;122m▌[38;2;44;44;58;48;2;122;125;126m▌[38;2;177;179;172;48;2;103;104;105m▌[38;2;112;111;105;48;2;81;80;84m▌[38;2;82;85;89;48;2;116;116;110m▌[38;2;104;110;110;48;2;104;107;105m▝[38;2;128;120;112;48;2;115;116;112m▝[38;2;122;115;108;48;2;132;123;113m▞[38;2;141;129;115;48;2;98;99;98m▞[38;2;159;136;115;48;2;226;184;143m▖[38;2;118;111;104;48;2;190;160;131m▝[38;2;80;81;82;48;2;138;119;104m▖[38;2;179;137;110;48;2;216;164;126m▝[38;2;169;133;108;48;2;187;150;121m▀[38;2;160;132;112;48;2;212;164;128m▞[38;2;183;140;111;48;2;178;146;120m▀[38;2;161;127;105;48;2;199;166;138m▘[38;2;192;171;148;48;2;168;139;116m▖[38;2;157;146;134;48;2;127;136;139m▛[38;2;80;105;111;48;2;190;154;126m▖[38;2;215;164;128;48;2;180;148;122m▀[38;2;180;153;123;48;2;220;173;136m▀[38;2;237;183;141;48;2;156;148;121m▖[38;2;131;150;123;48;2;171;176;154m▛[38;2;129;138;121;48;2;168;163;150m▀[38;2;148;143;139;48;2;73;75;83m▌[38;2;95;114;106;48;2;40;48;74m▀[38;2;135;154;127;48;2;114;133;117m▝[38;2;132;153;126;48;2;129;147;124m▀[38;2;131;150;125;48;2;148;166;137m▛[38;2;132;147;120;48;2;144;155;131m▀[38;2;137;154;128;48;2;160;158;141m▀[38;2;162;170;146;48;2;97;116;111m▀[38;2;179;177;161;48;2;126;146;126m▀[38;2;153;156;148;48;2;67;93;94m▀[38;2;112;119;119;48;2;34;54;70m▀[38;2;121;128;126;48;2;36;58;73m▀[38;2;184;180;165;48;2;74;91;98m▀[38;2;68;86;93;48;2;174;174;159m▖[0m
   [38;2;150;136;118;48;2;120;101;87m▛[38;2;151;147;136;48;2;130;121;112m▀[38;2;180;166;148;48;2;144;116;98m▀[38;2;203;189;166;48;2;158;133;113m▀[38;2;211;182;149;48;2;151;130;111m▀[38;2;226;185;144;48;2;156;132;110m▀[38;2;231;189;145;48;2;191;160;128m▀[38;2;227;187;146;48;2;170;154;132m▌[38;2;74;85;93;48;2;89;89;96m▌[38;2;154;153;146;48;2;134;140;137m▘[38;2;95;97;102;48;2;131;128;128m▌[38;2;84;89;102;48;2;161;167;164m▌[38;2;99;103;114;48;2;130;136;141m▌[38;2;160;163;159;48;2;61;62;72m▌[38;2;78;80;93;48;2;159;168;165m▌[38;2;176;184;177;48;2;99;107;114m▌[38;2;58;59;69;48;2;130;136;135m▌[38;2;169;172;166;48;2;103;106;108m▌[38;2;73;72;78;48;2;115;116;112m▝[38;2;95;96;97;48;2;117;117;113m▘[38;2;118;118;112;48;2;113;114;109m▖[38;2;124;127;122;48;2;111;115;112m▀[38;2;103;110;109;48;2;112;116;113m▖[38;2;102;107;106;48;2;116;120;118m▞[38;2;103;105;102;48;2;157;152;144m▀[38;2;182;172;160;48;2;132;125;117m▖[38;2;82;91;97;48;2;102;108;108m▝[38;2;226;177;135;48;2;91;91;91m▝[38;2;190;157;128;48;2;146;129;111m▀[38;2;219;181;143;48;2;186;157;129m▖[38;2;194;162;131;48;2;106;102;106m▀[38;2;211;198;178;48;2;101;109;117m▀[38;2;208;198;180;48;2;122;134;133m▀[38;2;88;95;103;48;2;147;141;136m▛[38;2;186;181;171;48;2;78;98;109m▖[38;2;144;128;113;48;2;183;157;130m▌[38;2;150;136;118;48;2;61;87;95m▀[38;2;170;147;127;48;2;115;115;111m▀[38;2;142;133;125;48;2;99;109;118m▀[38;2;188;184;167;48;2;98;122;130m▀[38;2;206;202;184;48;2;90;104;110m▘[38;2;58;67;79;48;2;121;140;125m▌[38;2;126;145;124;48;2;147;159;136m▘[38;2;132;149;126;48;2;153;164;138m▝[38;2;130;145;125;48;2;159;173;144m▀[38;2;148;162;136;48;2;133;149;126m▞[38;2;127;134;126;48;2;58;81;95m▌[38;2;71;88;104;48;2;57;82;97m▝[38;2;121;129;131;48;2;183;183;169m▖[38;2;178;182;168;48;2;150;163;151m▌[38;2;135;155;128;48;2;96;116;105m▘[38;2;72;95;96;48;2;52;75;86m▌[38;2;52;77;90;48;2;65;93;104m▀[38;2;55;83;95;48;2;105;122;121m▌[0m
   [38;2;146;135;122;48;2;119;105;94m▛[38;2;136;119;108;48;2;127;111;101m▛[38;2;134;127;116;48;2;121;111;104m▘[38;2;134;109;93;48;2;147;121;104m▛[38;2;143;125;113;48;2;124;109;100m▌[38;2;122;110;98;48;2;149;143;135m▛[38;2;128;110;97;48;2;107;98;92m▛[38;2;134;115;99;48;2;112;101;92m▘[38;2;127;115;102;48;2;158;137;119m▛[38;2;130;126;119;48;2;148;124;105m▀[38;2;143;134;122;48;2;182;159;134m▛[38;2;94;101;112;48;2;159;157;148m▘[38;2;86;94;107;48;2;121;130;136m▌[38;2;124;132;138;48;2;66;68;78m▌[38;2;96;104;113;48;2;158;169;167m▌[38;2;167;176;171;48;2;123;129;132m▌[38;2;66;69;81;48;2;128;138;140m▌[38;2;163;171;168;48;2;89;95;107m▌[38;2;121;120;123;48;2;71;78;94m▝[38;2;84;89;99;48;2;147;145;143m▞[38;2;132;133;135;48;2;95;99;103m▖[38;2;118;117;115;48;2;91;93;103m▝[38;2;101;102;111;48;2;122;120;123m▞[38;2;77;81;95;48;2;42;49;75m▛[38;2;88;91;106;48;2;49;58;82m▀[38;2;64;72;92;48;2;78;86;103m▞[38;2;88;93;105;48;2;125;136;143m▛[38;2;101;103;109;48;2;141;144;145m▀[38;2;92;94;100;48;2;71;76;88m▘[38;2;190;164;134;48;2;85;87;92m▀[38;2;55;77;92;48;2;76;99;106m▛[38;2;57;78;98;48;2;87;107;113m▀[38;2;57;94;106;48;2;82;111;121m▛[38;2;27;34;64;48;2;127;135;138m▘[38;2;154;145;135;48;2;184;170;150m▖[38;2;145;135;121;48;2;62;97;106m▌[38;2;68;103;111;48;2;61;96;104m▖[38;2;97;112;108;48;2;66;93;100m▝[38;2;172;154;132;48;2;223;180;140m▛[38;2;72;103;113;48;2;105;112;110m▀[38;2;92;112;115;48;2;70;97;105m▖[38;2;108;130;130;48;2;183;164;139m▘[38;2;168;158;151;48;2;179;167;156m▌[38;2;189;176;163;48;2;171;161;149m▖[38;2;179;166;136;48;2;146;160;134m▖[38;2;136;153;130;48;2;151;167;138m▖[38;2;119;139;124;48;2;157;173;143m▀[38;2;63;96;103;48;2;142;143;137m▀[38;2;76;96;105;48;2;60;88;96m▝[38;2;103;123;115;48;2;68;97;95m▀[38;2;43;62;76;48;2;61;88;93m▀[38;2;54;76;87;48;2;66;95;105m▛[38;2;58;79;90;48;2;68;97;106m▀[38;2;60;88;98;48;2;116;131;129m▌[0m
   [38;2;138;128;115;48;2;120;107;99m▌[38;2;99;86;82;48;2;128;117;108m▝[38;2;133;117;105;48;2;121;101;91m▀[38;2;156;130;116;48;2;127;107;98m▝[38;2;153;127;110;48;2;170;161;151m▀[38;2;132;112;101;48;2;138;128;120m▛[38;2;134;113;96;48;2;154;134;122m▀[38;2;148;132;120;48;2;144;122;107m▀[38;2;143;121;105;48;2;176;155;134m▀[38;2;154;140;125;48;2;182;165;146m▘[38;2;179;158;136;48;2;205;173;139m▀[38;2;179;155;130;48;2;168;150;130m▀[38;2;127;117;113;48;2;178;157;134m▝[38;2;76;80;95;48;2;147;134;122m▀[38;2;150;149;146;48;2;82;83;96m▝[38;2;147;148;145;48;2;105;103;111m▀[38;2;125;125;127;48;2;90;96;108m▖[38;2;117;125;131;48;2;77;82;97m▘[38;2;80;85;99;48;2;93;96;109m▛[38;2;117;121;126;48;2;54;63;83m▀[38;2;71;87;103;48;2;48;67;81m▀[38;2;56;67;88;48;2;53;75;88m▀[38;2;51;66;87;48;2;52;75;87m▀[38;2;71;78;96;48;2;42;53;76m▀[38;2;96;103;116;48;2;50;63;82m▀[38;2;56;62;82;48;2;67;71;90m▌[38;2;84;92;108;48;2;61;69;89m▖[38;2;43;48;76;48;2;60;68;89m▖[38;2;73;81;98;48;2;66;70;88m▘[38;2;67;71;90;48;2;92;91;98m▀[38;2;53;60;78;48;2;114;111;106m▀[38;2;105;120;125;48;2;130;133;129m▘[38;2;143;142;129;48;2;84;89;98m▖[38;2;77;85;100;48;2;112;116;113m▞[38;2;66;70;85;48;2;123;125;104m▀[38;2;99;97;99;48;2;137;135;113m▘[38;2;107;105;99;48;2;147;149;116m▀[38;2;110;107;98;48;2;161;162;120m▀[38;2;117;114;102;48;2;159;160;116m▀[38;2;154;149;142;48;2;99;106;107m▀[38;2;69;84;91;48;2;102;112;103m▝[38;2;145;149;113;48;2;162;155;121m▖[38;2;161;157;133;48;2;161;159;116m▀[38;2;161;154;129;48;2;164;162;119m▀[38;2;175;159;126;48;2;160;159;120m▘[38;2;152;154;123;48;2;161;160;117m▀[38;2;160;160;124;48;2;138;142;120m▌[38;2;91;100;103;48;2;146;150;118m▛[38;2;81;93;94;48;2;151;149;114m▛[38;2;73;92;97;48;2;162;159;119m▀[38;2;72;93;102;48;2;147;147;113m▀[38;2;56;83;96;48;2;129;136;112m▀[38;2;51;79;94;48;2;111;125;110m▀[38;2;44;75;89;48;2;110;130;123m▘[0m
   [38;2;115;97;88;48;2;139;130;116m▝[38;2;155;143;132;48;2;129;123;111m▘[38;2;121;113;109;48;2;152;137;127m▌[38;2;155;145;137;48;2;134;112;101m▖[38;2;126;111;102;48;2;146;128;116m▖[38;2;146;132;122;48;2;141;117;101m▀[38;2;146;126;111;48;2;182;161;137m▛[38;2;149;136;123;48;2;206;174;141m▘[38;2;211;177;142;48;2;219;182;143m▀[38;2;174;155;134;48;2;187;172;156m▌[38;2;209;176;142;48;2;215;180;143m▌[38;2;196;166;134;48;2;219;182;144m▝[38;2;217;179;142;48;2;177;157;135m▖[38;2;182;160;136;48;2;169;155;140m▀[38;2;124;117;115;48;2;176;156;134m▝[38;2;55;59;80;48;2;143;132;121m▀[38;2;64;69;87;48;2;44;51;74m▞[38;2;58;65;84;48;2;46;55;74m▌[38;2;46;57;72;48;2;49;67;77m▛[38;2;47;59;74;48;2;49;71;83m▀[38;2;46;59;73;48;2;51;70;82m▀[38;2;50;71;85;48;2;62;77;88m▀[38;2;51;70;84;48;2;56;76;85m▀[38;2;51;69;81;48;2;45;62;77m▘[38;2;49;67;80;48;2;45;65;77m▌[38;2;94;95;98;48;2;48;66;80m▝[38;2;85;97;96;48;2;147;146;119m▌[38;2;143;141;117;48;2;168;167;125m▀[38;2;156;153;121;48;2;168;166;125m▀[38;2;162;159;122;48;2;170;167;125m▀[38;2;146;148;116;48;2;164;160;123m▝[38;2;77;88;97;48;2;132;133;115m▀[38;2;135;136;119;48;2;155;155;118m▝[38;2;135;138;118;48;2;156;157;120m▘[38;2;163;160;121;48;2;148;148;115m▝[38;2;146;145;114;48;2;157;157;119m▘[38;2;154;154;118;48;2;163;161;119m▀[38;2;159;159;119;48;2;173;166;125m▀[38;2;156;158;115;48;2;178;166;124m▀[38;2;114;121;104;48;2;187;169;129m▀[38;2;125;128;109;48;2;176;157;127m▀[38;2;172;167;123;48;2;160;149;118m▝[38;2;178;170;127;48;2;151;136;117m▀[38;2;177;168;126;48;2;151;134;117m▀[38;2;181;170;128;48;2;141;126;114m▀[38;2;178;166;126;48;2;142;131;115m▀[38;2;132;124;108;48;2;164;152;123m▖[38;2;173;161;124;48;2;155;146;123m▀[38;2;161;152;118;48;2;153;143;121m▀[38;2;169;160;119;48;2;144;133;115m▀[38;2;144;128;109;48;2;167;156;119m▖[38;2;171;163;120;48;2;152;138;117m▀[38;2;169;164;121;48;2;156;144;121m▀[38;2;152;144;121;48;2;170;167;133m▖[0m
   [38;2;176;177;156;48;2;150;161;142m▌[38;2;156;170;146;48;2;142;153;135m▀[38;2;148;159;138;48;2;158;169;145m▀[38;2;149;158;136;48;2;158;169;147m▛[38;2;142;138;119;48;2;162;174;151m▝[38;2;168;166;146;48;2;141;141;127m▞[38;2;162;149;135;48;2;198;173;149m▖[38;2;197;171;146;48;2;198;182;168m▀[38;2;191;168;146;48;2;200;183;168m▀[38;2;171;159;147;48;2;202;184;167m▀[38;2;181;164;147;48;2;199;182;166m▀[38;2;111;118;117;48;2;59;82;93m▛[38;2;109;124;125;48;2;54;83;96m▀[38;2;147;142;133;48;2;64;89;99m▀[38;2;142;141;133;48;2;172;155;137m▖[38;2;184;162;138;48;2;163;148;131m▞[38;2;138;130;120;48;2;66;79;86m▌[38;2;51;70;81;48;2;48;67;80m▘[38;2;50;69;82;48;2;53;73;84m▛[38;2;48;67;80;48;2;77;91;98m▛[38;2;67;82;92;48;2;47;67;80m▛[38;2;50;67;79;48;2;49;68;81m▀[38;2;70;90;89;48;2;51;71;81m▝[38;2;93;109;98;48;2;81;100;97m▀[38;2;65;83;88;48;2;104;118;102m▖[38;2;111;120;102;48;2;159;157;119m▛[38;2;142;146;114;48;2;164;161;122m▘[38;2;166;163;124;48;2;154;152;120m▀[38;2;167;163;123;48;2;157;157;127m▀[38;2;163;158;119;48;2;157;165;136m▀[38;2;158;156;121;48;2;150;160;135m▀[38;2;138;144;117;48;2;134;148;129m▀[38;2;145;158;131;48;2;127;142;122m▛[38;2;147;164;135;48;2;104;125;112m▀[38;2;130;146;126;48;2;155;171;142m▛[38;2;140;149;123;48;2;149;165;138m▀[38;2;182;156;126;48;2;132;141;121m▀[38;2;168;142;119;48;2;91;105;101m▀[38;2;136;116;105;48;2;72;85;88m▀[38;2;111;100;97;48;2;77;85;91m▘[38;2;99;98;99;48;2;80;87;92m▝[38;2;114;108;107;48;2;88;97;105m▝[38;2;99;102;107;48;2;115;123;122m▛[38;2;85;92;97;48;2;106;105;106m▛[38;2;62;77;99;48;2;92;102;116m▀[38;2;78;95;111;48;2;87;98;114m▀[38;2;65;88;96;48;2;78;89;110m▀[38;2;56;83;88;48;2;70;86;99m▘[38;2;81;96;103;48;2;107;119;115m▌[38;2;137;149;131;48;2;103;113;107m▌[38;2;82;95;94;48;2;120;132;119m▌[38;2;126;135;121;48;2;154;161;138m▘[38;2;158;158;137;48;2;106;108;106m▌[38;2;102;107;105;48;2;154;153;136m▌[0m
   [38;2;198;193;170;48;2;161;166;145m▌[38;2;152;159;140;48;2;167;170;149m▀[38;2;149;157;138;48;2;164;170;148m▀[38;2;142;150;134;48;2;155;162;142m▘[38;2;158;166;144;48;2;148;158;139m▞[38;2;146;156;139;48;2;175;179;157m▞[38;2;186;167;149;48;2;148;149;132m▝[38;2;123;125;122;48;2;54;76;86m▛[38;2;111;114;117;48;2;46;67;82m▀[38;2;92;103;108;48;2;45;66;82m▀[38;2;151;147;139;48;2;50;71;85m▀[38;2;65;81;89;48;2;51;69;84m▘[38;2;57;75;89;48;2;50;66;82m▝[38;2;58;81;95;48;2;52;71;86m▀[38;2;98;103;104;48;2;51;73;88m▝[38;2;155;141;123;48;2;60;81;94m▀[38;2;128;125;118;48;2;76;97;104m▀[38;2;117;118;110;48;2;70;89;99m▀[38;2;53;75;86;48;2;82;99;107m▝[38;2;84;99;109;48;2;60;79;92m▘[38;2;53;72;86;48;2;49;68;83m▞[38;2;54;74;87;48;2;66;96;103m▛[38;2;54;74;87;48;2;61;90;102m▀[38;2;48;68;85;48;2;63;92;103m▀[38;2;66;86;92;48;2;86;109;104m▛[38;2;98;116;109;48;2;154;169;139m▘[38;2;150;161;133;48;2;160;174;143m▀[38;2;147;160;136;48;2;167;179;146m▀[38;2;166;176;146;48;2;152;164;139m▖[38;2;118;137;122;48;2;89;108;103m▛[38;2;117;135;120;48;2;65;87;88m▀[38;2;139;155;133;48;2;63;90;91m▀[38;2;143;156;133;48;2;73;95;95m▀[38;2;133;149;129;48;2;99;118;110m▀[38;2;62;84;87;48;2;46;67;76m▛[38;2;91;111;104;48;2;47;72;79m▀[38;2;127;145;124;48;2;61;85;87m▀[38;2;119;137;120;48;2;147;161;134m▖[38;2;121;137;118;48;2;106;122;109m▌[38;2;127;144;124;48;2;104;120;110m▀[38;2;132;147;127;48;2;152;164;139m▛[38;2;138;152;131;48;2;125;140;123m▌[38;2;133;149;131;48;2;65;87;89m▀[38;2;117;131;120;48;2;96;114;108m▀[38;2;96;111;112;48;2;110;127;119m▞[38;2;104;119;122;48;2;92;108;119m▞[38;2;108;119;130;48;2;120;132;141m▀[38;2;99;112;125;48;2;113;125;135m▀[38;2;113;125;135;48;2;103;115;125m▖[38;2;103;114;125;48;2;120;132;139m▛[38;2;81;93;109;48;2;121;131;138m▀[38;2;104;116;121;48;2;126;132;139m▀[38;2;124;135;123;48;2;131;135;136m▀[38;2;162;163;140;48;2;124;130;125m▝[0m
   [38;2;200;193;170;48;2;159;160;136m▌[38;2;144;152;133;48;2;178;175;150m▀[38;2;179;177;154;48;2;156;162;143m▖[38;2;157;162;144;48;2;168;167;146m▛[38;2;149;158;140;48;2;172;172;150m▀[38;2;144;155;139;48;2;171;173;151m▀[38;2;151;163;142;48;2;106;123;117m▛[38;2;129;147;129;48;2;83;101;107m▀[38;2;103;125;116;48;2;80;100;106m▘[38;2;72;88;101;48;2;59;79;91m▖[38;2;60;78;92;48;2;54;73;87m▖[38;2;53;72;87;48;2;70;86;99m▀[38;2;66;88;100;48;2;56;75;88m▖[38;2;52;71;86;48;2;55;74;89m▝[38;2;55;74;88;48;2;64;90;102m▛[38;2;49;68;84;48;2;57;78;91m▝[38;2;54;76;90;48;2;65;93;103m▛[38;2;53;77;92;48;2;60;85;97m▝[38;2;76;92;102;48;2;57;77;90m▘[38;2;54;79;92;48;2;67;97;107m▀[38;2;67;97;107;48;2;61;88;100m▖[38;2;62;85;97;48;2;63;96;107m▖[38;2;63;91;103;48;2;65;96;107m▝[38;2;58;81;93;48;2;67;96;108m▀[38;2;78;102;104;48;2;60;83;95m▝[38;2;90;113;109;48;2;50;70;86m▀[38;2;75;99;101;48;2;51;71;85m▀[38;2;115;136;120;48;2;85;109;106m▝[38;2;148;164;137;48;2;90;115;110m▀[38;2;130;148;128;48;2;66;90;93m▛[38;2;124;142;126;48;2;50;74;85m▀[38;2;85;104;104;48;2;130;147;127m▖[38;2;123;143;124;48;2;142;160;135m▛[38;2;129;145;126;48;2;158;171;143m▀[38;2;132;147;125;48;2;146;160;135m▀[38;2;128;144;123;48;2;144;159;133m▀[38;2;111;131;114;48;2;153;166;139m▀[38;2;87;111;102;48;2;145;160;133m▘[38;2;121;134;116;48;2;140;154;128m▘[38;2;109;128;114;48;2;142;155;132m▝[38;2;125;142;123;48;2;91;113;107m▝[38;2;128;147;125;48;2;70;95;97m▀[38;2;128;147;125;48;2;81;104;103m▀[38;2;101;117;114;48;2;143;153;142m▛[38;2;99;110;119;48;2;134;141;142m▀[38;2;115;126;129;48;2;147;154;153m▀[38;2;129;139;143;48;2;140;148;149m▀[38;2;138;146;147;48;2;160;161;157m▀[38;2;148;153;152;48;2;162;163;158m▀[38;2;140;147;147;48;2;167;166;159m▀[38;2;159;161;155;48;2;182;176;165m▀[38;2;171;171;162;48;2;186;179;167m▀[38;2;163;164;158;48;2;189;180;167m▀[38;2;170;167;157;48;2;205;190;172m▀[0m
   [38;2;183;167;136;48;2;225;207;180m▝[38;2;191;174;147;48;2;215;196;166m▀[38;2;172;164;143;48;2;206;189;162m▀[38;2;174;165;140;48;2;202;188;162m▀[38;2;166;161;139;48;2;195;185;161m▀[38;2;145;152;133;48;2;191;184;160m▝[38;2;82;107;106;48;2;183;184;164m▀[38;2;76;99;104;48;2;176;177;158m▀[38;2;70;95;102;48;2;127;145;137m▀[38;2;75;96;105;48;2;122;138;135m▀[38;2;69;87;99;48;2;131;142;139m▀[38;2;54;74;87;48;2;127;137;135m▀[38;2;49;71;86;48;2;118;130;131m▀[38;2;50;75;88;48;2;111;124;125m▀[38;2;52;78;91;48;2;114;130;130m▀[38;2;54;86;98;48;2;118;135;133m▀[38;2;54;82;94;48;2;115;130;130m▀[38;2;56;83;94;48;2;115;133;133m▀[38;2;57;86;97;48;2;112;130;129m▀[38;2;59;94;104;48;2;112;133;131m▀[38;2;52;77;88;48;2;109;124;123m▀[38;2;57;89;98;48;2;110;126;125m▀[38;2;53;82;92;48;2;116;134;133m▀[38;2;60;93;104;48;2;124;143;142m▀[38;2;57;83;96;48;2;121;135;136m▀[38;2;58;87;97;48;2;121;141;139m▀[38;2;57;85;96;48;2;132;151;147m▀[38;2;75;104;107;48;2;119;136;137m▀[38;2;59;89;100;48;2;120;134;131m▀[38;2;56;87;97;48;2;140;148;139m▀[38;2;63;95;107;48;2;125;140;138m▀[38;2;56;84;95;48;2;131;141;136m▀[38;2;119;137;121;48;2;187;189;162m▀[38;2;150;161;137;48;2;188;186;163m▀[38;2;146;158;135;48;2;178;178;157m▀[38;2;136;149;130;48;2;178;178;155m▀[38;2;141;153;132;48;2;185;181;159m▀[38;2;129;140;125;48;2;170;166;152m▀[38;2;149;158;136;48;2;168;165;151m▀[38;2;146;154;135;48;2;178;173;154m▀[38;2;158;165;144;48;2;173;172;153m▀[38;2;134;144;134;48;2;188;185;161m▀[38;2;142;151;149;48;2;171;171;156m▀[38;2;159;160;156;48;2;196;185;169m▘[38;2;180;177;166;48;2;197;187;172m▝[38;2;184;179;167;48;2;191;183;169m▘[38;2;184;177;165;48;2;204;191;172m▀[38;2;190;182;169;48;2;204;190;173m▘[38;2;199;185;171;48;2;193;180;166m▘[38;2;199;184;168;48;2;205;188;170m▛[38;2;202;184;167;48;2;203;186;169m▖[38;2;211;194;178;48;2;207;188;170m▀[38;2;201;183;167;48;2;209;190;171m▝[38;2;204;181;161;48;2;213;192;168m▌[0m

Katsushika Hokusai: Ono Falls on the Kisokaido Road, c. 1833
