 [38;2;214;206;182;48;2;144;159;149m▛[38;2;199;189;157;48;2;65;101;105m▀[38;2;199;189;156;48;2;68;102;107m▀[38;2;195;187;156;48;2;75;85;72m▀[38;2;169;169;146;48;2;86;108;86m▀[38;2;171;176;144;48;2;86;115;96m▀[38;2;153;162;137;48;2;49;82;77m▀[38;2;173;175;143;48;2;67;95;86m▀[38;2;170;165;140;48;2;66;85;83m▀[38;2;60;73;62;48;2;137;141;115m▖[38;2;169;174;143;48;2;89;104;76m▀[38;2;188;173;144;48;2;121;112;76m▀[38;2;197;178;144;48;2;142;121;84m▀[38;2;198;183;149;48;2;171;146;101m▀[38;2;179;163;124;48;2;142;125;84m▛[38;2;132;142;123;48;2;56;78;63m▀[38;2;72;106;84;48;2;131;150;124m▖[38;2;166;176;145;48;2;115;141;106m▀[38;2;155;167;139;48;2;127;133;98m▀[38;2;130;135;116;48;2;155;144;106m▀[38;2;200;184;143;48;2;172;164;133m▖[38;2;139;123;79;48;2;186;173;133m▖[38;2;189;174;132;48;2;150;148;109m▛[38;2;177;167;129;48;2;194;178;138m▞[38;2;167;149;100;48;2;188;173;135m▖[38;2;206;194;161;48;2;211;193;154m▀[38;2;204;185;143;48;2;168;168;133m▖[38;2;147;165;132;48;2;125;146;117m▌[38;2;112;121;106;48;2;67;85;66m▀[38;2;126;141;120;48;2;64;83;67m▀[38;2;164;169;136;48;2;69;93;77m▀[38;2;186;184;150;48;2;88;116;91m▀[38;2;185;181;151;48;2;102;121;99m▀[38;2;185;182;154;48;2;50;92;107m▀[38;2;186;183;154;48;2;42;89;108m▀[38;2;192;187;156;48;2;49;95;111m▀[38;2;193;188;158;48;2;48;96;113m▀[38;2;186;183;156;48;2;45;92;110m▀[38;2;187;183;154;48;2;50;94;110m▀[38;2;190;186;156;48;2;47;94;112m▀[38;2;188;185;157;48;2;45;91;111m▀[38;2;189;187;159;48;2;50;94;112m▀[38;2;187;184;156;48;2;51;92;109m▀[38;2;189;185;155;48;2;54;92;109m▀[38;2;181;177;148;48;2;48;84;103m▀[38;2;189;185;157;48;2;50;87;106m▀[38;2;185;182;155;48;2;56;88;109m▀[38;2;179;178;154;48;2;51;83;104m▀[38;2;173;172;148;48;2;47;82;103m▀[38;2;175;173;145;48;2;54;87;100m▀[38;2;163;160;127;48;2;55;93;106m▀[38;2;147;150;127;48;2;45;85;104m▀[38;2;138;146;128;48;2;39;82;106m▀[38;2;167;171;152;48;2;63;100;116m▀[38;2;220;213;188;48;2;212;207;185m▖[0m
 [38;2;227;217;191;48;2;128;148;145m▌[38;2;13;69;95;48;2;26;76;99m▌[38;2;22;74;98;48;2;30;77;97m▀[38;2;36;64;72;48;2;28;76;96m▀[38;2;48;89;101;48;2;26;78;102m▀[38;2;35;82;103;48;2;36;87;108m▛[38;2;37;87;108;48;2;30;81;103m▘[38;2;39;82;104;48;2;49;75;74m▀[38;2;54;83;87;48;2;89;91;69m▛[38;2;126;105;82;48;2;148;124;86m▘[38;2;127;106;74;48;2;160;133;87m▀[38;2;153;135;88;48;2;188;154;104m▀[38;2;58;66;61;48;2;169;145;104m▝[38;2;53;72;61;48;2;104;115;87m▘[38;2;126;135;100;48;2;51;72;62m▛[38;2;54;70;60;48;2;35;68;79m▀[38;2;82;100;82;48;2;154;156;122m▌[38;2;122;136;108;48;2;207;190;150m▀[38;2;134;130;105;48;2;199;183;142m▘[38;2;199;182;142;48;2;109;119;110m▛[38;2;124;126;109;48;2;192;175;135m▖[38;2;188;172;132;48;2;168;151;108m▞[38;2;153;151;114;48;2;195;175;128m▝[38;2;183;169;123;48;2;206;186;140m▌[38;2;175;159;111;48;2;216;197;154m▀[38;2;179;168;130;48;2;211;193;149m▀[38;2;123;128;107;48;2;31;76;93m▛[38;2;116;124;100;48;2;61;89;85m▝[38;2;182;161;120;48;2;107;111;98m▀[38;2;170;145;106;48;2;143;132;100m▀[38;2;122;122;104;48;2;32;76;99m▌[38;2;43;71;75;48;2;23;79;108m▀[38;2;56;82;79;48;2;27;79;106m▀[38;2;61;82;79;48;2;28;73;96m▘[38;2;31;78;101;48;2;27;72;96m▘[38;2;25;72;95;48;2;30;76;99m▀[38;2;19;72;97;48;2;25;76;100m▛[38;2;24;77;100;48;2;31;78;100m▀[38;2;27;79;103;48;2;27;75;98m▛[38;2;22;76;102;48;2;31;71;94m▀[38;2;30;78;102;48;2;34;74;96m▀[38;2;29;75;99;48;2;33;74;96m▀[38;2;40;81;106;48;2;35;75;99m▝[38;2;35;82;109;48;2;32;77;101m▘[38;2;33;74;102;48;2;39;75;98m▀[38;2;28;69;98;48;2;38;72;95m▀[38;2;33;73;99;48;2;35;77;104m▌[38;2;27;75;101;48;2;32;74;98m▀[38;2;32;78;103;48;2;32;73;95m▀[38;2;30;75;98;48;2;28;71;94m▀[38;2;39;80;100;48;2;30;72;94m▀[38;2;44;90;110;48;2;35;80;100m▀[38;2;47;92;111;48;2;50;87;103m▀[38;2;40;77;95;48;2;81;108;117m▌[38;2;218;212;188;48;2;213;208;185m▘[0m
 [38;2;226;217;189;48;2;130;149;145m▌[38;2;20;73;100;48;2;30;80;104m▌[38;2;37;80;101;48;2;27;76;100m▝[38;2;22;74;99;48;2;20;76;103m▘[38;2;17;77;106;48;2;47;85;94m▀[38;2;15;74;105;48;2;122;116;97m▀[38;2;146;139;110;48;2;47;70;72m▖[38;2;72;105;87;48;2;123;152;123m▛[38;2;106;139;116;48;2;87;104;89m▛[38;2;127;148;118;48;2;132;138;96m▀[38;2;112;122;97;48;2;64;81;66m▀[38;2;74;109;91;48;2;137;150;116m▖[38;2;166;159;122;48;2;76;89;70m▀[38;2;64;78;65;48;2;142;138;104m▖[38;2;148;140;107;48;2;224;206;164m▀[38;2;171;166;137;48;2;213;197;157m▀[38;2;140;135;108;48;2;175;156;103m▀[38;2;214;198;162;48;2;180;168;125m▖[38;2;179;169;127;48;2;207;192;154m▛[38;2;203;186;142;48;2;152;143;107m▖[38;2;207;193;154;48;2;175;166;130m▀[38;2;196;181;142;48;2;166;166;134m▀[38;2;129;140;120;48;2;34;82;101m▛[38;2;90;111;108;48;2;15;72;105m▀[38;2;133;140;124;48;2;10;61;92m▀[38;2;122;133;107;48;2;34;62;60m▀[38;2;134;159;128;48;2;111;141;117m▀[38;2;55;87;93;48;2;132;134;105m▖[38;2;47;74;72;48;2;142;133;98m▝[38;2;64;84;67;48;2;141;143;103m▀[38;2;40;85;98;48;2;139;124;97m▀[38;2;26;84;112;48;2;52;83;78m▀[38;2;27;86;115;48;2;72;109;100m▀[38;2;59;103;107;48;2;18;77;109m▖[38;2;17;75;105;48;2;14;76;110m▀[38;2;19;76;107;48;2;13;75;110m▀[38;2;17;77;112;48;2;17;75;106m▖[38;2;16;74;104;48;2;21;79;109m▘[38;2;21;77;107;48;2;16;77;108m▛[38;2;17;73;102;48;2;19;78;109m▘[38;2;20;75;104;48;2;12;74;108m▀[38;2;18;74;104;48;2;13;75;109m▀[38;2;16;74;104;48;2;11;73;108m▀[38;2;20;75;104;48;2;11;73;107m▀[38;2;19;74;103;48;2;15;75;108m▀[38;2;27;77;105;48;2;15;74;108m▀[38;2;22;75;103;48;2;15;74;108m▀[38;2;21;75;102;48;2;11;73;107m▀[38;2;18;72;101;48;2;14;73;105m▀[38;2;17;72;101;48;2;13;73;107m▀[38;2;19;75;103;48;2;12;73;107m▀[38;2;23;78;104;48;2;12;73;105m▀[38;2;24;78;104;48;2;32;81;103m▌[38;2;29;78;102;48;2;54;93;109m▌[38;2;205;202;180;48;2;216;211;188m▌[0m
 [38;2;227;218;192;48;2;131;150;148m▌[38;2;23;77;104;48;2;55;91;104m▛[38;2;13;75;107;48;2;88;107;103m▀[38;2;13;69;99;48;2;92;113;110m▀[38;2;60;97;114;48;2;30;74;94m▖[38;2;30;69;87;48;2;130;113;86m▖[38;2;183;153;115;48;2;85;96;85m▘[38;2;119;142;109;48;2;52;88;88m▝[38;2;73;93;89;48;2;28;61;75m▀[38;2;171;140;104;48;2;59;69;62m▀[38;2;121;115;81;48;2;174;150;109m▞[38;2;185;160;114;48;2;123;116;84m▖[38;2;55;63;55;48;2;31;72;90m▛[38;2;39;62;67;48;2;27;73;96m▀[38;2;112;117;99;48;2;28;74;98m▀[38;2;183;170;135;48;2;213;196;157m▛[38;2;182;166;120;48;2;215;198;158m▀[38;2;207;192;152;48;2;192;176;132m▖[38;2;191;172;126;48;2;176;164;123m▝[38;2;191;173;127;48;2;194;185;152m▀[38;2;174;165;131;48;2;199;188;152m▝[38;2;161;160;131;48;2;101;115;101m▖[38;2;102;133;113;48;2;30;78;100m▘[38;2;24;76;106;48;2;17;72;103m▀[38;2;17;68;99;48;2;16;71;103m▘[38;2;29;65;81;48;2;14;70;103m▝[38;2;23;73;101;48;2;140;147;133m▛[38;2;199;186;147;48;2;144;146;127m▞[38;2;209;193;154;48;2;134;138;116m▀[38;2;221;199;157;48;2;120;115;96m▀[38;2;215;176;132;48;2;136;142;111m▀[38;2;139;136;108;48;2;67;92;79m▛[38;2;122;149;121;48;2;63;96;90m▖[38;2;41;82;90;48;2;15;71;102m▘[38;2;12;73;107;48;2;13;75;110m▞[38;2;13;73;108;48;2;14;76;111m▛[38;2;19;75;107;48;2;15;76;110m▀[38;2;19;77;108;48;2;11;73;108m▀[38;2;20;77;108;48;2;16;77;111m▀[38;2;23;79;108;48;2;16;76;108m▝[38;2;23;79;108;48;2;14;74;107m▘[38;2;16;76;109;48;2;9;72;107m▀[38;2;11;72;106;48;2;13;74;108m▖[38;2;15;76;111;48;2;11;74;107m▞[38;2;18;77;109;48;2;13;75;110m▀[38;2;15;75;109;48;2;13;74;110m▀[38;2;16;72;103;48;2;21;55;77m▀[38;2;22;64;88;48;2;28;49;61m▀[38;2;21;68;93;48;2;19;75;107m▖[38;2;17;66;92;48;2;19;75;107m▌[38;2;16;75;106;48;2;12;73;105m▌[38;2;10;72;104;48;2;19;76;106m▘[38;2;18;76;107;48;2;23;79;109m▌[38;2;18;76;107;48;2;34;88;115m▌[38;2;199;198;178;48;2;217;211;185m▌[0m
 [38;2;217;212;190;48;2;196;188;157m▌[38;2;172;157;117;48;2;159;142;94m▀[38;2;176;157;109;48;2;168;147;99m▌[38;2;189;167;121;48;2;166;150;104m▀[38;2;152;142;106;48;2;197;177;131m▞[38;2;119;121;94;48;2;212;195;159m▀[38;2;55;90;98;48;2;183;175;145m▀[38;2;26;72;98;48;2;72;87;81m▀[38;2;66;77;65;48;2;97;114;90m▛[38;2;98;117;93;48;2;76;90;77m▞[38;2;78;91;75;48;2;38;62;68m▘[38;2;21;61;82;48;2;63;76;70m▖[38;2;91;95;73;48;2;40;64;69m▖[38;2;25;79;108;48;2;23;82;114m▀[38;2;46;77;78;48;2;91;119;100m▛[38;2;125;145;117;48;2;69;109;107m▀[38;2;136;153;125;48;2;77;103;90m▘[38;2;47;68;59;48;2;68;102;92m▖[38;2;114;128;108;48;2;168;141;102m▌[38;2;177;164;123;48;2;125;121;105m▀[38;2;183;145;104;48;2;83;93;85m▘[38;2;124;154;126;48;2;78;109;98m▘[38;2;28;79;101;48;2;20;79;111m▌[38;2;13;70;104;48;2;16;74;107m▝[38;2;14;73;107;48;2;11;70;104m▖[38;2;17;75;108;48;2;21;80;113m▛[38;2;99;122;122;48;2;20;75;107m▝[38;2;50;93;113;48;2;17;77;111m▘[38;2;28;71;89;48;2;94;98;76m▛[38;2;104;106;90;48;2;168;139;98m▀[38;2;85;130;108;48;2;65;91;81m▝[38;2;130;159;127;48;2;59;101;102m▘[38;2;40;92;104;48;2;16;74;105m▖[38;2;13;74;109;48;2;16;79;114m▀[38;2;14;77;113;48;2;12;74;110m▖[38;2;12;74;110;48;2;13;77;113m▘[38;2;15;76;112;48;2;12;76;112m▛[38;2;17;79;115;48;2;11;74;110m▖[38;2;12;75;111;48;2;13;74;109m▌[38;2;13;76;113;48;2;13;75;111m▝[38;2;12;77;112;48;2;15;79;115m▀[38;2;14;77;113;48;2;12;75;111m▌[38;2;12;73;110;48;2;10;72;108m▛[38;2;13;75;111;48;2;17;81;115m▌[38;2;13;77;112;48;2;12;75;112m▌[38;2;11;75;112;48;2;16;77;113m▖[38;2;19;60;84;48;2;13;74;108m▝[38;2;22;58;78;48;2;17;72;103m▀[38;2;17;68;95;48;2;17;79;114m▀[38;2;22;69;93;48;2;19;78;111m▘[38;2;18;80;111;48;2;14;77;109m▝[38;2;26;81;108;48;2;19;80;109m▝[38;2;28;80;106;48;2;37;82;103m▛[38;2;37;85;107;48;2;29;83;105m▀[38;2;189;192;174;48;2;222;215;191m▌[0m
 [38;2;221;215;192;48;2;175;169;140m▌[38;2;135;119;73;48;2;191;173;125m▌[38;2;140;142;108;48;2;184;169;126m▝[38;2;214;195;159;48;2;184;168;123m▝[38;2;150;132;76;48;2;188;169;121m▝[38;2;150;149;123;48;2;187;175;142m▝[38;2;145;149;122;48;2;60;85;82m▛[38;2;115;135;109;48;2;81;103;85m▘[38;2;74;85;67;48;2;104;124;100m▘[38;2;67;78;71;48;2;31;79;103m▌[38;2;21;75;105;48;2;26;84;116m▝[38;2;33;70;89;48;2;23;81;112m▝[38;2;65;73;66;48;2;26;72;95m▀[38;2;29;72;95;48;2;59;74;71m▝[38;2;57;85;88;48;2;22;81;110m▖[38;2;76;91;100;48;2;182;149;112m▌[38;2;179;157;121;48;2;187;174;135m▖[38;2;87;80;60;48;2;186;159;121m▝[38;2;90;115;100;48;2;172;138;106m▀[38;2;45;85;95;48;2;19;80;114m▌[38;2;16;81;116;48;2;18;80;115m▘[38;2;14;72;107;48;2;17;79;112m▀[38;2;19;77;109;48;2;18;81;114m▘[38;2;14;75;108;48;2;17;79;111m▛[38;2;17;77;110;48;2;14;74;108m▞[38;2;16;79;113;48;2;12;73;107m▞[38;2;21;78;112;48;2;13;74;110m▝[38;2;37;62;67;48;2;19;74;105m▝[38;2;140;122;100;48;2;33;78;95m▝[38;2;146;125;94;48;2;41;78;91m▘[38;2;18;79;112;48;2;31;76;102m▌[38;2;121;113;101;48;2;161;152;118m▌[38;2;158;148;112;48;2;108;103;81m▌[38;2;29;78;103;48;2;15;80;116m▌[38;2;17;84;118;48;2;14;80;115m▖[38;2;15;80;116;48;2;12;76;112m▘[38;2;14;77;112;48;2;12;77;112m▞[38;2;13;78;114;48;2;15;81;116m▛[38;2;14;76;112;48;2;15;80;115m▀[38;2;13;77;113;48;2;16;81;117m▀[38;2;15;80;115;48;2;19;85;119m▛[38;2;13;78;114;48;2;21;58;78m▛[38;2;22;64;87;48;2;12;75;111m▖[38;2;10;72;107;48;2;11;75;110m▌[38;2;12;75;111;48;2;12;80;115m▀[38;2;9;72;109;48;2;13;77;114m▝[38;2;15;80;116;48;2;14;75;110m▌[38;2;15;62;89;48;2;14;78;113m▖[38;2;15;79;114;48;2;16;69;96m▛[38;2;19;71;98;48;2;16;79;113m▖[38;2;14;76;109;48;2;15;77;107m▌[38;2;25;82;106;48;2;20;81;108m▀[38;2;23;82;107;48;2;26;83;108m▘[38;2;24;82;108;48;2;19;81;109m▛[38;2;182;187;172;48;2;223;216;190m▌[0m
 [38;2;213;207;180;48;2;179;173;146m▛[38;2;161;144;100;48;2;198;177;134m▖[38;2;196;175;130;48;2;191;171;126m▞[38;2;171;153;107;48;2;197;181;142m▀[38;2;143;126;77;48;2;191;175;133m▖[38;2;199;187;155;48;2;194;177;135m▀[38;2;194;180;141;48;2;126;121;91m▘[38;2;82;93;75;48;2;94;113;91m▛[38;2;82;92;75;48;2;128;132;106m▞[38;2;49;82;98;48;2;168;165;140m▀[38;2;88;123;131;48;2;24;84;118m▖[38;2;24;85;119;48;2;23;82;116m▀[38;2;21;83;116;48;2;16;83;120m▛[38;2;20;76;106;48;2;70;79;70m▌[38;2;70;85;76;48;2;20;76;105m▘[38;2;21;81;113;48;2;49;75;78m▌[38;2;76;119;100;48;2;62;90;76m▝[38;2;112;131;115;48;2;63;99;94m▀[38;2;97;100;84;48;2;25;70;90m▀[38;2;46;70;71;48;2;21;81;113m▀[38;2;39;80;94;48;2;19;76;105m▘[38;2;15;79;112;48;2;21;82;116m▛[38;2;15;77;112;48;2;18;83;116m▖[38;2;17;79;114;48;2;12;72;109m▛[38;2;13;76;110;48;2;8;67;103m▛[38;2;9;72;108;48;2;9;76;113m▛[38;2;13;77;112;48;2;8;72;109m▀[38;2;16;81;117;48;2;11;73;109m▝[38;2;11;75;111;48;2;13;78;114m▌[38;2;12;79;116;48;2;12;76;113m▘[38;2;14;77;112;48;2;13;80;116m▘[38;2;22;85;119;48;2;11;75;111m▖[38;2;13;78;115;48;2;15;75;109m▞[38;2;15;81;116;48;2;13;76;113m▝[38;2;10;77;114;48;2;12;80;116m▞[38;2;6;73;110;48;2;13;80;117m▘[38;2;9;78;114;48;2;14;78;115m▀[38;2;11;81;118;48;2;15;76;113m▀[38;2;11;77;113;48;2;15;79;115m▌[38;2;15;78;114;48;2;11;75;112m▌[38;2;15;80;116;48;2;14;74;107m▛[38;2;32;39;42;48;2;22;68;91m▝[38;2;14;76;109;48;2;22;64;86m▝[38;2;9;74;109;48;2;15;78;112m▀[38;2;12;78;112;48;2;19;78;109m▀[38;2;10;74;109;48;2;14;79;113m▖[38;2;18;61;86;48;2;13;70;103m▝[38;2;18;61;84;48;2;13;67;97m▀[38;2;14;73;107;48;2;17;65;91m▌[38;2;17;61;86;48;2;10;73;109m▌[38;2;9;76;110;48;2;10;73;108m▀[38;2;15;79;109;48;2;11;76;107m▝[38;2;14;80;110;48;2;21;82;109m▖[38;2;18;82;110;48;2;12;76;106m▌[38;2;173;182;169;48;2;225;218;192m▌[0m
 [38;2;145;153;131;48;2;213;205;177m▝[38;2;151;136;93;48;2;72;91;70m▞[38;2;186;169;131;48;2;74;101;88m▀[38;2;195;179;139;48;2;138;142;107m▀[38;2;182;164;121;48;2;211;190;145m▀[38;2;158;149;113;48;2;114;115;87m▌[38;2;112;113;88;48;2;82;95;75m▘[38;2;86;99;78;48;2;114;138;111m▘[38;2;179;160;123;48;2;65;87;82m▝[38;2;211;194;152;48;2;84;113;106m▀[38;2;142;150;132;48;2;43;89;106m▘[38;2;26;87;120;48;2;18;79;114m▖[38;2;19;81;115;48;2;13;80;115m▌[38;2;40;75;88;48;2;80;105;91m▌[38;2;20;87;122;48;2;19;79;109m▝[38;2;198;151;116;48;2;76;98;96m▝[38;2;160;137;97;48;2;56;78;94m▀[38;2;57;91;92;48;2;108;143;126m▛[38;2;70;91;87;48;2;28;83;105m▝[38;2;101;124;100;48;2;35;79;94m▖[38;2;10;72;110;48;2;16;80;118m▖[38;2;22;85;120;48;2;13;76;112m▀[38;2;17;80;115;48;2;14;76;111m▛[38;2;6;72;109;48;2;14;79;114m▘[38;2;10;70;107;48;2;13;75;111m▀[38;2;9;72;109;48;2;12;74;109m▀[38;2;10;75;111;48;2;13;76;113m▀[38;2;11;75;112;48;2;11;76;114m▘[38;2;10;79;117;48;2;9;74;112m▘[38;2;10;79;116;48;2;10;73;111m▀[38;2;11;80;117;48;2;10;75;112m▀[38;2;10;74;112;48;2;15;77;113m▌[38;2;17;77;113;48;2;15;79;115m▞[38;2;10;76;114;48;2;13;78;115m▝[38;2;13;79;115;48;2;17;82;119m▌[38;2;13;79;115;48;2;10;75;114m▀[38;2;13;76;113;48;2;13;79;117m▝[38;2;15;81;117;48;2;13;78;115m▀[38;2;18;80;116;48;2;16;78;114m▞[38;2;15;79;115;48;2;14;77;113m▀[38;2;15;78;114;48;2;14;75;110m▞[38;2;15;69;97;48;2;17;75;107m▞[38;2;16;63;87;48;2;14;68;96m▖[38;2;15;76;110;48;2;12;73;107m▛[38;2;37;84;109;48;2;14;75;109m▘[38;2;16;77;112;48;2;12;73;108m▝[38;2;15;57;83;48;2;11;62;92m▝[38;2;17;60;87;48;2;16;58;83m▌[38;2;9;66;101;48;2;15;63;91m▌[38;2;12;61;89;48;2;9;72;108m▌[38;2;10;72;104;48;2;11;73;106m▝[38;2;13;75;106;48;2;15;77;106m▀[38;2;26;81;107;48;2;15;76;104m▝[38;2;21;78;106;48;2;9;73;105m▌[38;2;168;178;168;48;2;226;218;192m▌[0m
 [38;2;225;218;192;48;2;149;162;153m▌[38;2;80;85;75;48;2;27;79;101m▀[38;2;96;133;105;48;2;58;89;81m▝[38;2;124;156;127;48;2;59;89;88m▘[38;2;117;120;94;48;2;91;112;95m▝[38;2;129;126;97;48;2;95;119;93m▀[38;2;110;132;105;48;2;121;149;118m▀[38;2;127;151;121;48;2;55;93;92m▘[38;2;63;100;93;48;2;124;147;113m▛[38;2;129;151;117;48;2;31;84;104m▖[38;2;21;77;107;48;2;16;80;115m▀[38;2;21;81;114;48;2;16;78;112m▘[38;2;18;80;115;48;2;16;75;104m▛[38;2;12;58;81;48;2;76;101;89m▌[38;2;59;98;94;48;2;11;69;101m▌[38;2;53;82;96;48;2;203;147;98m▛[38;2;71;104;91;48;2;193;167;122m▀[38;2;103;107;89;48;2;30;69;83m▞[38;2;50;91;99;48;2;14;73;109m▘[38;2;41;80;87;48;2;13;76;112m▀[38;2;49;90;104;48;2;77;95;89m▖[38;2;20;74;105;48;2;59;96;97m▀[38;2;9;75;115;48;2;58;92;97m▀[38;2;10;77;116;48;2;48;86;98m▀[38;2;9;72;110;48;2;31;84;110m▀[38;2;14;75;111;48;2;11;70;103m▀[38;2;11;73;109;48;2;11;74;111m▘[38;2;10;73;110;48;2;10;75;113m▌[38;2;8;73;111;48;2;7;74;113m▀[38;2;10;76;115;48;2;7;74;113m▝[38;2;9;73;112;48;2;11;76;114m▀[38;2;11;78;116;48;2;12;76;113m▌[38;2;15;79;116;48;2;11;77;115m▀[38;2;14;81;119;48;2;13;79;117m▞[38;2;9;76;114;48;2;13;79;117m▞[38;2;10;74;113;48;2;13;79;116m▞[38;2;11;77;115;48;2;14;80;117m▀[38;2;13;78;114;48;2;14;81;119m▛[38;2;14;77;115;48;2;13;76;113m▌[38;2;14;76;112;48;2;10;74;110m▘[38;2;14;72;105;48;2;14;76;114m▝[38;2;11;74;110;48;2;14;68;98m▖[38;2;14;72;105;48;2;12;75;112m▛[38;2;8;71;108;48;2;12;74;111m▝[38;2;12;74;111;48;2;15;78;114m▛[38;2;9;71;108;48;2;14;77;112m▝[38;2;11;75;113;48;2;13;76;113m▀[38;2;16;77;114;48;2;11;74;110m▖[38;2;12;72;106;48;2;8;73;109m▝[38;2;16;79;115;48;2;12;76;111m▝[38;2;12;76;109;48;2;10;75;110m▝[38;2;14;76;107;48;2;14;77;108m▝[38;2;10;75;107;48;2;13;78;108m▖[38;2;17;79;107;48;2;6;73;104m▌[38;2;166;177;167;48;2;228;220;194m▌[0m
 [38;2;230;223;196;48;2;133;147;140m▌[38;2;30;67;82;48;2;82;83;67m▛[38;2;51;76;80;48;2;97;116;90m▘[38;2;98;120;97;48;2;42;82;95m▛[38;2;95;121;103;48;2;24;65;85m▀[38;2;62;85;71;48;2;84;119;97m▌[38;2;144;170;136;48;2;78;108;97m▖[38;2;55;90;89;48;2;28;76;98m▘[38;2;35;68;74;48;2;20;81;115m▀[38;2;70;103;97;48;2;18;79;112m▀[38;2;22;74;101;48;2;17;79;112m▘[38;2;12;81;117;48;2;18;81;115m▖[38;2;19;77;106;48;2;45;70;74m▀[38;2;48;66;65;48;2;67;77;64m▌[38;2;47;66;70;48;2;21;74;102m▘[38;2;86;93;97;48;2;21;80;115m▝[38;2;126;116;91;48;2;22;71;89m▀[38;2;130;146;114;48;2;34;83;96m▘[38;2;13;77;113;48;2;18;86;122m▀[38;2;18;83;118;48;2;16;86;123m▌[38;2;81;109;91;48;2;32;68;78m▝[38;2;114;153;137;48;2;106;125;99m▘[38;2;157;134;104;48;2;130;136;103m▀[38;2;102;122;113;48;2;46;89;104m▛[38;2;70;104;103;48;2;24;81;109m▘[38;2;20;76;104;48;2;13;80;117m▘[38;2;14;76;113;48;2;14;80;117m▝[38;2;12;77;114;48;2;6;73;112m▌[38;2;9;77;116;48;2;11;81;120m▛[38;2;10;81;119;48;2;10;77;115m▖[38;2;11;77;116;48;2;14;80;117m▘[38;2;9;75;113;48;2;13;81;118m▌[38;2;12;79;117;48;2;15;82;119m▖[38;2;15;82;120;48;2;12;79;116m▀[38;2;14;79;116;48;2;16;82;119m▝[38;2;16;85;121;48;2;12;79;116m▖[38;2;12;77;115;48;2;10;64;92m▌[38;2;16;71;101;48;2;13;60;86m▛[38;2;17;67;95;48;2;14;73;107m▖[38;2;12;75;112;48;2;10;77;115m▖[38;2;12;81;117;48;2;8;71;106m▌[38;2;13;74;110;48;2;11;66;98m▌[38;2;12;64;95;48;2;11;68;100m▝[38;2;12;74;111;48;2;11;76;114m▌[38;2;11;77;114;48;2;5;71;109m▛[38;2;11;78;114;48;2;8;74;112m▘[38;2;10;77;114;48;2;8;73;110m▛[38;2;9;75;112;48;2;14;79;116m▛[38;2;10;77;113;48;2;9;75;111m▖[38;2;8;72;108;48;2;12;76;111m▛[38;2;8;73;108;48;2;10;75;109m▞[38;2;13;78;110;48;2;11;75;105m▌[38;2;14;79;107;48;2;18;82;110m▀[38;2;21;81;107;48;2;7;73;102m▌[38;2;158;172;163;48;2;227;219;192m▌[0m
 [38;2;225;220;195;48;2;154;160;139m▌[38;2;82;94;73;48;2;58;100;102m▀[38;2;94;117;98;48;2;44;85;100m▘[38;2;19;73;101;48;2;23;82;110m▘[38;2;33;84;105;48;2;78;103;92m▌[38;2;79;104;87;48;2;40;73;74m▝[38;2;100;124;99;48;2;30;72;86m▀[38;2;70;104;101;48;2;20;77;106m▌[38;2;18;80;113;48;2;21;87;120m▛[38;2;25;87;119;48;2;21;90;126m▀[38;2;18;84;117;48;2;45;78;90m▛[38;2;49;68;72;48;2;24;74;97m▞[38;2;39;65;72;48;2;15;80;114m▘[38;2;20;73;95;48;2;15;85;121m▀[38;2;38;76;89;48;2;116;108;72m▛[38;2;103;103;79;48;2;23;78;106m▖[38;2;17;83;121;48;2;16;79;116m▌[38;2;14;76;114;48;2;19;84;118m▘[38;2;19;86;122;48;2;18;83;118m▘[38;2;19;86;121;48;2;16;82;117m▛[38;2;14;79;116;48;2;15;86;127m▛[38;2;138;117;93;48;2;28;82;109m▝[38;2;196;173;138;48;2;33;85;111m▀[38;2;175;154;125;48;2;29;81;106m▘[38;2;28;76;93;48;2;11;75;110m▘[38;2;12;80;117;48;2;11;79;115m▞[38;2;13;79;116;48;2;10;78;116m▌[38;2;9;75;113;48;2;10;76;114m▝[38;2;16;85;121;48;2;12;80;118m▝[38;2;15;82;119;48;2;9;76;113m▌[38;2;13;80;117;48;2;10;78;115m▌[38;2;11;80;117;48;2;9;76;114m▌[38;2;11;79;116;48;2;8;75;113m▛[38;2;15;82;118;48;2;10;76;114m▝[38;2;14;82;119;48;2;12;77;114m▝[38;2;12;80;119;48;2;10;75;113m▘[38;2;12;81;118;48;2;8;74;112m▘[38;2;13;74;106;48;2;9;64;97m▌[38;2;13;73;106;48;2;14;82;118m▌[38;2;9;76;114;48;2;12;81;118m▀[38;2;12;79;116;48;2;10;73;108m▖[38;2;11;71;103;48;2;15;79;113m▞[38;2;10;75;112;48;2;11;69;99m▌[38;2;13;79;116;48;2;9;76;113m▛[38;2;11;78;115;48;2;9;76;113m▞[38;2;7;72;110;48;2;7;74;112m▀[38;2;9;74;110;48;2;7;74;111m▀[38;2;12;76;112;48;2;8;76;112m▀[38;2;9;75;110;48;2;14;77;112m▖[38;2;7;71;107;48;2;7;74;110m▛[38;2;12;74;107;48;2;8;74;108m▝[38;2;10;74;105;48;2;14;78;108m▘[38;2;19;81;110;48;2;13;78;108m▘[38;2;17;79;107;48;2;5;69;100m▌[38;2;156;170;162;48;2;229;220;192m▌[0m
 [38;2;230;221;194;48;2;137;158;153m▌[38;2;20;79;104;48;2;36;87;109m▌[38;2;35;87;109;48;2;29;85;109m▛[38;2;25;83;110;48;2;18;79;108m▛[38;2;19;75;103;48;2;19;81;111m▝[38;2;15;82;115;48;2;20;80;110m▝[38;2;17;82;115;48;2;19;86;119m▛[38;2;14;79;113;48;2;30;75;96m▛[38;2;18;83;116;48;2;55;76;75m▀[38;2;68;85;77;48;2;39;82;98m▞[38;2;47;71;72;48;2;18;83;115m▀[38;2;23;69;90;48;2;13;82;116m▘[38;2;17;82;116;48;2;17;85;119m▀[38;2;16;84;119;48;2;19;83;117m▌[38;2;65;93;97;48;2;23;82;115m▝[38;2;61;86;85;48;2;103;115;104m▝[38;2;11;72;105;48;2;167;163;141m▀[38;2;18;83;118;48;2;160;162;143m▀[38;2;8;77;116;48;2;96;130;127m▀[38;2;20;86;122;48;2;72;114;106m▀[38;2;26;88;115;48;2;42;89;93m▘[38;2;47;67;59;48;2;18;71;95m▘[38;2;9;78;117;48;2;14;83;120m▝[38;2;14;86;123;48;2;14;81;118m▘[38;2;10;75;112;48;2;14;82;118m▛[38;2;10;77;114;48;2;12;79;116m▘[38;2;13;79;116;48;2;8;77;115m▌[38;2;8;77;115;48;2;7;75;113m▀[38;2;9;79;117;48;2;7;74;112m▌[38;2;9;78;115;48;2;11;76;112m▀[38;2;11;78;115;48;2;12;83;119m▌[38;2;13;82;117;48;2;8;77;114m▘[38;2;7;76;114;48;2;11;81;117m▝[38;2;10;75;113;48;2;13;79;116m▝[38;2;13;79;116;48;2;10;74;112m▛[38;2;10;73;111;48;2;12;78;116m▖[38;2;13;81;119;48;2;9;75;112m▖[38;2;11;71;104;48;2;17;65;91m▀[38;2;11;76;111;48;2;11;79;117m▌[38;2;9;78;117;48;2;10;77;114m▀[38;2;9;77;114;48;2;8;60;90m▛[38;2;9;77;115;48;2;11;68;100m▀[38;2;13;56;79;48;2;8;71;107m▖[38;2;7;74;111;48;2;11;78;114m▖[38;2;8;75;111;48;2;10;77;113m▖[38;2;11;78;114;48;2;6;72;109m▘[38;2;6;71;109;48;2;7;74;111m▞[38;2;8;78;113;48;2;7;73;109m▘[38;2;12;78;113;48;2;9;72;108m▖[38;2;9;71;107;48;2;7;69;105m▞[38;2;9;73;107;48;2;7;71;105m▛[38;2;11;77;107;48;2;10;74;105m▀[38;2;11;75;105;48;2;15;78;107m▞[38;2;16;77;105;48;2;1;68;101m▌[38;2;148;165;161;48;2;231;222;195m▌[0m
 [38;2;230;221;193;48;2;128;152;150m▌[38;2;18;77;102;48;2;31;85;106m▌[38;2;27;81;105;48;2;33;86;109m▀[38;2;18;77;105;48;2;28;85;110m▝[38;2;27;85;113;48;2;19;81;111m▖[38;2;15;79;113;48;2;69;103;106m▛[38;2;20;84;116;48;2;74;94;83m▀[38;2;51;70;70;48;2;37;81;99m▝[38;2;58;70;65;48;2;29;79;103m▛[38;2;29;71;91;48;2;17;84;118m▘[38;2;20;88;121;48;2;18;83;117m▀[38;2;23;88;120;48;2;16;82;117m▖[38;2;17;83;118;48;2;42;91;116m▛[38;2;5;75;114;48;2;89;120;127m▀[38;2;26;77;108;48;2;158;156;137m▘[38;2;229;211;174;48;2;180;164;120m▀[38;2;210;192;152;48;2;184;170;127m▀[38;2;179;169;126;48;2;202;186;142m▖[38;2;197;181;138;48;2;168;160;123m▌[38;2;166;165;133;48;2;211;196;157m▀[38;2;156;161;141;48;2;220;205;167m▀[38;2;104;133;137;48;2;222;205;167m▀[38;2;78;114;124;48;2;13;78;116m▌[38;2;22;85;120;48;2;18;80;116m▌[38;2;11;78;115;48;2;16;84;120m▛[38;2;16;83;119;48;2;10;77;113m▖[38;2;13;79;115;48;2;9;77;114m▌[38;2;8;75;112;48;2;10;76;113m▌[38;2;9;74;112;48;2;8;76;113m▝[38;2;10;75;112;48;2;6;75;113m▛[38;2;8;72;110;48;2;12;81;119m▘[38;2;8;76;113;48;2;11;79;116m▌[38;2;16;86;121;48;2;15;82;118m▌[38;2;13;78;113;48;2;13;82;118m▛[38;2;13;78;114;48;2;11;81;117m▀[38;2;13;77;114;48;2;8;79;116m▀[38;2;11;78;116;48;2;7;76;113m▌[38;2;18;68;94;48;2;13;73;105m▝[38;2;15;75;110;48;2;11;78;115m▘[38;2;12;77;113;48;2;11;83;119m▀[38;2;13;77;112;48;2;13;67;94m▌[38;2;11;74;107;48;2;19;63;87m▌[38;2;22;62;84;48;2;16;74;103m▌[38;2;13;79;114;48;2;7;77;114m▛[38;2;11;77;112;48;2;8;81;118m▀[38;2;8;76;112;48;2;6;72;108m▌[38;2;5;74;111;48;2;5;71;108m▖[38;2;6;71;107;48;2;7;75;110m▘[38;2;7;72;108;48;2;5;73;108m▀[38;2;6;72;107;48;2;9;75;109m▛[38;2;9;76;110;48;2;7;73;108m▌[38;2;9;76;108;48;2;14;79;109m▌[38;2;17;79;107;48;2;25;81;104m▛[38;2;20;80;107;48;2;1;67;101m▌[38;2;141;160;156;48;2;232;223;195m▌[0m
 [38;2;228;220;192;48;2;136;153;146m▌[38;2;19;76;100;48;2;37;91;112m▌[38;2;25;84;110;48;2;74;106;112m▀[38;2;20;81;110;48;2;73;107;114m▀[38;2;56;101;116;48;2;24;79;105m▖[38;2;133;117;74;48;2;47;71;75m▝[38;2;120;119;88;48;2;23;81;108m▘[38;2;23;85;116;48;2;51;73;73m▘[38;2;33;76;93;48;2;20;87;117m▘[38;2;22;87;116;48;2;18;86;118m▛[38;2;23;88;119;48;2;19;86;118m▝[38;2;14;85;120;48;2;58;102;117m▌[38;2;130;135;114;48;2;181;176;146m▖[38;2;221;203;163;48;2;207;195;158m▀[38;2;230;213;172;48;2;191;179;141m▘[38;2;142;128;85;48;2;201;186;141m▌[38;2;219;205;172;48;2;186;176;133m▘[38;2;150;155;122;48;2;203;187;143m▘[38;2;215;203;169;48;2;179;165;116m▘[38;2;166;152;100;48;2;209;194;154m▘[38;2;192;181;148;48;2;216;201;163m▀[38;2;80;114;122;48;2;188;184;156m▀[38;2;16;87;124;48;2;34;82;88m▀[38;2;16;86;122;48;2;57;99;96m▀[38;2;14;84;121;48;2;68;104;97m▀[38;2;16;78;108;48;2;12;81;117m▖[38;2;13;82;118;48;2;12;80;117m▌[38;2;13;81;117;48;2;10;78;115m▌[38;2;10;78;115;48;2;7;76;114m▝[38;2;11;80;117;48;2;8;75;112m▌[38;2;15;68;98;48;2;11;83;120m▖[38;2;8;81;118;48;2;10;81;118m▛[38;2;12;86;122;48;2;11;80;118m▀[38;2;13;86;122;48;2;10;81;119m▝[38;2;8;79;117;48;2;12;83;120m▛[38;2;6;79;118;48;2;7;80;119m▀[38;2;5;78;117;48;2;12;62;89m▘[38;2;13;66;92;48;2;9;76;109m▌[38;2;9;77;110;48;2;10;71;102m▀[38;2;8;79;115;48;2;9;82;118m▘[38;2;7;77;112;48;2;10;83;120m▝[38;2;8;76;110;48;2;11;69;97m▌[38;2;7;74;108;48;2;9;80;117m▌[38;2;8;80;116;48;2;8;79;115m▞[38;2;9;80;117;48;2;11;81;117m▀[38;2;6;76;113;48;2;9;82;118m▛[38;2;9;77;114;48;2;5;72;109m▘[38;2;6;72;109;48;2;9;78;113m▀[38;2;4;70;107;48;2;6;73;109m▀[38;2;5;69;106;48;2;7;73;108m▀[38;2;8;74;108;48;2;8;72;107m▀[38;2;7;72;105;48;2;13;78;108m▌[38;2;15;78;105;48;2;19;79;103m▖[38;2;25;80;103;48;2;4;68;98m▌[38;2;136;158;155;48;2;232;223;196m▌[0m
 [38;2;227;218;191;48;2;156;170;159m▌[38;2;65;96;102;48;2;173;160;121m▌[38;2;207;189;146;48;2;178;162;118m▀[38;2;211;193;148;48;2;181;163;114m▀[38;2;172;163;127;48;2;208;191;149m▞[38;2;55;90;97;48;2;173;162;125m▀[38;2;29;77;94;48;2;164;159;128m▀[38;2;82;111;112;48;2;25;81;103m▖[38;2;22;91;122;48;2;26;92;123m▝[38;2;22;88;118;48;2;16;83;115m▌[38;2;21;86;115;48;2;25;75;95m▛[38;2;38;69;70;48;2;36;83;93m▝[38;2;103;132;105;48;2;49;95;99m▝[38;2;123;138;113;48;2;48;95;111m▀[38;2;208;188;142;48;2;149;154;133m▀[38;2;186;172;131;48;2;213;198;157m▖[38;2;201;186;146;48;2;207;194;152m▖[38;2;213;198;156;48;2;172;164;126m▀[38;2;162;157;119;48;2;120;138;95m▀[38;2;116;130;102;48;2;74;92;73m▛[38;2;182;177;139;48;2;97;130;105m▀[38;2;148;146;107;48;2;174;171;131m▖[38;2;115;118;93;48;2;198;185;144m▀[38;2;101;111;96;48;2;179;163;118m▀[38;2;20;72;93;48;2;159;166;150m▀[38;2;67;108;122;48;2;11;77;112m▖[38;2;9;76;112;48;2;13;82;119m▀[38;2;10;81;118;48;2;8;77;114m▖[38;2;7;74;112;48;2;8;80;117m▝[38;2;16;64;89;48;2;10;75;108m▝[38;2;26;55;71;48;2;14;75;105m▘[38;2;9;71;104;48;2;9;81;118m▌[38;2;10;78;115;48;2;11;81;117m▝[38;2;11;80;116;48;2;12;84;118m▀[38;2;8;77;114;48;2;8;81;117m▘[38;2;7;79;117;48;2;8;83;118m▀[38;2;13;61;85;48;2;9;77;112m▝[38;2;8;84;123;48;2;11;74;105m▝[38;2;11;77;109;48;2;11;83;119m▌[38;2;12;90;126;48;2;9;83;118m▘[38;2;14;88;122;48;2;8;83;118m▖[38;2;6;76;112;48;2;6;79;115m▝[38;2;7;70;101;48;2;5;78;113m▘[38;2;6;75;112;48;2;8;79;115m▖[38;2;6;82;118;48;2;8;80;116m▝[38;2;6;81;117;48;2;7;77;114m▀[38;2;5;76;112;48;2;5;73;109m▀[38;2;8;78;113;48;2;9;76;110m▘[38;2;7;74;109;48;2;9;76;111m▀[38;2;8;75;110;48;2;11;79;113m▛[38;2;10;77;111;48;2;12;79;113m▛[38;2;17;80;108;48;2;10;77;109m▝[38;2;20;80;105;48;2;24;82;105m▛[38;2;20;80;105;48;2;8;71;99m▌[38;2;138;156;151;48;2;230;222;195m▌[0m
 [38;2;221;216;192;48;2;193;187;159m▌[38;2;157;140;90;48;2;184;167;123m▌[38;2;191;174;132;48;2;158;151;114m▌[38;2;161;153;113;48;2;190;173;129m▌[38;2;186;170;124;48;2;163;145;92m▌[38;2;178;162;116;48;2;204;189;148m▖[38;2;193;180;138;48;2;209;193;154m▀[38;2;106;128;123;48;2;196;182;141m▝[38;2;101;126;116;48;2;36;93;116m▖[38;2;26;89;117;48;2;21;84;114m▘[38;2;25;89;117;48;2;21;88;117m▌[38;2;17;86;118;48;2;12;82;112m▛[38;2;9;79;113;48;2;17;84;115m▝[38;2;19;87;119;48;2;16;84;114m▀[38;2;10;74;109;48;2;18;86;115m▀[38;2;65;94;97;48;2;20;81;110m▝[38;2;84;108;87;48;2;36;75;84m▀[38;2;70;89;76;48;2;144;129;95m▖[38;2;166;156;117;48;2;195;179;137m▞[38;2;187;172;134;48;2;73;101;101m▛[38;2;58;85;73;48;2;70;108;92m▌[38;2;130;140;112;48;2;204;187;146m▌[38;2;171;159;112;48;2;196;185;146m▝[38;2;184;172;130;48;2;217;202;160m▛[38;2;139;147;130;48;2;0;68;107m▛[38;2;65;108;122;48;2;15;84;117m▘[38;2;13;83;115;48;2;11;77;111m▛[38;2;9;80;116;48;2;13;78;112m▀[38;2;12;82;118;48;2;14;80;113m▀[38;2;14;82;116;48;2;18;76;104m▌[38;2;25;67;88;48;2;17;68;93m▖[38;2;15;86;121;48;2;12;79;112m▝[38;2;15;86;120;48;2;17;83;115m▀[38;2;13;84;119;48;2;17;82;114m▀[38;2;15;81;114;48;2;10;78;111m▌[38;2;10;81;115;48;2;17;82;112m▀[38;2;10;80;114;48;2;7;73;104m▌[38;2;12;78;110;48;2;11;75;105m▝[38;2;9;70;100;48;2;8;75;108m▘[38;2;5;81;118;48;2;10;79;108m▀[38;2;11;83;118;48;2;11;78;106m▀[38;2;7;80;116;48;2;10;78;108m▀[38;2;9;80;116;48;2;6;76;110m▘[38;2;7;78;114;48;2;11;78;110m▀[38;2;7;77;113;48;2;10;76;109m▀[38;2;6;77;113;48;2;17;76;106m▀[38;2;5;71;108;48;2;12;71;101m▀[38;2;9;75;108;48;2;15;77;105m▀[38;2;10;77;109;48;2;18;78;105m▀[38;2;11;75;107;48;2;16;77;105m▀[38;2;12;76;108;48;2;15;75;104m▀[38;2;14;76;107;48;2;22;76;102m▘[38;2;28;79;101;48;2;29;82;106m▘[38;2;33;85;107;48;2;13;74;103m▌[38;2;133;154;152;48;2;231;222;194m▌[0m
 [38;2;220;215;191;48;2;201;196;171m▌[38;2;190;176;138;48;2;159;160;140m▀[38;2;133;143;131;48;2;171;161;126m▖[38;2;182;169;131;48;2;204;194;162m▀[38;2;188;174;135;48;2;199;188;157m▀[38;2;187;170;131;48;2;137;139;110m▌[38;2;110;131;108;48;2;62;93;84m▀[38;2;107;132;108;48;2;52;77;68m▀[38;2;123;152;122;48;2;68;96;78m▀[38;2;29;85;104;48;2;87;111;94m▝[38;2;43;81;93;48;2;23;84;110m▖[38;2;18;82;110;48;2;25;81;107m▀[38;2;17;80;109;48;2;27;82;108m▀[38;2;32;85;110;48;2;22;81;109m▖[38;2;26;81;107;48;2;39;78;90m▛[38;2;25;79;106;48;2;77;105;87m▀[38;2;51;76;75;48;2;91;116;89m▀[38;2;58;80;69;48;2;86;115;93m▌[38;2;123;149;121;48;2;61;94;100m▀[38;2;60;90;97;48;2;193;166;124m▛[38;2;57;76;65;48;2;175;162;121m▀[38;2;88;103;84;48;2;44;74;69m▞[38;2;131;149;117;48;2;57;88;82m▝[38;2;91;107;90;48;2;33;71;85m▛[38;2;102;131;111;48;2;60;75;66m▀[38;2;70;104;100;48;2;34;87;112m▌[38;2;20;78;108;48;2;26;83;112m▝[38;2;20;81;110;48;2;28;84;114m▀[38;2;20;81;109;48;2;26;84;113m▀[38;2;24;85;113;48;2;27;76;96m▌[38;2;23;61;77;48;2;27;74;94m▘[38;2;31;86;112;48;2;25;84;111m▞[38;2;26;84;112;48;2;23;82;110m▌[38;2;27;85;113;48;2;24;83;111m▝[38;2;23;82;110;48;2;28;86;115m▝[38;2;25;85;113;48;2;23;82;110m▞[38;2;24;84;112;48;2;22;78;103m▌[38;2;15;68;93;48;2;27;70;90m▀[38;2;15;73;98;48;2;28;79;105m▀[38;2;21;81;106;48;2;27;83;112m▀[38;2;18;78;104;48;2;33;84;110m▀[38;2;16;77;105;48;2;25;82;112m▀[38;2;15;78;107;48;2;24;84;113m▀[38;2;17;79;107;48;2;32;83;108m▀[38;2;26;74;96;48;2;38;58;68m▛[38;2;28;71;91;48;2;31;58;72m▌[38;2;27;60;77;48;2;21;72;98m▌[38;2;16;75;104;48;2;30;81;107m▀[38;2;18;73;101;48;2;25;73;99m▀[38;2;16;73;103;48;2;29;75;99m▀[38;2;18;74;102;48;2;25;79;105m▀[38;2;21;75;103;48;2;26;80;106m▀[38;2;36;82;105;48;2;27;79;104m▖[38;2;10;67;97;48;2;31;81;106m▝[38;2;130;150;149;48;2;231;223;196m▌[0m
 [38;2;221;213;186;48;2;177;182;167m▌[38;2;45;88;111;48;2;34;77;100m▝[38;2;42;86;109;48;2;91;98;98m▛[38;2;135;136;108;48;2;112;116;94m▝[38;2;133;136;106;48;2;111;116;89m▘[38;2;69;88;76;48;2;74;98;98m▀[38;2;115;128;103;48;2;42;79;91m▀[38;2;78;88;76;48;2;65;102;102m▀[38;2;120;102;77;48;2;55;83;90m▀[38;2;126;114;94;48;2;40;84;106m▀[38;2;50;84;97;48;2;33;86;110m▘[38;2;34;86;110;48;2;29;80;104m▀[38;2;40;85;108;48;2;46;69;70m▀[38;2;47;81;82;48;2;92;112;97m▌[38;2;165;155;121;48;2;208;181;137m▛[38;2;204;181;138;48;2;173;158;117m▖[38;2;161;140;99;48;2;91;98;91m▌[38;2;56;86;84;48;2;26;76;102m▀[38;2;47;74;81;48;2;39;75;94m▘[38;2;98;112;103;48;2;41;78;98m▝[38;2;119;117;99;48;2;65;90;83m▀[38;2;95;98;84;48;2;46;87;97m▀[38;2;123;119;94;48;2;64;86;84m▘[38;2;33;77;97;48;2;29;84;112m▌[38;2;25;73;100;48;2;27;83;109m▝[38;2;43;97;122;48;2;27;80;106m▝[38;2;27;86;116;48;2;22;80;108m▀[38;2;24;82;113;48;2;22;79;107m▀[38;2;28;84;116;48;2;27;82;109m▀[38;2;35;86;111;48;2;26;78;102m▀[38;2;38;59;66;48;2;30;71;87m▘[38;2;27;81;104;48;2;28;84;110m▖[38;2;27;83;112;48;2;21;80;107m▀[38;2;25;83;112;48;2;23;81;104m▀[38;2;26;85;112;48;2;16;76;101m▀[38;2;24;81;109;48;2;15;74;102m▀[38;2;23;81;108;48;2;30;77;94m▛[38;2;39;69;83;48;2;22;63;80m▀[38;2;42;78;96;48;2;23;70;90m▀[38;2;33;84;111;48;2;19;79;106m▀[38;2;34;84;111;48;2;15;77;107m▀[38;2;26;81;111;48;2;16;76;105m▀[38;2;25;82;113;48;2;15;74;104m▀[38;2;33;83;108;48;2;16;76;106m▀[38;2;31;75;100;48;2;14;73;103m▀[38;2;32;75;98;48;2;31;63;81m▘[38;2;33;79;103;48;2;24;69;93m▝[38;2;32;84;111;48;2;26;77;104m▘[38;2;25;79;106;48;2;23;79;109m▖[38;2;27;83;110;48;2;24;79;107m▝[38;2;30;83;109;48;2;26;79;105m▛[38;2;21;75;103;48;2;27;80;106m▝[38;2;23;75;102;48;2;23;78;104m▘[38;2;32;85;109;48;2;13;75;106m▌[38;2;128;150;149;48;2;230;222;194m▌[0m
 [38;2;218;212;186;48;2;205;201;177m▖[38;2;88;107;104;48;2;158;137;104m▛[38;2;141;126;96;48;2;178;147;106m▘[38;2;195;173;132;48;2;181;159;121m▘[38;2;190;171;132;48;2;122;134;108m▛[38;2;138;138;109;48;2;194;173;134m▖[38;2;111;125;118;48;2;165;155;123m▝[38;2;66;98;109;48;2;135;141;108m▀[38;2;50;88;89;48;2;32;83;104m▖[38;2;29;83;108;48;2;23;83;108m▀[38;2;31;82;106;48;2;25;83;108m▀[38;2;28;78;103;48;2;22;81;106m▀[38;2;52;67;56;48;2;27;75;94m▝[38;2;91;119;97;48;2;31;77;91m▀[38;2;78;104;101;48;2;11;77;107m▀[38;2;113;116;92;48;2;19;72;91m▀[38;2;118;128;100;48;2;31;78;92m▘[38;2;27;79;106;48;2;17;79;109m▀[38;2;29;81;107;48;2;17;79;107m▀[38;2;155;129;104;48;2;47;87;102m▝[38;2;181;163;115;48;2;141;132;112m▀[38;2;25;84;110;48;2;129;123;94m▝[38;2;67;99;100;48;2;13;77;108m▖[38;2;20;80;107;48;2;12;81;111m▀[38;2;18;78;107;48;2;10;76;107m▀[38;2;9;74;105;48;2;17;78;107m▖[38;2;15;74;103;48;2;16;80;109m▘[38;2;20;79;106;48;2;13;79;110m▀[38;2;16;79;107;48;2;26;75;100m▌[38;2;43;66;81;48;2;35;73;93m▀[38;2;41;77;95;48;2;44;68;82m▖[38;2;42;63;74;48;2;26;76;97m▌[38;2;15;82;110;48;2;15;79;106m▖[38;2;11;76;107;48;2;14;78;107m▖[38;2;15;80;111;48;2;11;75;105m▖[38;2;10;75;106;48;2;9;72;104m▌[38;2;11;76;105;48;2;7;73;105m▀[38;2;11;75;105;48;2;8;77;108m▀[38;2;8;76;107;48;2;13;78;109m▛[38;2;11;79;110;48;2;12;76;108m▝[38;2;9;79;109;48;2;11;78;109m▝[38;2;6;72;104;48;2;9;77;108m▝[38;2;10;73;104;48;2;10;76;108m▀[38;2;11;75;107;48;2;9;73;104m▞[38;2;12;77;108;48;2;19;73;98m▌[38;2;30;59;74;48;2;14;66;90m▀[38;2;14;67;93;48;2;10;74;105m▌[38;2;19;76;104;48;2;9;72;104m▀[38;2;24;78;104;48;2;11;75;107m▀[38;2;17;72;101;48;2;8;70;103m▘[38;2;17;73;102;48;2;10;69;102m▀[38;2;18;76;102;48;2;12;72;101m▀[38;2;20;75;100;48;2;19;74;95m▀[38;2;35;82;100;48;2;18;70;90m▌[38;2;114;136;134;48;2;229;221;194m▌[0m
 [38;2;220;214;189;48;2;200;198;176m▌[38;2;90;113;98;48;2;51;89;100m▖[38;2;135;126;98;48;2;34;68;78m▀[38;2;156;141;101;48;2;75;88;73m▀[38;2;118;116;96;48;2;154;127;93m▞[38;2;56;90;76;48;2;50;72;65m▛[38;2;73;92;69;48;2;128;139;86m▛[38;2;46;86;87;48;2;136;131;104m▀[38;2;26;83;103;48;2;138;137;120m▀[38;2;70;114;122;48;2;21;88;115m▖[38;2;21;86;115;48;2;16;84;112m▖[38;2;16;86;115;48;2;11;80;110m▘[38;2;11;80;109;48;2;15;85;115m▌[38;2;17;86;115;48;2;13;82;112m▖[38;2;14;83;112;48;2;11;81;111m▞[38;2;14;85;116;48;2;12;83;112m▝[38;2;17;85;113;48;2;14;84;115m▝[38;2;18;87;117;48;2;14;82;114m▌[38;2;15;83;113;48;2;9;78;109m▀[38;2;7;80;112;48;2;13;82;112m▝[38;2;36;88;108;48;2;133;139;115m▌[38;2;163;156;117;48;2;132;127;100m▛[38;2;38;75;87;48;2;3;76;114m▌[38;2;9;80;112;48;2;7;76;111m▀[38;2;10;78;110;48;2;6;72;106m▘[38;2;11;81;113;48;2;7;76;109m▝[38;2;9;79;111;48;2;11;82;114m▞[38;2;8;80;113;48;2;5;74;109m▌[38;2;13;74;105;48;2;32;68;87m▛[38;2;16;77;106;48;2;32;73;94m▀[38;2;24;81;106;48;2;35;76;96m▀[38;2;14;76;106;48;2;32;71;89m▀[38;2;9;79;110;48;2;12;83;114m▀[38;2;9;76;108;48;2;9;80;113m▀[38;2;8;77;109;48;2;8;80;113m▀[38;2;6;70;104;48;2;8;77;110m▝[38;2;8;75;107;48;2;11;81;112m▘[38;2;12;78;109;48;2;7;76;107m▖[38;2;11;79;110;48;2;6;75;107m▝[38;2;12;78;109;48;2;6;76;108m▀[38;2;7;76;108;48;2;9;79;112m▌[38;2;10;76;108;48;2;10;80;113m▝[38;2;11;78;111;48;2;7;78;112m▛[38;2;9;73;107;48;2;10;78;111m▀[38;2;10;76;109;48;2;8;76;110m▀[38;2;10;80;113;48;2;9;77;111m▖[38;2;11;78;111;48;2;9;73;106m▌[38;2;8;70;105;48;2;9;74;108m▝[38;2;8;73;107;48;2;4;68;104m▛[38;2;7;70;105;48;2;11;74;109m▛[38;2;13;75;109;48;2;9;72;106m▖[38;2;12;76;105;48;2;13;78;109m▀[38;2;12;76;105;48;2;14;76;101m▖[38;2;19;80;105;48;2;2;68;98m▌[38;2;100;130;133;48;2;229;220;192m▌[0m
 [38;2;222;215;190;48;2;193;194;173m▌[38;2;82;105;90;48;2;35;83;100m▀[38;2;82;106;91;48;2;125;114;73m▛[38;2;66;79;70;48;2;114;117;81m▀[38;2;22;67;83;48;2;78;92;74m▀[38;2;57;82;85;48;2;166;145;117m▌[38;2;185;157;117;48;2;199;182;147m▘[38;2;223;198;160;48;2;157;145;114m▀[38;2;209;182;139;48;2;99;112;105m▀[38;2;223;192;145;48;2;76;104;107m▘[38;2;7;79;115;48;2;13;83;115m▘[38;2;12;82;113;48;2;15;85;115m▌[38;2;14;83;113;48;2;8;85;120m▛[38;2;14;84;113;48;2;12;87;122m▀[38;2;12;83;115;48;2;12;85;118m▘[38;2;9;82;116;48;2;12;85;118m▝[38;2;10;81;114;48;2;13;74;105m▛[38;2;23;55;69;48;2;9;74;106m▖[38;2;10;75;108;48;2;11;82;115m▀[38;2;34;86;105;48;2;151;145;112m▛[38;2;162;158;124;48;2;174;169;134m▀[38;2;154;149;115;48;2;64;81;78m▌[38;2;15;76;107;48;2;11;83;118m▘[38;2;12;82;117;48;2;6;78;113m▖[38;2;7;76;110;48;2;8;79;113m▘[38;2;7;76;110;48;2;6;78;111m▀[38;2;6;79;113;48;2;8;80;114m▝[38;2;8;80;114;48;2;4;78;114m▛[38;2;17;76;105;48;2;33;74;95m▌[38;2;27;74;96;48;2;34;75;95m▖[38;2;32;73;94;48;2;28;80;103m▛[38;2;33;78;99;48;2;28;78;101m▘[38;2;14;86;115;48;2;10;82;113m▀[38;2;7;79;112;48;2;11;83;114m▖[38;2;6;78;111;48;2;11;79;112m▀[38;2;5;76;110;48;2;6;77;112m▝[38;2;10;80;111;48;2;8;79;112m▝[38;2;9;81;113;48;2;9;79;111m▖[38;2;5;76;110;48;2;6;79;113m▛[38;2;5;77;110;48;2;6;79;113m▘[38;2;11;82;114;48;2;6;78;111m▖[38;2;7;79;113;48;2;5;76;110m▝[38;2;8;77;110;48;2;8;78;111m▖[38;2;7;77;111;48;2;5;74;109m▀[38;2;9;80;114;48;2;4;72;108m▘[38;2;7;75;110;48;2;5;71;107m▀[38;2;7;73;109;48;2;8;76;111m▞[38;2;7;74;110;48;2;5;71;108m▌[38;2;4;71;107;48;2;6;73;108m▌[38;2;7;71;106;48;2;4;70;106m▀[38;2;4;70;106;48;2;8;74;108m▖[38;2;9;75;108;48;2;10;79;111m▀[38;2;8;75;105;48;2;10;78;109m▀[38;2;16;78;105;48;2;9;71;97m▌[38;2;97;127;129;48;2;226;219;192m▌[0m
 [38;2;223;217;191;48;2;186;189;171m▌[38;2;33;85;107;48;2;72;100;89m▘[38;2;34;66;66;48;2;76;101;80m▖[38;2;107;133;100;48;2;47;86;84m▖[38;2;47;85;91;48;2;21;85;111m▝[38;2;116;126;95;48;2;41;83;90m▝[38;2;140;154;120;48;2;77;106;92m▘[38;2;65;98;87;48;2;58;79;66m▞[38;2;30;82;94;48;2;61;89;80m▝[38;2;25;58;73;48;2;12;75;104m▖[38;2;21;87;118;48;2;6;78;116m▀[38;2;12;83;117;48;2;19;87;118m▞[38;2;43;88;103;48;2;143;127;84m▛[38;2;170;158;111;48;2;57;97;105m▖[38;2;5;75;110;48;2;15;86;119m▖[38;2;13;83;116;48;2;4;78;115m▀[38;2;23;79;106;48;2;102;100;79m▛[38;2;37;68;79;48;2;13;83;118m▌[38;2;40;89;108;48;2;156;151;119m▛[38;2;142;136;102;48;2;156;148;108m▘[38;2;162;156;119;48;2;145;140;104m▝[38;2;78;86;76;48;2;14;79;111m▌[38;2;18;88;122;48;2;10;79;114m▘[38;2;7;79;115;48;2;5;75;109m▀[38;2;8;79;113;48;2;6;77;112m▌[38;2;7;77;112;48;2;12;82;117m▛[38;2;6;78;113;48;2;12;82;116m▀[38;2;8;80;114;48;2;7;77;113m▌[38;2;8;79;114;48;2;7;77;112m▖[38;2;8;80;113;48;2;12;82;116m▀[38;2;10;84;115;48;2;9;84;120m▀[38;2;12;85;118;48;2;7;78;111m▛[38;2;7;81;119;48;2;21;78;98m▀[38;2;18;75;97;48;2;7;79;113m▖[38;2;9;82;117;48;2;8;79;114m▞[38;2;8;81;115;48;2;13;82;115m▀[38;2;11;82;114;48;2;9;77;111m▛[38;2;11;82;115;48;2;13;78;107m▛[38;2;5;82;116;48;2;14;76;99m▀[38;2;9;79;112;48;2;0;74;109m▀[38;2;0;75;107;48;2;7;79;113m▖[38;2;5;77;111;48;2;9;76;109m▀[38;2;7;78;112;48;2;7;76;110m▛[38;2;4;74;110;48;2;6;77;112m▀[38;2;7;79;115;48;2;7;79;113m▘[38;2;3;72;108;48;2;6;74;110m▘[38;2;6;77;111;48;2;6;76;110m▝[38;2;5;74;109;48;2;4;71;107m▘[38;2;3;70;107;48;2;5;71;108m▌[38;2;7;74;110;48;2;6;72;107m▘[38;2;5;72;107;48;2;8;76;108m▛[38;2;8;75;108;48;2;7;74;106m▀[38;2;17;83;112;48;2;10;76;106m▝[38;2;15;80;107;48;2;4;70;99m▌[38;2;88;122;128;48;2;225;218;191m▌[0m
 [38;2;220;216;192;48;2;202;196;171m▌[38;2;172;154;104;48;2;147;118;86m▀[38;2;125;119;86;48;2;69;98;78m▌[38;2;115;142;106;48;2;72;92;73m▌[38;2;50;77;65;48;2;67;105;95m▌[38;2;31;93;115;48;2;108;136;112m▀[38;2;91;127;117;48;2;20;84;111m▖[38;2;27;76;97;48;2;20;86;115m▝[38;2;114;112;78;48;2;63;91;93m▀[38;2;54;90;93;48;2;79;84;65m▝[38;2;65;104;111;48;2;77;85;72m▀[38;2;87;106;99;48;2;48;77;81m▀[38;2;160;146;105;48;2;172;165;127m▌[38;2;77;101;97;48;2;169;161;121m▝[38;2;15;77;105;48;2;111;122;103m▀[38;2;66;102;107;48;2;176;151;99m▀[38;2;141;139;107;48;2;177;168;127m▀[38;2;97;103;84;48;2;164;159;122m▘[38;2;163;154;114;48;2;170;162;124m▝[38;2;145;139;102;48;2;165;159;121m▘[38;2;159;151;112;48;2;114;110;82m▘[38;2;85;80;61;48;2;35;79;97m▌[38;2;10;81;117;48;2;14;81;115m▌[38;2;12;81;116;48;2;13;78;112m▛[38;2;12;82;117;48;2;10;75;110m▀[38;2;12;85;119;48;2;9;76;112m▀[38;2;12;84;117;48;2;6;76;112m▀[38;2;7;76;113;48;2;9;80;115m▖[38;2;11;79;114;48;2;14;87;124m▛[38;2;10;76;110;48;2;24;77;101m▌[38;2;27;85;99;48;2;57;94;93m▀[38;2;62;91;97;48;2;136;126;97m▀[38;2;110;124;97;48;2;158;137;101m▀[38;2;29;77;90;48;2;173;172;146m▀[38;2;29;84;107;48;2;184;175;142m▀[38;2;9;83;119;48;2;116;137;129m▀[38;2;8;84;119;48;2;62;108;121m▀[38;2;20;83;107;48;2;86;103;90m▀[38;2;110;132;104;48;2;65;91;75m▌[38;2;77;97;97;48;2;163;147;105m▀[38;2;188;142;98;48;2;69;87;86m▖[38;2;2;80;116;48;2;50;93;109m▀[38;2;14;79;110;48;2;9;82;117m▞[38;2;8;78;111;48;2;9;82;116m▀[38;2;9;77;111;48;2;12;82;115m▀[38;2;7;76;110;48;2;10;80;113m▝[38;2;11;82;115;48;2;6;77;112m▖[38;2;11;81;116;48;2;6;73;110m▖[38;2;4;69;105;48;2;5;73;108m▝[38;2;5;71;106;48;2;5;74;109m▀[38;2;7;71;104;48;2;8;74;106m▘[38;2;11;77;107;48;2;9;75;105m▞[38;2;10;75;104;48;2;13;77;104m▘[38;2;14;76;104;48;2;1;69;101m▌[38;2;72;115;126;48;2;224;217;192m▌[0m
 [38;2;218;213;188;48;2;199;194;165m▌[38;2;91;94;72;48;2;180;157;108m▀[38;2;43;70;61;48;2;89;102;84m▀[38;2;106;131;101;48;2;74;88;70m▀[38;2;51;75;66;48;2;53;84;90m▀[38;2;91;108;88;48;2;178;155;122m▛[38;2;129;138;109;48;2;47;91;102m▛[38;2;24;83;104;48;2;19;86;115m▌[38;2;13;80;113;48;2;20;85;113m▀[38;2;25;78;100;48;2;15;83;112m▀[38;2;68;89;77;48;2;28;82;103m▀[38;2;58;68;58;48;2;41;83;96m▀[38;2;109;111;84;48;2;69;80;65m▞[38;2;129;124;91;48;2;67;77;60m▀[38;2;188;175;129;48;2;109;114;86m▀[38;2;98;101;76;48;2;172;152;104m▖[38;2;187;178;136;48;2;169;158;115m▝[38;2;178;169;128;48;2;186;176;133m▞[38;2;173;165;123;48;2;181;170;126m▝[38;2;173;164;118;48;2;146;138;93m▌[38;2;176;168;129;48;2;155;145;105m▝[38;2;83;85;68;48;2;20;73;96m▌[38;2;16;85;119;48;2;14;79;112m▌[38;2;18;82;115;48;2;13;77;112m▘[38;2;14;77;111;48;2;10;77;113m▛[38;2;12;76;111;48;2;9;76;112m▀[38;2;11;77;112;48;2;14;82;117m▖[38;2;14;82;117;48;2;18;84;117m▌[38;2;25;83;113;48;2;85;77;78m▛[38;2;145;130;113;48;2;204;164;130m▀[38;2;82;94;76;48;2;173;159;118m▀[38;2;115;123;100;48;2;225;205;169m▀[38;2;120;128;110;48;2;202;188;154m▘[38;2;125;111;58;48;2;188;173;127m▖[38;2;212;198;161;48;2;175;163;118m▖[38;2;159;157;122;48;2;208;190;142m▖[38;2;204;187;139;48;2;163;145;89m▞[38;2;219;202;163;48;2;201;188;151m▘[38;2;175;167;132;48;2;126;132;106m▛[38;2;82;96;68;48;2;121;138;107m▝[38;2;72;87;66;48;2;120;146;118m▀[38;2;158;132;98;48;2;82;102;84m▝[38;2;112;97;82;48;2;51;82;83m▘[38;2;27;72;88;48;2;20;83;111m▌[38;2;18;87;119;48;2;14;81;114m▘[38;2;15;84;116;48;2;14;80;112m▘[38;2;14;82;115;48;2;8;74;110m▀[38;2;9;78;113;48;2;12;81;116m▛[38;2;9;77;111;48;2;13;83;118m▀[38;2;7;75;110;48;2;14;80;113m▛[38;2;9;76;108;48;2;8;73;106m▌[38;2;13;79;110;48;2;10;75;105m▘[38;2;12;76;104;48;2;14;77;106m▞[38;2;19;80;107;48;2;2;71;103m▌[38;2;62;108;123;48;2;220;214;188m▌[0m
 [38;2;218;213;189;48;2;202;196;171m▌[38;2;184;160;113;48;2;138;143;107m▀[38;2;165;147;105;48;2;72;93;82m▀[38;2;87;104;80;48;2;73;98;78m▀[38;2;78;102;82;48;2;39;81;88m▌[38;2;52;89;94;48;2;128;136;95m▀[38;2;16;79;108;48;2;128;137;105m▀[38;2;128;130;119;48;2;24;84;112m▖[38;2;18;85;114;48;2;27;92;117m▀[38;2;14;83;113;48;2;20;86;114m▌[38;2;17;84;113;48;2;40;75;88m▛[38;2;63;88;93;48;2;162;124;87m▘[38;2;135;123;92;48;2;172;143;103m▝[38;2;140;133;101;48;2;183;158;114m▀[38;2;122;121;93;48;2;184;167;126m▀[38;2;118;111;78;48;2;169;155;114m▀[38;2;115;111;80;48;2;79;88;68m▌[38;2;148;148;112;48;2;93;100;77m▝[38;2;196;183;138;48;2;146;144;108m▀[38;2;177;161;103;48;2;168;154;95m▘[38;2;159;149;95;48;2;179;168;110m▀[38;2;78;88;69;48;2;23;74;96m▌[38;2;16;82;117;48;2;14;76;111m▌[38;2;12;76;111;48;2;9;74;110m▌[38;2;10;74;110;48;2;12;77;114m▛[38;2;10;76;113;48;2;11;81;117m▛[38;2;10;78;114;48;2;12;81;116m▘[38;2;18;85;119;48;2;21;89;123m▛[38;2;18;81;112;48;2;44;72;75m▛[38;2;64;88;85;48;2;88;124;107m▛[38;2;91;104;88;48;2;112;144;121m▘[38;2;147;157;127;48;2;81;112;93m▀[38;2;75;107;88;48;2;151;153;121m▖[38;2;161;147;103;48;2;224;208;169m▀[38;2;175;159;106;48;2;201;184;145m▀[38;2;209;190;152;48;2;185;166;116m▖[38;2;164;152;107;48;2;189;175;134m▌[38;2;212;198;163;48;2;196;179;141m▀[38;2;214;202;167;48;2;191;164;126m▀[38;2;153;149;113;48;2;108;130;103m▌[38;2;96;117;97;48;2;58;91;88m▌[38;2;23;84;110;48;2;15;85;119m▛[38;2;32;80;96;48;2;12;81;117m▀[38;2;29;74;89;48;2;16;84;117m▘[38;2;17;84;115;48;2;9;76;112m▀[38;2;15;76;104;48;2;71;106;98m▌[38;2;62;99;92;48;2;129;153;123m▀[38;2;18;68;80;48;2;124;135;113m▀[38;2;13;65;86;48;2;126;128;105m▀[38;2;8;68;95;48;2;111;119;101m▀[38;2;28;72;92;48;2;14;79;110m▖[38;2;15;78;106;48;2;1;68;102m▀[38;2;19;79;106;48;2;4;70;104m▀[38;2;19;81;108;48;2;5;72;105m▌[38;2;56;104;121;48;2;217;211;185m▌[0m
 [38;2;221;216;190;48;2;183;184;164m▌[38;2;110;124;94;48;2;44;77;85m▀[38;2;59;92;87;48;2;37;81;98m▘[38;2;35;79;96;48;2;51;72;64m▖[38;2;104;122;93;48;2;51;88;90m▀[38;2;208;177;136;48;2;115;105;77m▝[38;2;218;191;146;48;2;95;98;88m▀[38;2;163;147;108;48;2;33;71;82m▀[38;2;112;136;108;48;2;45;70;70m▀[38;2;68;97;89;48;2;27;78;93m▌[38;2;18;80;107;48;2;69;73;72m▌[38;2;153;101;65;48;2;164;113;77m▖[38;2;170;126;86;48;2;158;112;77m▀[38;2;176;142;100;48;2;168;125;86m▀[38;2;180;156;115;48;2;176;141;101m▀[38;2;180;153;113;48;2;180;161;121m▖[38;2;167;159;120;48;2;184;168;126m▝[38;2;183;167;126;48;2;112;112;84m▖[38;2;61;81;66;48;2;105;113;84m▘[38;2;174;158;99;48;2;136;134;91m▀[38;2;168;155;99;48;2;58;90;90m▀[38;2;59;94;97;48;2;8;78;116m▘[38;2;14;77;112;48;2;12;79;115m▀[38;2;10;72;108;48;2;14;79;114m▀[38;2;9;74;110;48;2;12;79;114m▘[38;2;9;76;112;48;2;12;79;114m▘[38;2;11;79;115;48;2;14;81;115m▘[38;2;13;82;118;48;2;37;94;118m▛[38;2;13;73;105;48;2;52;101;119m▀[38;2;48;97;118;48;2;188;176;149m▛[38;2;53;99;114;48;2;180;166;129m▀[38;2;95;108;92;48;2;218;201;162m▀[38;2;123;142;124;48;2;202;192;162m▀[38;2;132;135;115;48;2;40;59;52m▛[38;2;172;170;136;48;2;93;125;107m▀[38;2;151;165;133;48;2;83;111;95m▀[38;2;110;124;103;48;2;199;182;144m▌[38;2;178;146;111;48;2;198;170;130m▝[38;2;211;188;150;48;2;189;171;138m▞[38;2;203;177;138;48;2;90;106;100m▀[38;2;173;167;141;48;2;50;92;107m▀[38;2;116;133;129;48;2;25;83;110m▘[38;2;18;85;120;48;2;28;79;97m▀[38;2;7;77;113;48;2;102;119;116m▀[38;2;59;106;120;48;2;202;183;147m▀[38;2;58;94;98;48;2;179;165;129m▀[38;2;72;97;93;48;2;183;171;137m▘[38;2;146;130;77;48;2;192;175;136m▖[38;2;195;177;135;48;2;160;150;114m▛[38;2;178;168;132;48;2;205;185;140m▖[38;2;85;111;116;48;2;175;159;119m▝[38;2;122;133;124;48;2;188;171;133m▀[38;2;69;99;104;48;2;182;165;127m▀[38;2;128;129;112;48;2;19;74;100m▖[38;2;54;102;121;48;2;216;210;185m▌[0m
 [38;2;221;215;189;48;2;181;185;169m▌[38;2;27;78;100;48;2;35;83;103m▛[38;2;44;81;96;48;2;33;83;103m▝[38;2;35;72;85;48;2;104;115;101m▛[38;2;65;88;89;48;2;179;154;117m▀[38;2;149;142;98;48;2;206;183;144m▀[38;2;171;152;120;48;2;215;194;153m▀[38;2;100;122;112;48;2;199;173;133m▀[38;2;141;137;108;48;2;48;88;91m▖[38;2;16;85;117;48;2;28;71;85m▀[38;2;16;75;101;48;2;20;84;113m▖[38;2;133;94;66;48;2;36;80;99m▝[38;2;159;106;69;48;2;72;81;83m▀[38;2;124;92;69;48;2;159;111;76m▖[38;2;173;129;92;48;2;155;113;79m▝[38;2;176;140;101;48;2;157;120;84m▀[38;2;170;142;103;48;2;175;149;111m▛[38;2;163;141;98;48;2;188;167;127m▀[38;2;192;170;132;48;2;115;111;79m▖[38;2;85;122;109;48;2;36;79;95m▀[38;2;67;96;87;48;2;41;91;108m▀[38;2;55;96;102;48;2;89;118;108m▛[38;2;34;70;80;48;2;83;102;88m▀[38;2;5;68;101;48;2;71;110;107m▀[38;2;13;79;111;48;2;12;62;84m▛[38;2;12;79;114;48;2;10;75;106m▀[38;2;18;83;117;48;2;30;77;88m▀[38;2;208;187;151;48;2;134;140;121m▝[38;2;214;193;158;48;2;187;170;139m▀[38;2;208;187;147;48;2;158;139;87m▌[38;2;180;157;108;48;2;211;183;147m▛[38;2;174;159;115;48;2;186;170;126m▌[38;2;204;183;139;48;2;175;155;101m▛[38;2;158;147;111;48;2;219;200;161m▞[38;2;54;85;94;48;2;203;189;154m▀[38;2;15;65;87;48;2;104;131;130m▀[38;2;106;127;126;48;2;17;79;108m▝[38;2;116;134;128;48;2;0;72;112m▀[38;2;122;131;119;48;2;3;72;109m▀[38;2;54;80;79;48;2;27;85;110m▀[38;2;11;71;101;48;2;45;73;76m▝[38;2;43;85;99;48;2;12;80;115m▝[38;2;91;115;97;48;2;32;83;100m▀[38;2;178;146;108;48;2;90;115;96m▀[38;2;168;139;99;48;2;90;113;91m▀[38;2;87;100;92;48;2;154;154;128m▌[38;2;165;161;133;48;2;200;184;147m▖[38;2;188;172;129;48;2;214;198;162m▀[38;2;211;194;156;48;2;184;168;124m▖[38;2;190;173;127;48;2;205;189;150m▀[38;2;175;160;117;48;2;216;201;165m▀[38;2;133;129;102;48;2;215;199;161m▀[38;2;52;73;72;48;2;115;117;92m▀[38;2;133;131;98;48;2;39;72;81m▖[38;2;53;96;114;48;2;212;208;185m▌[0m
 [38;2;222;215;190;48;2;184;188;171m▌[38;2;26;77;99;48;2;31;84;107m▛[38;2;35;80;100;48;2;83;92;82m▌[38;2;112;114;88;48;2;179;162;119m▖[38;2;210;186;143;48;2;118;122;95m▀[38;2;156;144;111;48;2;50;76;70m▀[38;2;127;128;100;48;2;39;62;55m▀[38;2;157;156;121;48;2;80;106;87m▀[38;2;56;86;88;48;2;17;74;100m▘[38;2;24;82;106;48;2;13;86;122m▀[38;2;15;81;112;48;2;13;83;116m▘[38;2;16;84;117;48;2;15;82;113m▀[38;2;11;81;115;48;2;18;82;114m▀[38;2;120;118;101;48;2;19;81;111m▝[38;2;201;164;121;48;2;74;93;98m▀[38;2;216;179;137;48;2;158;114;90m▀[38;2;217;181;141;48;2;189;116;82m▀[38;2;223;178;136;48;2;158;100;68m▀[38;2;195;149;112;48;2;102;89;64m▘[38;2;94;84;64;48;2;45;74;84m▌[38;2;16;85;121;48;2;11;78;113m▌[38;2;8;74;111;48;2;17;80;113m▀[38;2;10;70;105;48;2;13;77;109m▘[38;2;73;110;110;48;2;5;76;114m▀[38;2;54;92;96;48;2;108;133;114m▞[38;2;54;86;87;48;2;94;116;105m▀[38;2;110;128;105;48;2;96;108;86m▞[38;2;126;145;115;48;2;101;109;87m▀[38;2;196;178;144;48;2;105;110;85m▀[38;2;216;196;161;48;2;160;153;120m▀[38;2;199;181;140;48;2;185;168;127m▌[38;2;180;161;118;48;2;206;183;137m▖[38;2;192;171;122;48;2;202;181;137m▝[38;2;193;175;137;48;2;208;186;143m▞[38;2;121;125;108;48;2;3;64;92m▛[38;2;40;92;113;48;2;9;81;115m▀[38;2;13;80;113;48;2;11;81;117m▀[38;2;16;84;115;48;2;13;83;116m▀[38;2;16;83;115;48;2;11;79;111m▌[38;2;5;81;119;48;2;15;80;110m▝[38;2;21;79;102;48;2;73;90;79m▌[38;2;15;66;88;48;2;64;77;67m▀[38;2;38;74;84;48;2;23;74;96m▞[38;2;48;89;99;48;2;24;73;94m▀[38;2;47;78;83;48;2;26;78;104m▀[38;2;18;60;80;48;2;54;82;82m▞[38;2;116;117;103;48;2;55;83;82m▝[38;2;132;131;109;48;2;50;81;78m▀[38;2;133;135;112;48;2;177;171;141m▌[38;2;169;164;129;48;2;193;185;151m▀[38;2;168;161;130;48;2;141;140;112m▖[38;2;146;143;107;48;2;98;96;65m▛[38;2;194;166;123;48;2;148;134;99m▀[38;2;192;162;119;48;2;142;120;86m▀[38;2;146;131;105;48;2;207;203;180m▌[0m
 [38;2;221;214;189;48;2;189;191;174m▌[38;2;28;82;104;48;2;22;74;97m▀[38;2;37;59;63;48;2;29;80;102m▝[38;2;79;104;88;48;2;30;74;89m▀[38;2;42;79;93;48;2;132;121;96m▌[38;2;165;143;108;48;2;136;127;92m▖[38;2;103;104;86;48;2;41;77;86m▛[38;2;99;118;94;48;2;56;90;91m▘[38;2;52;83;83;48;2;139;120;79m▛[38;2;47;87;97;48;2;168;132;88m▀[38;2;166;136;107;48;2;25;80;106m▖[38;2;13;81;115;48;2;16;81;113m▛[38;2;15;80;111;48;2;15;81;113m▞[38;2;14;81;114;48;2;13;79;113m▀[38;2;4;77;113;48;2;17;82;113m▀[38;2;10;73;105;48;2;14;82;114m▀[38;2;53;68;75;48;2;24;81;110m▝[38;2;128;117;73;48;2;99;97;72m▞[38;2;119;117;86;48;2;29;85;108m▀[38;2;41;83;100;48;2;12;81;115m▘[38;2;15;81;114;48;2;12;77;110m▛[38;2;13;80;113;48;2;10;73;107m▀[38;2;12;79;112;48;2;13;76;108m▀[38;2;13;82;116;48;2;25;77;95m▀[38;2;3;74;112;48;2;70;93;86m▀[38;2;6;76;113;48;2;135;127;109m▀[38;2;13;71;97;48;2;115;118;90m▀[38;2;17;77;106;48;2;93;108;92m▘[38;2;165;140;107;48;2;127;124;101m▀[38;2;113;116;81;48;2;62;98;95m▛[38;2;106;118;86;48;2;54;80;72m▀[38;2;77;105;85;48;2;134;132;98m▖[38;2;177;151;109;48;2;105;120;94m▀[38;2;107;133;115;48;2;70;92;87m▝[38;2;48;74;71;48;2;87;105;87m▝[38;2;32;78;95;48;2;61;83;77m▀[38;2;49;89;94;48;2;36;82;96m▝[38;2;44;79;87;48;2;19;78;103m▀[38;2;45;80;87;48;2;13;80;111m▀[38;2;50;80;83;48;2;24;79;103m▀[38;2;52;77;80;48;2;13;78;110m▀[38;2;24;77;100;48;2;12;80;113m▀[38;2;17;83;115;48;2;18;80;109m▞[38;2;20;84;116;48;2;14;80;113m▞[38;2;50;97;118;48;2;206;187;154m▛[38;2;118;131;120;48;2;222;195;158m▀[38;2;177;175;139;48;2;209;186;152m▀[38;2;174;167;130;48;2;139;118;58m▛[38;2;179;159;109;48;2;205;185;145m▛[38;2;196;178;129;48;2;166;158;116m▛[38;2;204;184;136;48;2;193;174;127m▛[38;2;159;146;96;48;2;193;175;128m▞[38;2;149;145;112;48;2;197;180;139m▀[38;2;68;85;79;48;2;171;165;136m▀[38;2;53;94;111;48;2;209;206;183m▌[0m
 [38;2;220;213;189;48;2;190;192;174m▌[38;2;30;81;102;48;2;23;79;102m▌[38;2;24;77;98;48;2;25;81;105m▀[38;2;23;78;102;48;2;20;78;104m▛[38;2;14;67;92;48;2;21;80;106m▝[38;2;34;50;53;48;2;21;67;86m▘[38;2;47;88;92;48;2;162;139;91m▛[38;2;54;87;87;48;2;191;171;126m▀[38;2;37;79;100;48;2;175;159;127m▀[38;2;104;110;99;48;2;69;92;101m▖[38;2;54;92;109;48;2;14;76;107m▘[38;2;13;78;110;48;2;16;80;112m▌[38;2;15;81;113;48;2;16;80;113m▝[38;2;11;78;111;48;2;13;80;112m▖[38;2;13;81;113;48;2;10;76;109m▀[38;2;12;79;112;48;2;12;78;111m▀[38;2;18;74;102;48;2;12;78;110m▝[38;2;25;75;97;48;2;11;78;110m▘[38;2;10;78;114;48;2;14;79;110m▘[38;2;15;80;111;48;2;13;77;108m▞[38;2;12;80;111;48;2;10;75;107m▀[38;2;10;75;108;48;2;12;78;111m▀[38;2;16;81;114;48;2;24;73;93m▛[38;2;36;73;78;48;2;89;119;99m▛[38;2;64;98;90;48;2;134;143;116m▘[38;2;210;172;132;48;2;141;143;113m▀[38;2;193;166;124;48;2;152;153;134m▛[38;2;206;173;122;48;2;106;108;93m▘[38;2;44;75;77;48;2;65;97;86m▘[38;2;112;132;108;48;2;51;95;99m▘[38;2;41;68;68;48;2;26;88;115m▝[38;2;125;143;116;48;2;53;93;100m▝[38;2;46;87;93;48;2;23;84;111m▘[38;2;63;100;101;48;2;13;80;114m▀[38;2;24;81;107;48;2;76;101;88m▖[38;2;19;76;97;48;2;71;97;86m▀[38;2;54;93;93;48;2;11;81;113m▖[38;2;8;78;112;48;2;13;81;113m▌[38;2;15;82;112;48;2;18;84;114m▞[38;2;14;84;116;48;2;15;81;110m▝[38;2;13;82;113;48;2;14;79;109m▘[38;2;12;77;109;48;2;15;79;109m▀[38;2;10;74;106;48;2;17;78;108m▀[38;2;17;75;107;48;2;36;72;84m▛[38;2;142;138;108;48;2;59;87;86m▝[38;2;126;134;112;48;2;71;103;88m▀[38;2;90;112;93;48;2;168;160;131m▖[38;2;176;160;122;48;2;207;185;150m▀[38;2;187;165;113;48;2;196;178;143m▀[38;2;203;183;143;48;2;183;165;115m▖[38;2;189;166;109;48;2;100;112;101m▀[38;2;194;176;129;48;2;174;164;127m▀[38;2;188;171;131;48;2;167;154;115m▛[38;2;164;151;114;48;2;61;83;87m▌[38;2;48;92;111;48;2;208;203;181m▌[0m
 [38;2;219;212;187;48;2;186;188;171m▌[38;2;28;79;102;48;2;23;77;101m▌[38;2;26;83;107;48;2;24;79;102m▝[38;2;21;79;106;48;2;16;78;106m▌[38;2;15;78;107;48;2;18;79;107m▖[38;2;18;80;110;48;2;29;64;77m▌[38;2;93;94;82;48;2;48;77;84m▞[38;2;156;136;111;48;2;20;70;95m▀[38;2;147;139;115;48;2;29;81;105m▘[38;2;37;84;105;48;2;12;77;108m▀[38;2;11;76;109;48;2;17;79;109m▝[38;2;10;75;108;48;2;15;79;108m▀[38;2;9;74;106;48;2;15;78;107m▘[38;2;14;80;111;48;2;17;79;108m▀[38;2;13;77;107;48;2;15;80;110m▖[38;2;18;82;110;48;2;12;78;109m▖[38;2;9;76;107;48;2;13;79;109m▖[38;2;12;79;110;48;2;16;80;109m▖[38;2;22;85;113;48;2;17;80;109m▖[38;2;15;80;110;48;2;15;78;106m▀[38;2;12;76;108;48;2;15;78;109m▝[38;2;13;77;110;48;2;14;76;107m▀[38;2;29;66;79;48;2;14;78;110m▝[38;2;47;91;101;48;2;12;75;108m▀[38;2;38;88;108;48;2;19;78;107m▘[38;2;112;131;111;48;2;31;75;91m▝[38;2;37;85;103;48;2;118;108;95m▛[38;2;135;125;92;48;2;201;166;125m▀[38;2;125;122;81;48;2;197;171;135m▀[38;2;159;133;100;48;2;78;90;73m▖[38;2;25;85;112;48;2;33;74;84m▀[38;2;23;88;118;48;2;20;74;100m▀[38;2;16;80;112;48;2;20;85;115m▖[38;2;19;83;113;48;2;16;81;111m▞[38;2;13;79;112;48;2;17;82;114m▞[38;2;34;86;107;48;2;16;79;111m▝[38;2;66;91;84;48;2;17;80;110m▀[38;2;11;77;109;48;2;65;98;92m▝[38;2;25;84;106;48;2;16;80;108m▖[38;2;16;80;108;48;2;17;78;103m▀[38;2;23;80;105;48;2;25;83;109m▀[38;2;21;78;104;48;2;28;83;108m▀[38;2;21;80;108;48;2;21;83;112m▛[38;2;19;74;102;48;2;18;81;112m▘[38;2;23;83;114;48;2;41;69;75m▌[38;2;64;84;72;48;2;93;117;103m▌[38;2;129;141;115;48;2;46;88;100m▀[38;2;126;132;122;48;2;16;75;103m▀[38;2;156;145;112;48;2;26;64;78m▀[38;2;152;153;116;48;2;77;101;86m▀[38;2;142;157;117;48;2;61;89;89m▘[38;2;88;91;76;48;2;154;127;92m▖[38;2;183;158;116;48;2;165;145;107m▀[38;2;122;106;78;48;2;28;63;74m▌[38;2;41;91;112;48;2;201;198;177m▌[0m
 [38;2;217;209;184;48;2;186;187;169m▌[38;2;22;75;98;48;2;31;79;100m▝[38;2;32;79;100;48;2;29;78;99m▞[38;2;24;78;103;48;2;28;79;102m▀[38;2;18;76;103;48;2;22;77;103m▘[38;2;22;79;104;48;2;18;75;104m▌[38;2;48;82;86;48;2;76;91;72m▌[38;2;51;71;66;48;2;32;69;79m▛[38;2;55;87;88;48;2;36;68;78m▀[38;2;20;76;103;48;2;19;80;109m▌[38;2;21;81;110;48;2;18;78;107m▘[38;2;16;77;105;48;2;18;78;107m▖[38;2;18;77;104;48;2;17;78;106m▀[38;2;21;81;108;48;2;17;79;107m▛[38;2;16;77;106;48;2;18;79;107m▌[38;2;19;81;108;48;2;15;78;107m▘[38;2;16;77;106;48;2;21;80;107m▛[38;2;18;81;110;48;2;18;78;105m▀[38;2;20;81;111;48;2;19;78;107m▘[38;2;14;74;104;48;2;18;77;105m▞[38;2;18;75;104;48;2;21;78;108m▌[38;2;17;78;108;48;2;16;74;105m▖[38;2;16;75;105;48;2;20;75;102m▀[38;2;23;80;107;48;2;13;72;101m▀[38;2;22;80;109;48;2;29;73;89m▀[38;2;26;81;106;48;2;23;68;89m▘[38;2;64;72;67;48;2;173;143;109m▀[38;2;177;156;112;48;2;127;121;92m▖[38;2;150;148;116;48;2;106;114;89m▀[38;2;142;123;90;48;2;151;136;98m▖[38;2;120;104;77;48;2;91;106;93m▌[38;2;28;80;101;48;2;92;115;96m▀[38;2;20;80;108;48;2;41;74;80m▀[38;2;22;71;92;48;2;17;77;107m▖[38;2;16;78;109;48;2;16;75;107m▛[38;2;16;75;107;48;2;20;77;107m▘[38;2;17;81;115;48;2;21;77;107m▝[38;2;63;83;80;48;2;17;72;104m▝[38;2;56;74;72;48;2;19;73;102m▀[38;2;51;75;72;48;2;38;79;94m▀[38;2;33;80;98;48;2;55;85;85m▀[38;2;21;79;110;48;2;55;84;82m▀[38;2;19;79;110;48;2;31;81;101m▀[38;2;26;83;108;48;2;18;78;107m▖[38;2;19;80;109;48;2;23;83;109m▛[38;2;19;75;103;48;2;25;86;113m▀[38;2;17;79;110;48;2;25;83;109m▘[38;2;28;83;107;48;2;144;143;121m▛[38;2;38;80;91;48;2;172;157;116m▀[38;2;14;65;92;48;2;123;131;112m▀[38;2;30;76;92;48;2;88;109;91m▛[38;2;23;68;88;48;2;81;102;95m▀[38;2;45;73;74;48;2;54;92;105m▀[38;2;88;104;83;48;2;22;64;79m▘[38;2;33;83;104;48;2;189;190;172m▌[0m
 [38;2;218;210;186;48;2;188;188;170m▌[38;2;35;75;92;48;2;40;78;94m▝[38;2;33;78;96;48;2;38;78;96m▝[38;2;29;76;96;48;2;36;78;97m▀[38;2;30;79;101;48;2;33;77;96m▀[38;2;33;78;99;48;2;36;81;100m▛[38;2;57;76;74;48;2;32;75;94m▝[38;2;35;77;97;48;2;34;65;73m▖[38;2;25;77;100;48;2;43;82;95m▀[38;2;30;79;100;48;2;45;86;100m▀[38;2;27;79;101;48;2;41;84;99m▀[38;2;25;78;100;48;2;34;82;101m▝[38;2;34;82;100;48;2;27;79;101m▖[38;2;23;78;103;48;2;28;79;100m▀[38;2;22;76;101;48;2;26;78;101m▀[38;2;23;77;102;48;2;25;77;99m▀[38;2;22;78;104;48;2;29;81;103m▀[38;2;24;78;104;48;2;30;83;105m▀[38;2;32;84;106;48;2;25;78;104m▖[38;2;29;77;102;48;2;21;74;102m▖[38;2;25;77;103;48;2;64;96;103m▛[38;2;18;74;103;48;2;65;97;103m▀[38;2;35;82;102;48;2;110;118;103m▛[38;2;72;98;96;48;2;201;176;129m▀[38;2;119;121;91;48;2;199;173;125m▀[38;2;98;120;105;48;2;197;177;131m▀[38;2;77;88;84;48;2;145;142;104m▀[38;2;116;111;93;48;2;148;151;112m▀[38;2;54;88;93;48;2;30;72;92m▞[38;2;36;79;95;48;2;33;79;106m▀[38;2;26;76;96;48;2;32;83;109m▀[38;2;31;81;100;48;2;28;82;110m▀[38;2;24;80;107;48;2;23;78;102m▞[38;2;22;80;107;48;2;26;78;103m▀[38;2;22;78;104;48;2;29;78;99m▀[38;2;24;79;104;48;2;30;78;100m▀[38;2;25;81;106;48;2;30;81;103m▀[38;2;25;81;107;48;2;33;83;105m▀[38;2;21;80;106;48;2;28;82;104m▀[38;2;22;84;111;48;2;30;84;107m▀[38;2;31;63;74;48;2;31;83;105m▝[38;2;87;95;75;48;2;34;73;86m▝[38;2;76;98;88;48;2;43;78;83m▖[38;2;51;80;82;48;2;32;78;98m▀[38;2;32;75;92;48;2;47;76;84m▞[38;2;28;81;104;48;2;53;75;73m▀[38;2;29;82;105;48;2;48;75;79m▀[38;2;163;149;112;48;2;83;103;90m▝[38;2;160;148;102;48;2;184;165;119m▀[38;2;171;159;108;48;2;189;171;127m▀[38;2;118;131;101;48;2;174;159;108m▘[38;2;189;171;121;48;2;171;152;102m▛[38;2;190;173;128;48;2;166;147;95m▀[38;2;31;61;66;48;2;155;141;101m▝[38;2;36;76;84;48;2;180;175;149m▘[0m
 [38;2;219;211;187;48;2;187;186;169m▌[38;2;28;72;92;48;2;90;118;123m▀[38;2;28;72;92;48;2;90;119;124m▀[38;2;26;72;92;48;2;87;118;123m▀[38;2;26;72;92;48;2;85;115;122m▀[38;2;25;74;96;48;2;82;111;117m▀[38;2;27;75;96;48;2;80;113;121m▀[38;2;25;73;96;48;2;80;113;121m▀[38;2;25;68;84;48;2;80;109;113m▀[38;2;27;75;94;48;2;81;112;118m▀[38;2;27;74;92;48;2;81;112;117m▀[38;2;26;73;91;48;2;84;112;114m▀[38;2;22;72;93;48;2;81;111;115m▀[38;2;20;75;99;48;2;76;112;120m▀[38;2;17;74;100;48;2;73;112;124m▀[38;2;17;73;98;48;2;72;111;124m▀[38;2;22;76;100;48;2;70;110;125m▀[38;2;23;76;100;48;2;69;108;122m▀[38;2;26;77;100;48;2;66;105;119m▀[38;2;27;72;96;48;2;91;113;111m▘[38;2;168;159;121;48;2;191;180;139m▘[38;2;183;166;123;48;2;197;182;139m▝[38;2;171;156;111;48;2;177;162;118m▌[38;2;183;163;115;48;2;200;183;141m▀[38;2;179;165;119;48;2;188;177;137m▛[38;2;185;164;109;48;2;197;183;141m▀[38;2;200;180;130;48;2;205;192;153m▛[38;2;193;172;125;48;2;197;184;143m▀[38;2;91;104;77;48;2;187;173;130m▝[38;2;59;86;78;48;2;174;165;122m▀[38;2;155;152;122;48;2;67;96;91m▖[38;2;40;80;92;48;2;74;99;95m▀[38;2;23;72;95;48;2;42;86;104m▀[38;2;30;79;103;48;2;47;90;109m▀[38;2;29;80;104;48;2;42;87;106m▀[38;2;33;80;103;48;2;44;87;108m▀[38;2;30;80;102;48;2;46;90;108m▀[38;2;29;79;102;48;2;45;90;109m▀[38;2;29;77;100;48;2;49;91;109m▀[38;2;45;89;104;48;2;123;137;121m▛[38;2;45;91;101;48;2;144;154;122m▀[38;2;132;145;121;48;2;204;187;142m▀[38;2;177;171;135;48;2;199;185;143m▝[38;2;152;157;133;48;2;208;188;145m▀[38;2;193;178;140;48;2;67;103;106m▖[38;2;97;119;104;48;2;202;185;144m▛[38;2;72;90;83;48;2;183;168;130m▀[38;2;84;102;82;48;2;167;158;117m▀[38;2;185;165;120;48;2;82;98;100m▛[38;2;175;161;120;48;2;206;189;146m▛[38;2;166;146;96;48;2;196;181;138m▀[38;2;179;158;108;48;2;187;169;121m▀[38;2;172;153;101;48;2;186;165;113m▘[38;2;164;142;88;48;2;193;173;123m▘[38;2;181;165;124;48;2;191;186;164m▌[0m

Katsushika Hokusai: Bullfinch and Weeping Cherry, c. 1834
