[38;2;218;213;180;48;2;210;203;164m▌[38;2;210;205;171;48;2;221;214;181m▀[38;2;212;207;171;48;2;186;184;152m▛[38;2;223;216;179;48;2;172;174;146m▀[38;2;225;217;180;48;2;172;174;146m▀[38;2;222;216;180;48;2;185;183;153m▀[38;2;225;217;181;48;2;174;177;150m▀[38;2;227;219;184;48;2;169;170;144m▀[38;2;227;219;182;48;2;174;177;148m▀[38;2;223;215;179;48;2;187;184;151m▀[38;2;224;217;182;48;2;195;188;154m▀[38;2;224;217;183;48;2;193;186;152m▀[38;2;224;218;183;48;2;196;188;153m▀[38;2;224;218;182;48;2;197;190;155m▀[38;2;225;218;183;48;2;192;185;151m▀[38;2;226;219;184;48;2;189;182;149m▀[38;2;224;218;183;48;2;196;189;153m▀[38;2;224;218;183;48;2;197;189;154m▀[38;2;225;219;185;48;2;194;187;152m▀[38;2;225;219;184;48;2;196;189;154m▀[38;2;225;217;182;48;2;198;190;155m▀[38;2;225;218;182;48;2;192;184;150m▀[38;2;225;218;183;48;2;192;185;150m▀[38;2;228;220;184;48;2;180;180;151m▀[38;2;228;221;185;48;2;177;178;152m▀[38;2;228;220;183;48;2;178;179;152m▀[38;2;228;220;183;48;2;176;179;153m▀[38;2;231;223;187;48;2;168;169;142m▀[38;2;230;223;187;48;2;173;174;146m▀[38;2;229;221;186;48;2;175;176;147m▀[38;2;228;221;187;48;2;181;180;152m▀[38;2;227;220;185;48;2;170;172;145m▀[38;2;229;222;186;48;2;167;170;145m▀[38;2;230;223;189;48;2;165;167;142m▀[38;2;229;221;186;48;2;169;171;145m▀[38;2;229;222;188;48;2;170;172;146m▀[38;2;227;220;184;48;2;170;172;144m▀[38;2;227;220;184;48;2;171;173;145m▀[38;2;227;220;185;48;2;169;170;141m▀[38;2;228;221;186;48;2;172;172;144m▀[38;2;228;222;189;48;2;172;174;148m▀[38;2;228;220;187;48;2;169;172;147m▀[38;2;228;220;186;48;2;166;168;144m▀[38;2;225;218;182;48;2;166;168;142m▀[38;2;225;217;181;48;2;162;164;140m▀[38;2;225;217;182;48;2;159;162;138m▀[38;2;221;214;178;48;2;159;160;134m▀[38;2;217;210;173;48;2;155;157;128m▘[38;2;155;147;111;48;2;143;151;124m▀[38;2;179;170;132;48;2;153;158;131m▀[38;2;161;154;117;48;2;142;147;119m▀[38;2;180;177;145;48;2;213;207;174m▌[38;2;206;201;166;48;2;210;205;171m▀[38;2;209;203;170;48;2;195;188;149m▌[0m
[38;2;223;218;188;48;2;221;213;178m▌[38;2;184;184;151;48;2;122;142;120m▘[38;2;115;126;104;48;2;92;107;104m▌[38;2;69;91;97;48;2;90;121;112m▌[38;2;91;103;83;48;2;119;128;105m▀[38;2;132;136;114;48;2;75;99;102m▘[38;2;76;100;92;48;2;102;111;95m▘[38;2;73;92;90;48;2;96;114;98m▛[38;2;92;106;87;48;2;111;122;100m▛[38;2;118;119;94;48;2;147;129;98m▘[38;2;148;122;89;48;2;151;128;96m▖[38;2;145;124;92;48;2;156;134;97m▘[38;2;160;135;98;48;2;152;128;92m▌[38;2;169;144;107;48;2;181;156;116m▛[38;2;134;122;89;48;2;159;142;109m▘[38;2;174;147;107;48;2;155;133;97m▖[38;2;151;132;99;48;2;174;151;112m▖[38;2;171;147;106;48;2;154;135;100m▀[38;2;144;128;95;48;2;170;148;109m▀[38;2;175;154;114;48;2;164;143;104m▞[38;2;170;151;112;48;2;169;144;103m▀[38;2;171;147;108;48;2;161;138;101m▌[38;2;156;137;102;48;2;154;128;91m▀[38;2;127;130;113;48;2;157;133;97m▝[38;2;128;123;100;48;2;138;161;156m▖[38;2;135;161;153;48;2;111;138;126m▛[38;2;110;140;135;48;2;90;113;101m▘[38;2;78;98;87;48;2;106;121;100m▀[38;2;96;111;94;48;2;77;95;83m▌[38;2;83;98;82;48;2;97;116;100m▝[38;2;86;102;99;48;2;100;115;107m▝[38;2;78;97;85;48;2;89;106;92m▀[38;2;85;105;97;48;2;71;90;90m▌[38;2;72;92;83;48;2;88;109;96m▀[38;2;66;85;78;48;2;84;104;92m▞[38;2;93;116;101;48;2;82;105;90m▖[38;2;78;92;75;48;2;86;101;84m▀[38;2;83;97;79;48;2;89;104;87m▛[38;2;78;96;79;48;2;89;105;87m▀[38;2;77;94;78;48;2;87;105;89m▀[38;2;71;87;71;48;2;83;103;87m▘[38;2;75;94;79;48;2;87;106;90m▛[38;2;75;91;75;48;2;93;114;97m▛[38;2;71;87;71;48;2;99;121;113m▀[38;2;72;88;73;48;2;95;120;115m▀[38;2;67;83;68;48;2;93;117;113m▀[38;2;69;90;76;48;2;84;114;113m▀[38;2;111;110;95;48;2;197;122;94m▛[38;2;130;115;95;48;2;196;118;92m▀[38;2;119;101;81;48;2;166;97;74m▀[38;2;121;98;76;48;2;190;109;84m▀[38;2;137;128;105;48;2;84;100;82m▛[38;2;168;165;134;48;2;213;206;172m▌[38;2;212;207;175;48;2;200;193;153m▌[0m
[38;2;225;220;188;48;2;220;213;175m▌[38;2;133;140;111;48;2;94;127;111m▌[38;2;101;114;100;48;2;116;122;98m▞[38;2;74;93;96;48;2;90;115;119m▀[38;2;92;107;101;48;2;72;97;103m▘[38;2;67;95;101;48;2;94;108;91m▘[38;2;122;127;101;48;2;97;105;91m▖[38;2;61;83;89;48;2;114;125;108m▌[38;2;144;133;100;48;2;178;149;107m▀[38;2;168;141;102;48;2;182;145;100m▀[38;2;153;124;86;48;2;170;137;96m▘[38;2;173;141;100;48;2;159;127;88m▛[38;2;124;103;74;48;2;166;138;98m▖[38;2;169;142;103;48;2;195;162;117m▀[38;2;184;153;110;48;2;156;135;103m▞[38;2;152;131;97;48;2;187;155;115m▀[38;2;211;176;130;48;2;169;145;105m▖[38;2;185;156;112;48;2;194;163;121m▀[38;2;188;155;110;48;2;190;163;122m▘[38;2;185;154;110;48;2;173;147;103m▝[38;2;178;144;100;48;2;189;155;110m▀[38;2;174;143;100;48;2;195;157;111m▘[38;2;164;138;101;48;2;193;153;109m▝[38;2;159;149;122;48;2;154;165;153m▛[38;2;143;173;170;48;2;156;156;139m▝[38;2;159;169;155;48;2;132;143;130m▌[38;2;97;113;97;48;2;143;163;153m▀[38;2;119;149;142;48;2;94;118;102m▖[38;2;104;126;109;48;2;123;135;115m▛[38;2;99;128;113;48;2;89;108;100m▝[38;2;111;128;106;48;2;94;112;106m▖[38;2;101;119;117;48;2;88;104;101m▖[38;2;81;103;99;48;2;94;114;97m▌[38;2;98;111;97;48;2;73;92;88m▌[38;2;82;105;94;48;2;95;120;103m▘[38;2;93;106;86;48;2;94;116;98m▝[38;2;91;107;88;48;2;98;121;104m▀[38;2;82;100;84;48;2;116;132;112m▀[38;2;80;99;83;48;2;145;132;102m▀[38;2;90;110;93;48;2;145;128;96m▀[38;2;81;106;91;48;2;140;135;107m▀[38;2;69;90;79;48;2;134;128;103m▀[38;2;99;125;109;48;2;90;111;98m▝[38;2;109;136;130;48;2;95;135;153m▌[38;2;79;112;127;48;2;88;124;136m▝[38;2;75;101;109;48;2;94;124;131m▛[38;2;84;110;119;48;2;96;133;145m▘[38;2;115;123;123;48;2;191;119;93m▌[38;2;179;103;80;48;2;190;111;88m▝[38;2;162;94;71;48;2;170;99;76m▞[38;2;189;111;86;48;2;199;122;94m▛[38;2;175;136;109;48;2;92;106;88m▌[38;2;147;148;119;48;2;216;209;172m▌[38;2;213;207;173;48;2;205;196;156m▌[0m
[38;2;227;221;189;48;2;221;213;177m▌[38;2;120;127;98;48;2;97;124;106m▌[38;2;109;115;91;48;2;122;126;101m▀[38;2;105;125;121;48;2;84;113;119m▌[38;2;70;92;91;48;2;91;106;90m▌[38;2;97;106;83;48;2;102;113;89m▖[38;2;112;114;87;48;2;134;131;102m▖[38;2;84;109;114;48;2;73;94;92m▘[38;2;143;137;104;48;2;108;119;102m▝[38;2;126;123;99;48;2;79;112;105m▀[38;2;144;139;114;48;2;186;154;113m▖[38;2;197;157;112;48;2;186;148;104m▖[38;2;149;125;92;48;2;205;164;114m▀[38;2;174;150;112;48;2;129;133;117m▌[38;2;174;147;107;48;2;196;164;122m▀[38;2;212;176;129;48;2;175;153;118m▀[38;2;146;137;109;48;2;191;167;129m▞[38;2;157;139;108;48;2;205;171;123m▀[38;2;177;150;110;48;2;203;169;124m▘[38;2;198;165;119;48;2;205;172;127m▞[38;2;205;170;123;48;2;209;172;126m▘[38;2;207;161;114;48;2;198;160;114m▀[38;2;190;148;102;48;2;201;160;113m▝[38;2;205;161;114;48;2;178;141;99m▞[38;2;191;142;94;48;2;198;164;119m▀[38;2;194;154;109;48;2;183;144;98m▞[38;2;187;158;123;48;2;196;152;109m▝[38;2;169;155;126;48;2;190;143;97m▀[38;2;183;151;114;48;2;141;151;135m▖[38;2;113;122;105;48;2;95;120;108m▌[38;2;131;155;133;48;2;114;129;115m▖[38;2;95;114;110;48;2;76;96;86m▛[38;2;102;120;100;48;2;105;131;112m▀[38;2;79;97;88;48;2;88;115;104m▛[38;2;95;127;110;48;2;139;139;114m▀[38;2;97;127;109;48;2;181;148;112m▀[38;2;101;114;97;48;2;180;146;109m▘[38;2;195;150;107;48;2;199;155;113m▝[38;2;197;154;110;48;2;189;145;101m▖[38;2;172;130;88;48;2;193;147;102m▀[38;2;185;142;98;48;2;174;132;90m▀[38;2;206;152;108;48;2;181;137;94m▝[38;2;187;141;99;48;2;194;165;126m▌[38;2;148;153;141;48;2;89;129;147m▌[38;2;89;125;138;48;2;77;97;101m▛[38;2;91;119;125;48;2;80;101;105m▀[38;2;107;138;144;48;2;98;130;137m▀[38;2;116;130;126;48;2;187;118;94m▌[38;2;198;120;96;48;2;182;109;84m▌[38;2;153;89;67;48;2;165;97;73m▌[38;2;199;118;92;48;2;188;108;83m▝[38;2;177;133;106;48;2;98;113;92m▌[38;2;137;139;111;48;2;213;205;169m▌[38;2;216;210;175;48;2;207;199;159m▌[0m
[38;2;227;222;189;48;2;221;214;178m▌[38;2;112;118;93;48;2;89;108;90m▌[38;2;116;111;82;48;2;117;131;119m▌[38;2;84;116;124;48;2;74;102;105m▌[38;2;76;98;89;48;2;87;96;74m▌[38;2;92;103;81;48;2;113;116;89m▛[38;2;131;122;98;48;2;105;102;80m▞[38;2;73;92;94;48;2;126;113;89m▀[38;2;114;119;104;48;2;165;129;89m▀[38;2;179;135;91;48;2;142;123;91m▖[38;2;155;133;99;48;2;176;154;118m▌[38;2;193;166;127;48;2;144;132;105m▀[38;2;169;146;112;48;2;180;154;116m▖[38;2;135;139;121;48;2;183;162;125m▀[38;2;97;130;134;48;2;141;137;113m▖[38;2;150;143;117;48;2;182;151;108m▘[38;2;211;174;127;48;2;189;151;103m▀[38;2;189;153;106;48;2;203;164;115m▞[38;2;196;161;116;48;2;177;169;140m▛[38;2;210;186;145;48;2;199;165;120m▖[38;2;182;156;117;48;2;143;133;108m▛[38;2;197;166;124;48;2;169;153;121m▀[38;2;199;167;128;48;2;167;139;106m▀[38;2;156;136;104;48;2;190;152;105m▛[38;2;196;160;115;48;2;178;143;100m▀[38;2;188;149;104;48;2;168;134;90m▀[38;2;187;148;103;48;2;183;142;99m▛[38;2;176;139;96;48;2;185;144;100m▞[38;2;183;146;104;48;2;159;148;117m▌[38;2;119;145;125;48;2;102;142;124m▖[38;2;121;139;116;48;2;105;126;123m▌[38;2;86;106;105;48;2;81;103;92m▌[38;2;93;124;106;48;2;100;132;114m▝[38;2;83;102;92;48;2;188;151;114m▘[38;2;209;155;112;48;2;184;137;95m▛[38;2;210;156;112;48;2;189;142;98m▘[38;2;177;132;89;48;2;196;151;108m▖[38;2;182;139;95;48;2;193;150;106m▞[38;2;198;155;110;48;2;144;120;92m▛[38;2;192;150;105;48;2;156;127;92m▘[38;2;190;148;104;48;2;106;100;83m▀[38;2;179;142;99;48;2;153;124;87m▀[38;2;165;129;89;48;2;191;150;106m▌[38;2;151;141;125;48;2;87;127;145m▌[38;2;84;117;128;48;2;88;126;141m▝[38;2;78;106;115;48;2;91;127;141m▘[38;2;106;134;139;48;2;93;126;135m▘[38;2;115;135;135;48;2;185;123;99m▌[38;2;196;114;89;48;2;166;99;75m▛[38;2;158;91;70;48;2;166;98;74m▛[38;2;170;103;80;48;2;199;117;92m▖[38;2;179;138;108;48;2;101;120;97m▌[38;2;122;127;101;48;2;209;202;166m▌[38;2;219;213;178;48;2;208;200;159m▌[0m
[38;2;227;221;189;48;2;222;215;181m▌[38;2;119;120;92;48;2;103;120;95m▌[38;2;123;122;94;48;2;99;122;121m▌[38;2;98;126;129;48;2;76;104;106m▌[38;2;90;104;88;48;2;118;107;79m▌[38;2;129;108;78;48;2;147;118;83m▖[38;2;178;134;89;48;2;160;120;80m▌[38;2;150;115;76;48;2;189;141;94m▛[38;2;146;114;78;48;2;175;128;85m▀[38;2;140;113;79;48;2;157;118;79m▀[38;2;176;147;109;48;2;161;127;88m▝[38;2;164;131;92;48;2;136;105;69m▛[38;2;144;113;76;48;2;164;132;89m▖[38;2;207;166;115;48;2;133;135;115m▘[38;2;152;136;103;48;2;105;122;116m▝[38;2;165;139;99;48;2;110;127;123m▀[38;2;175;150;111;48;2;107;131;129m▀[38;2;165;143;109;48;2;98;120;122m▀[38;2;107;123;117;48;2;152;136;104m▀[38;2;156;151;125;48;2;153;131;96m▀[38;2;176;152;114;48;2;178;149;107m▘[38;2;186;152;106;48;2;169;139;97m▛[38;2;172;140;98;48;2;190;151;102m▖[38;2;200;161;113;48;2;188;153;107m▀[38;2;202;162;114;48;2;194;155;111m▘[38;2;159;137;104;48;2;144;156;144m▛[38;2;175;141;100;48;2;145;159;146m▀[38;2;176;137;94;48;2;146;154;130m▀[38;2;175;156;121;48;2;127;149;127m▀[38;2;129;153;131;48;2;113;142;120m▌[38;2;110;130;109;48;2;105;124;121m▌[38;2;89;105;97;48;2;120;129;112m▛[38;2;114;138;114;48;2;101;133;113m▖[38;2;112;134;113;48;2;177;151;117m▌[38;2;203;149;103;48;2;192;152;109m▀[38;2;188;145;102;48;2;167;130;90m▌[38;2;192;140;95;48;2;154;137;102m▀[38;2;195;151;108;48;2;155;142;109m▀[38;2;93;94;81;48;2;183;148;109m▝[38;2;155;135;105;48;2;78;88;83m▛[38;2;118;105;85;48;2;182;139;95m▛[38;2;170;127;86;48;2;164;136;100m▛[38;2;109;103;83;48;2;176;140;98m▖[38;2;159;149;130;48;2;86;126;145m▌[38;2;90;130;147;48;2;88;129;146m▘[38;2;86;124;143;48;2;82;122;140m▛[38;2;91;130;146;48;2;78;115;131m▀[38;2;108;134;138;48;2;192;129;103m▌[38;2;201;118;94;48;2;178;105;81m▘[38;2;153;91;68;48;2;165;99;76m▌[38;2;189;116;90;48;2;202;119;92m▖[38;2;172;131;103;48;2;86;118;98m▌[38;2;118;124;96;48;2;208;198;160m▌[38;2;219;211;176;48;2;209;201;160m▌[0m
[38;2;229;224;192;48;2;225;219;186m▌[38;2;111;123;95;48;2;106;136;112m▛[38;2;113;126;111;48;2;147;155;133m▀[38;2;104;131;132;48;2;87;108;105m▌[38;2;97;117;95;48;2;128;140;114m▛[38;2;94;107;102;48;2;75;90;90m▛[38;2;151;127;93;48;2;70;93;86m▀[38;2;144;120;84;48;2;84;100;79m▀[38;2;145;124;91;48;2;79;96;82m▀[38;2;183;149;109;48;2;110;115;93m▀[38;2;192;136;91;48;2;163;137;106m▀[38;2;174;133;91;48;2;128;142;134m▀[38;2;140;134;112;48;2;98;122;122m▘[38;2;103;131;134;48;2;131;130;105m▀[38;2;131;127;101;48;2;147;149;129m▞[38;2;141;141;117;48;2;173;160;133m▀[38;2;166;145;111;48;2;176;141;98m▛[38;2;166;145;107;48;2;177;140;97m▘[38;2;182;144;97;48;2;171;133;90m▀[38;2;161;129;90;48;2;183;148;103m▝[38;2;148;127;94;48;2;185;147;101m▀[38;2;126;113;88;48;2;152;130;99m▘[38;2;171;138;97;48;2;196;158;113m▌[38;2;207;162;116;48;2;199;159;113m▖[38;2;202;161;114;48;2;188;151;105m▀[38;2;153;162;146;48;2;181;153;115m▝[38;2;164;172;149;48;2;212;193;157m▀[38;2;153;162;131;48;2;211;188;144m▀[38;2;175;165;122;48;2;202;186;143m▀[38;2;125;131;106;48;2;185;173;133m▀[38;2;152;152;127;48;2;207;188;148m▀[38;2;145;147;123;48;2;189;179;144m▀[38;2;124;135;109;48;2;157;154;126m▀[38;2;106;128;106;48;2;148;149;116m▀[38;2;111;133;110;48;2;133;145;115m▀[38;2;121;138;111;48;2;133;131;101m▌[38;2;101;117;99;48;2;162;143;109m▀[38;2;150;138;107;48;2;206;156;110m▀[38;2;200;153;108;48;2;175;133;91m▀[38;2;193;147;101;48;2;167;128;90m▘[38;2;165;130;90;48;2;92;99;90m▖[38;2;115;107;89;48;2;147;109;73m▛[38;2;129;104;77;48;2;172;130;93m▌[38;2;151;140;122;48;2;97;137;151m▌[38;2;93;133;149;48;2;98;137;150m▀[38;2;93;132;147;48;2;83;119;131m▌[38;2;79;112;123;48;2;95;132;146m▌[38;2;111;138;140;48;2;192;126;104m▌[38;2;195;116;91;48;2;175;102;79m▌[38;2;165;98;74;48;2;152;90;67m▞[38;2;165;97;74;48;2;194;116;90m▖[38;2;172;135;107;48;2;84;108;88m▌[38;2;137;142;112;48;2;215;207;169m▌[38;2;220;214;179;48;2;209;201;159m▌[0m
[38;2;229;225;193;48;2;225;219;185m▌[38;2;102;134;111;48;2;101;116;90m▝[38;2;123;152;127;48;2;102;139;115m▀[38;2;139;148;125;48;2;106;129;109m▘[38;2;83;108;96;48;2;97;115;102m▌[38;2;121;137;119;48;2;86;100;95m▖[38;2;79;102;85;48;2;103;131;105m▛[38;2;113;131;109;48;2;93;113;97m▖[38;2;90;107;94;48;2;101;127;127m▀[38;2;99;125;122;48;2;98;116;107m▞[38;2;101;135;139;48;2;99;118;106m▀[38;2;96;121;115;48;2;97;110;87m▀[38;2;96;109;89;48;2;102;114;91m▌[38;2;103;116;92;48;2;96;112;91m▀[38;2;110;123;101;48;2;98;115;93m▝[38;2;156;154;123;48;2;90;111;92m▀[38;2;128;132;106;48;2;201;179;141m▖[38;2;208;182;144;48;2;176;162;125m▀[38;2;198;170;133;48;2;180;163;124m▀[38;2;207;186;149;48;2;186;154;114m▀[38;2;205;180;137;48;2;192;160;116m▀[38;2;204;169;121;48;2;142;136;110m▌[38;2;168;144;108;48;2;190;151;105m▌[38;2;182;143;97;48;2;202;160;111m▀[38;2;195;156;109;48;2;214;172;126m▛[38;2;203;163;118;48;2;181;163;127m▛[38;2;209;175;137;48;2;173;162;128m▀[38;2;208;182;143;48;2;183;168;130m▀[38;2;210;185;147;48;2;189;172;132m▀[38;2;215;190;152;48;2;193;174;135m▀[38;2;207;184;145;48;2;195;177;138m▀[38;2;202;181;141;48;2;193;174;133m▀[38;2;203;182;143;48;2;192;176;137m▛[38;2;202;179;139;48;2;188;171;133m▀[38;2;205;182;144;48;2;192;173;134m▘[38;2;195;176;137;48;2;187;167;129m▌[38;2;193;163;123;48;2;195;176;138m▛[38;2;189;150;108;48;2;194;172;134m▀[38;2;192;144;102;48;2;196;164;128m▀[38;2;163;121;80;48;2;187;138;98m▝[38;2;183;142;99;48;2;103;106;92m▌[38;2;101;102;88;48;2;177;130;88m▌[38;2;158;121;82;48;2;110;104;86m▛[38;2;109;118;108;48;2;102;141;152m▌[38;2;101;138;146;48;2;95;126;130m▛[38;2;93;125;130;48;2;110;145;151m▛[38;2;86;112;116;48;2;109;144;149m▘[38;2;123;143;142;48;2;187;117;97m▌[38;2;144;84;65;48;2;194;107;85m▝[38;2;132;79;61;48;2;158;87;65m▀[38;2;142;83;63;48;2;192;106;84m▘[38;2;174;127;100;48;2;84;103;84m▌[38;2;143;147;116;48;2;220;212;174m▌[38;2;221;215;180;48;2;211;204;163m▌[0m
[38;2;231;227;195;48;2;223;218;183m▌[38;2;103;113;87;48;2;91;119;96m▌[38;2;101;134;110;48;2;97;126;102m▝[38;2;98;134;111;48;2;90;125;101m▌[38;2;89;120;96;48;2;131;146;114m▛[38;2;155;163;128;48;2;98;129;105m▝[38;2;155;162;132;48;2;111;123;110m▌[38;2;106;126;120;48;2;92;112;101m▛[38;2;101;123;123;48;2;91;119;105m▘[38;2;89;99;75;48;2;98;118;99m▝[38;2;97;107;80;48;2;102;122;104m▀[38;2;101;115;91;48;2;105;125;108m▀[38;2;92;106;85;48;2;95;122;108m▀[38;2;96;115;95;48;2;97;125;108m▀[38;2;100;122;102;48;2;95;117;97m▘[38;2;98;119;100;48;2;97;123;105m▘[38;2;98;128;112;48;2;86;112;97m▖[38;2;93;119;108;48;2;132;159;153m▖[38;2;188;147;105;48;2;151;169;160m▝[38;2;190;144;98;48;2;153;162;148m▀[38;2;188;142;96;48;2;159;165;149m▀[38;2;181;145;100;48;2;191;156;110m▘[38;2;185;156;118;48;2;192;151;103m▀[38;2;174;151;116;48;2;149;123;89m▀[38;2;215;170;124;48;2;155;131;98m▀[38;2;209;174;132;48;2;173;138;95m▀[38;2;176;161;125;48;2;195;156;108m▀[38;2;133;148;122;48;2;205;174;131m▀[38;2;121;137;111;48;2;85;112;93m▛[38;2;119;141;115;48;2;89;127;105m▀[38;2;128;145;119;48;2;91;127;106m▀[38;2;134;146;130;48;2;81;113;117m▀[38;2;158;146;113;48;2;99;117;109m▀[38;2;180;162;123;48;2;142;143;119m▀[38;2;157;143;107;48;2;174;158;120m▝[38;2;167;153;115;48;2;177;162;124m▀[38;2;168;153;115;48;2;177;162;123m▖[38;2;168;154;116;48;2;176;160;122m▝[38;2;177;164;126;48;2;174;159;120m▘[38;2;167;143;106;48;2;168;152;114m▝[38;2;143;132;100;48;2;167;145;107m▞[38;2;165;153;115;48;2;105;116;106m▖[38;2;90;111;101;48;2;108;122;105m▞[38;2;103;131;116;48;2;111;148;155m▌[38;2;105;140;145;48;2;108;146;156m▀[38;2;104;140;148;48;2;105;143;154m▀[38;2;114;148;154;48;2;107;142;152m▝[38;2;183;117;91;48;2;111;130;126m▝[38;2;189;115;91;48;2;100;115;95m▀[38;2;152;98;74;48;2;106;115;92m▀[38;2;197;124;96;48;2;123;122;95m▀[38;2;156;120;93;48;2;100;123;102m▘[38;2;148;153;119;48;2;214;206;169m▌[38;2;222;216;181;48;2;212;204;164m▌[0m
[38;2;231;227;196;48;2;224;218;185m▌[38;2;108;116;89;48;2;97;125;100m▌[38;2;101;128;104;48;2;104;135;110m▌[38;2;102;139;114;48;2;99;128;102m▘[38;2;95;125;99;48;2;160;166;126m▌[38;2;226;217;170;48;2;118;138;108m▌[38;2;156;164;123;48;2;94;122;97m▝[38;2;137;149;117;48;2;85;117;95m▌[38;2;94;136;115;48;2;89;122;99m▀[38;2;121;146;124;48;2;89;132;114m▀[38;2;102;134;117;48;2;87;118;101m▘[38;2;101;127;108;48;2;91;117;100m▀[38;2;91;115;98;48;2;94;121;103m▘[38;2;102;127;107;48;2;96;119;100m▝[38;2;98;120;100;48;2;93;115;95m▌[38;2;96;121;102;48;2;94;114;95m▝[38;2;93;118;99;48;2;92;112;93m▀[38;2;91;112;93;48;2;95;118;99m▞[38;2;145;178;174;48;2;98;119;104m▝[38;2;139;177;178;48;2;103;134;122m▀[38;2;121;154;148;48;2;135;172;170m▖[38;2;151;157;142;48;2;141;176;172m▀[38;2;162;140;106;48;2;150;179;174m▀[38;2;161;138;98;48;2;143;171;168m▀[38;2;149;125;88;48;2;159;151;114m▀[38;2;144;119;83;48;2;142;142;106m▀[38;2;159;131;89;48;2;147;142;110m▀[38;2;203;162;113;48;2;130;136;105m▀[38;2;190;171;134;48;2;106;127;100m▘[38;2;95;130;101;48;2;145;141;106m▀[38;2;116;134;104;48;2;172;140;96m▀[38;2;114;114;95;48;2;177;143;99m▀[38;2;129;133;117;48;2;174;137;92m▀[38;2;105;126;119;48;2;167;141;104m▀[38;2;126;132;113;48;2;158;133;99m▀[38;2;159;146;111;48;2;169;140;101m▀[38;2;168;152;115;48;2;165;147;110m▝[38;2;161;143;106;48;2;170;151;111m▛[38;2;163;147;109;48;2;176;158;118m▛[38;2;154;137;100;48;2;173;154;114m▀[38;2;158;142;104;48;2;174;157;117m▛[38;2;171;153;113;48;2;170;159;122m▛[38;2;143;138;107;48;2;90;108;90m▌[38;2;81;111;110;48;2;97;121;114m▝[38;2;87;118;108;48;2;81;110;96m▌[38;2;86;113;94;48;2;85;118;107m▖[38;2;100;132;126;48;2;102;127;109m▀[38;2;93;119;119;48;2;82;95;87m▌[38;2;99;114;96;48;2;93;123;103m▌[38;2;90;118;100;48;2;110;133;104m▀[38;2;96;112;87;48;2;94;124;98m▛[38;2;95;121;94;48;2;109;133;102m▌[38;2;152;157;118;48;2;214;208;172m▌[38;2;223;217;182;48;2;214;207;168m▌[0m
[38;2;233;229;198;48;2;222;217;184m▌[38;2;107;119;94;48;2;135;152;120m▛[38;2;104;132;107;48;2;96;129;105m▀[38;2;96;129;102;48;2;100;130;103m▖[38;2;96;128;101;48;2;161;175;138m▌[38;2;226;217;170;48;2;133;146;111m▌[38;2;91;124;101;48;2;119;145;116m▌[38;2;85;120;99;48;2;134;144;108m▝[38;2;88;121;98;48;2;96;125;102m▀[38;2;90;131;116;48;2;96;135;115m▝[38;2;95;120;101;48;2;123;144;118m▀[38;2;96;120;98;48;2;129;153;133m▀[38;2;101;122;102;48;2;119;149;144m▀[38;2;96;118;99;48;2;77;107;94m▀[38;2;94;119;100;48;2;90;110;89m▌[38;2;91;110;90;48;2;96;119;99m▌[38;2;93;113;93;48;2;84;100;83m▛[38;2;92;123;112;48;2;106;146;145m▛[38;2;90;115;93;48;2;118;151;147m▀[38;2;78;102;86;48;2;124;155;149m▀[38;2;105;141;134;48;2;138;170;166m▘[38;2;142;172;165;48;2;125;150;141m▘[38;2;100;118;110;48;2;120;133;117m▀[38;2;209;202;163;48;2;138;158;137m▖[38;2;118;154;127;48;2;112;142;112m▌[38;2;127;145;105;48;2;104;129;96m▖[38;2;98;125;104;48;2;120;145;121m▝[38;2;93;130;109;48;2;131;138;108m▀[38;2;100;138;113;48;2;143;135;100m▘[38;2;167;140;98;48;2;157;133;92m▀[38;2;181;155;110;48;2;160;136;94m▘[38;2;152;126;88;48;2;166;138;97m▘[38;2;128;107;77;48;2;151;125;88m▝[38;2;171;136;95;48;2;151;124;87m▀[38;2;189;147;101;48;2;157;133;99m▀[38;2;167;132;92;48;2;150;124;89m▛[38;2;168;133;92;48;2;146;145;122m▀[38;2;120;129;112;48;2;161;152;120m▖[38;2;176;161;124;48;2;114;131;120m▛[38;2;172;163;128;48;2;97;126;117m▀[38;2;147;142;108;48;2;89;109;87m▀[38;2;119;131;103;48;2;99;121;99m▘[38;2;89;100;79;48;2;98;114;92m▝[38;2;94;104;84;48;2;108;120;94m▀[38;2;90;106;88;48;2;104;115;90m▀[38;2;96;124;105;48;2;100;116;94m▝[38;2;105;132;112;48;2;100;118;96m▛[38;2;118;142;132;48;2;98;123;115m▘[38;2;106;130;121;48;2;104;120;96m▖[38;2;118;131;97;48;2;103;133;104m▝[38;2;91;109;83;48;2;100;133;105m▘[38;2;108;140;113;48;2;112;145;120m▌[38;2;146;155;116;48;2;213;206;171m▌[38;2;224;219;185;48;2;215;208;169m▌[0m
[38;2;234;229;198;48;2;219;214;182m▌[38;2;138;133;100;48;2;202;194;150m▌[38;2;142;156;120;48;2;208;197;147m▀[38;2;193;189;142;48;2;104;135;104m▖[38;2;121;144;110;48;2;221;214;168m▌[38;2;221;213;165;48;2;141;156;122m▌[38;2;93;129;104;48;2;96;136;113m▌[38;2;135;147;113;48;2;200;191;143m▌[38;2;193;187;144;48;2;120;138;109m▖[38;2;91;131;113;48;2;100;139;118m▝[38;2;93;112;91;48;2;89;124;107m▝[38;2;90;110;94;48;2;90;121;107m▘[38;2;89;123;104;48;2;100;130;118m▖[38;2;125;154;143;48;2;154;180;166m▛[38;2;120;153;138;48;2;162;189;178m▀[38;2;113;148;136;48;2;157;187;178m▀[38;2;106;136;125;48;2;156;186;177m▀[38;2;126;160;154;48;2;148;181;173m▘[38;2;146;179;174;48;2;158;185;174m▛[38;2;154;182;175;48;2;157;182;171m▀[38;2;150;177;169;48;2;160;184;171m▀[38;2;156;180;166;48;2;132;153;140m▌[38;2;113;131;118;48;2;140;165;155m▀[38;2;154;173;155;48;2;189;189;149m▖[38;2;171;179;136;48;2;140;158;118m▖[38;2;135;150;110;48;2;136;156;122m▀[38;2;128;155;125;48;2;159;161;127m▌[38;2;192;153;107;48;2;201;161;114m▘[38;2;176;146;102;48;2;192;158;111m▝[38;2;161;132;90;48;2;196;163;117m▝[38;2;187;154;110;48;2;177;148;104m▖[38;2;186;154;108;48;2;169;138;96m▘[38;2;149;122;84;48;2;174;142;99m▌[38;2;189;153;108;48;2;173;140;97m▀[38;2;175;140;100;48;2;119;109;86m▌[38;2;140;122;93;48;2;165;134;94m▖[38;2;137;137;115;48;2;168;133;89m▀[38;2;157;142;107;48;2;183;161;121m▌[38;2;178;161;123;48;2;137;140;118m▌[38;2;139;147;126;48;2;101;122;97m▀[38;2;121;133;107;48;2;92;117;95m▘[38;2;104;125;102;48;2;97;120;97m▀[38;2;107;121;96;48;2;98;118;95m▀[38;2;114;126;101;48;2;94;116;96m▀[38;2;104;119;95;48;2;101;117;90m▛[38;2;109;122;98;48;2;94;108;83m▀[38;2;102;116;91;48;2;93;108;82m▀[38;2;80;111;110;48;2;73;95;81m▝[38;2;118;135;116;48;2;93;122;101m▀[38;2;101;135;110;48;2;90;125;100m▀[38;2;90;125;102;48;2;82;117;95m▀[38;2;94;132;110;48;2;84;119;98m▝[38;2;122;136;106;48;2;216;209;173m▌[38;2;225;220;185;48;2;214;207;168m▌[0m
[38;2;230;224;191;48;2;220;215;183m▌[38;2;141;133;97;48;2;206;195;143m▌[38;2;208;199;151;48;2;206;196;146m▛[38;2;183;183;137;48;2;207;196;145m▝[38;2;174;177;135;48;2;206;197;149m▘[38;2;192;188;147;48;2;203;196;150m▝[38;2;135;155;123;48;2;210;201;155m▀[38;2;187;180;134;48;2;202;195;150m▌[38;2;200;196;153;48;2;120;142;113m▌[38;2;93;129;107;48;2;107;141;119m▘[38;2;94;125;106;48;2;96;120;98m▌[38;2;97;119;97;48;2;105;129;104m▛[38;2;107;136;116;48;2;155;179;162m▛[38;2;112;143;124;48;2;177;197;180m▀[38;2;160;187;175;48;2;182;201;183m▀[38;2;160;187;175;48;2;183;201;183m▀[38;2;161;187;175;48;2;186;202;182m▀[38;2;160;187;175;48;2;189;204;184m▀[38;2;165;189;175;48;2;191;205;182m▀[38;2;172;192;175;48;2;203;211;186m▀[38;2;173;193;176;48;2;203;211;184m▀[38;2;177;196;177;48;2;202;211;183m▀[38;2;176;198;181;48;2;205;213;186m▀[38;2;185;198;175;48;2;167;169;136m▖[38;2;203;195;151;48;2;175;170;128m▘[38;2;134;154;122;48;2;184;163;120m▀[38;2;138;153;125;48;2;191;158;113m▀[38;2;212;171;124;48;2;203;164;117m▝[38;2;203;165;118;48;2;191;153;106m▀[38;2;211;170;123;48;2;194;155;107m▘[38;2;200;161;113;48;2;185;147;100m▌[38;2;206;165;118;48;2;195;162;114m▀[38;2;201;162;116;48;2;178;146;103m▀[38;2;164;138;100;48;2;183;148;104m▝[38;2;116;110;90;48;2;140;128;100m▀[38;2;170;143;104;48;2;105;108;94m▝[38;2;169;138;102;48;2;124;129;117m▀[38;2;162;150;120;48;2;185;161;121m▌[38;2;171;155;120;48;2;133;138;120m▌[38;2;124;135;116;48;2;160;155;127m▛[38;2;193;178;143;48;2;123;136;116m▖[38;2;108;126;108;48;2;89;113;95m▛[38;2;95;122;107;48;2;107;124;101m▀[38;2;92;116;101;48;2;113;131;103m▌[38;2;105;122;93;48;2;89;108;89m▘[38;2;99;114;87;48;2;90;103;77m▌[38;2;89;103;79;48;2;90;115;91m▌[38;2;89;117;93;48;2;90;126;102m▀[38;2;88;124;100;48;2;92;128;104m▌[38;2;86;121;97;48;2;87;123;100m▀[38;2;85;120;97;48;2;88;124;101m▀[38;2;81;118;96;48;2;86;122;98m▀[38;2;113;125;98;48;2;211;205;168m▌[38;2;226;221;187;48;2;215;208;170m▌[0m
[38;2;234;229;197;48;2;222;218;187m▌[38;2;141;135;100;48;2;209;199;149m▌[38;2;211;202;154;48;2;207;198;149m▌[38;2;199;189;139;48;2;203;193;145m▖[38;2;200;191;141;48;2;204;194;146m▌[38;2;207;198;154;48;2;202;194;148m▘[38;2;220;213;170;48;2;201;194;150m▌[38;2;200;193;149;48;2;176;178;138m▛[38;2;95;130;107;48;2;121;146;119m▞[38;2;103;140;118;48;2;146;168;142m▀[38;2;90;125;107;48;2;174;191;167m▀[38;2;106;141;119;48;2;193;203;176m▀[38;2;155;171;144;48;2;214;219;190m▘[38;2;207;215;189;48;2;224;223;192m▀[38;2;208;216;189;48;2;224;223;193m▀[38;2;208;215;188;48;2;225;224;192m▀[38;2;210;216;188;48;2;226;224;193m▀[38;2;210;217;189;48;2;226;224;192m▀[38;2;214;219;190;48;2;228;225;193m▀[38;2;219;221;191;48;2;229;225;193m▀[38;2;220;221;188;48;2;229;225;191m▀[38;2;219;221;188;48;2;229;225;189m▀[38;2;225;224;191;48;2;189;182;145m▌[38;2;165;152;111;48;2;172;147;104m▀[38;2;159;141;102;48;2;154;127;89m▘[38;2;188;151;107;48;2;163;133;93m▝[38;2;181;147;105;48;2;173;141;98m▝[38;2;189;150;105;48;2;168;138;94m▛[38;2;151;122;82;48;2;183;150;105m▖[38;2;190;157;111;48;2;190;161;117m▛[38;2;194;163;117;48;2;153;137;106m▀[38;2;173;149;112;48;2;149;136;108m▘[38;2;166;148;115;48;2;155;137;104m▞[38;2;158;140;106;48;2;164;140;101m▀[38;2;139;127;101;48;2;159;134;95m▀[38;2;142;142;121;48;2;171;141;100m▀[38;2;116;123;110;48;2;171;141;101m▀[38;2;125;129;113;48;2;143;126;93m▀[38;2;115;121;106;48;2;98;107;96m▝[38;2;179;174;138;48;2;146;145;117m▀[38;2;152;156;119;48;2;93;120;98m▌[38;2;86;109;89;48;2;99;122;96m▘[38;2;104;129;102;48;2;105;124;96m▖[38;2;99;116;94;48;2;111;128;100m▞[38;2;103;115;97;48;2;82;102;84m▖[38;2;91;106;80;48;2;94;120;94m▘[38;2;89;124;100;48;2;95;133;109m▀[38;2;90;129;105;48;2;94;133;110m▝[38;2;88;127;105;48;2;93;132;108m▘[38;2;91;130;107;48;2;93;131;106m▘[38;2;92;130;104;48;2;92;130;105m▖[38;2;92;130;105;48;2;98;138;114m▌[38;2;118;130;102;48;2;199;193;158m▌[38;2;227;222;187;48;2;216;209;173m▌[0m
[38;2;233;228;197;48;2;222;218;187m▌[38;2;145;137;98;48;2;202;191;141m▌[38;2;209;200;153;48;2;205;194;145m▘[38;2;198;187;139;48;2;202;191;143m▖[38;2;199;190;141;48;2;201;192;144m▖[38;2;198;190;142;48;2;204;195;149m▌[38;2;211;203;158;48;2;186;180;137m▌[38;2;210;201;154;48;2;159;166;128m▌[38;2;116;141;110;48;2;186;190;152m▌[38;2;233;230;199;48;2;227;223;190m▞[38;2;236;230;197;48;2;230;226;193m▀[38;2;237;231;198;48;2;231;226;192m▀[38;2;235;229;197;48;2;231;226;193m▘[38;2;233;228;195;48;2;231;226;193m▝[38;2;232;227;195;48;2;231;226;194m▀[38;2;232;228;193;48;2;232;227;194m▝[38;2;232;227;193;48;2;231;226;191m▀[38;2;233;228;195;48;2;232;226;193m▘[38;2;232;227;192;48;2;233;228;194m▞[38;2;233;227;192;48;2;233;227;193m▘[38;2;232;226;192;48;2;237;230;195m▀[38;2;230;225;190;48;2;241;232;195m▀[38;2;233;227;192;48;2;237;231;195m▀[38;2;217;210;175;48;2;231;227;194m▝[38;2;213;212;171;48;2;184;185;139m▖[38;2;186;150;106;48;2;192;176;135m▝[38;2;170;137;94;48;2;190;167;127m▀[38;2;169;135;92;48;2;182;144;97m▌[38;2;164;131;88;48;2;183;147;100m▘[38;2;184;148;100;48;2;169;136;90m▛[38;2;161;134;93;48;2;186;156;110m▛[38;2;129;137;107;48;2;175;161;122m▖[38;2;211;184;138;48;2;136;147;115m▛[38;2;148;147;112;48;2;184;154;108m▖[38;2;195;159;111;48;2;179;146;101m▘[38;2;183;148;102;48;2;200;161;114m▛[38;2;186;149;104;48;2;138;130;96m▛[38;2;141;139;104;48;2;191;193;152m▛[38;2;198;196;156;48;2;124;150;122m▌[38;2;83;94;84;48;2;114;137;113m▀[38;2;91;97;83;48;2;106;119;99m▘[38;2;124;143;111;48;2;99;126;100m▌[38;2;92;117;92;48;2;95;126;102m▛[38;2;100;126;102;48;2;101;132;107m▘[38;2;85;99;88;48;2;103;128;104m▝[38;2;81;107;88;48;2;94;128;109m▘[38;2;92;133;110;48;2;97;137;114m▞[38;2;93;134;111;48;2;97;137;114m▀[38;2;95;134;112;48;2;101;139;116m▀[38;2;96;134;112;48;2;103;141;117m▀[38;2;94;133;109;48;2;99;137;113m▘[38;2;98;136;113;48;2;110;151;130m▌[38;2;138;146;114;48;2;196;188;154m▌[38;2;230;224;190;48;2;217;211;175m▌[0m
[38;2;231;226;194;48;2;223;218;186m▌[38;2;147;139;102;48;2;201;188;140m▌[38;2;200;195;144;48;2;208;167;126m▀[38;2;198;192;141;48;2;197;158;117m▀[38;2;196;191;142;48;2;201;160;120m▀[38;2;196;181;134;48;2;199;192;144m▖[38;2;187;179;134;48;2;205;197;150m▞[38;2;221;211;165;48;2;148;160;122m▌[38;2;136;149;115;48;2;223;214;173m▌[38;2;233;228;193;48;2;234;224;179m▀[38;2;232;225;188;48;2;233;223;177m▀[38;2;231;226;189;48;2;236;225;174m▀[38;2;239;231;192;48;2;193;195;158m▀[38;2;239;230;189;48;2;153;167;147m▀[38;2;186;189;155;48;2;235;226;183m▖[38;2;231;225;188;48;2;239;225;170m▀[38;2;232;225;187;48;2;236;224;172m▀[38;2;232;226;188;48;2;237;225;173m▀[38;2;232;225;188;48;2;240;227;173m▀[38;2;232;225;182;48;2;174;180;148m▛[38;2;218;215;179;48;2;119;145;136m▀[38;2;191;197;168;48;2;100;131;129m▀[38;2;217;214;176;48;2;111;136;127m▀[38;2;136;156;141;48;2;216;212;175m▖[38;2;209;204;159;48;2;222;215;166m▖[38;2;180;175;128;48;2;194;186;138m▛[38;2;195;187;142;48;2;204;198;154m▞[38;2;162;147;106;48;2;140;163;125m▀[38;2;144;147;110;48;2;186;173;127m▌[38;2;203;180;135;48;2;229;222;175m▀[38;2;213;199;154;48;2;145;159;124m▌[38;2;137;151;117;48;2;109;140;114m▝[38;2;126;149;119;48;2;202;197;153m▝[38;2;135;156;126;48;2;103;139;114m▞[38;2;171;164;125;48;2;187;179;131m▛[38;2;180;182;140;48;2;136;144;110m▖[38;2;127;148;117;48;2;195;191;147m▛[38;2;219;211;168;48;2;237;226;183m▘[38;2;189;195;155;48;2;109;146;116m▌[38;2;139;153;117;48;2;100;131;102m▖[38;2;94;121;96;48;2;104;140;112m▘[38;2;99;129;101;48;2;94;122;95m▀[38;2;96;129;103;48;2;100;140;114m▛[38;2;101;130;103;48;2;98;128;100m▝[38;2;98;128;102;48;2;89;124;96m▀[38;2;89;123;103;48;2;96;135;109m▌[38;2;94;132;107;48;2;98;137;110m▀[38;2;99;138;110;48;2;102;141;114m▀[38;2;104;140;113;48;2;107;143;117m▀[38;2;99;137;111;48;2;103;141;114m▀[38;2;106;142;114;48;2;112;147;119m▌[38;2;106;142;113;48;2;107;148;124m▌[38;2;137;147;115;48;2;199;192;157m▌[38;2;228;223;189;48;2;218;212;176m▌[0m
[38;2;231;226;194;48;2;225;220;188m▌[38;2;157;152;110;48;2;195;168;125m▌[38;2;199;122;99;48;2;163;99;77m▌[38;2;194;116;92;48;2;164;102;76m▛[38;2;183;111;86;48;2;209;130;103m▌[38;2;194;171;125;48;2;201;195;148m▌[38;2;187;179;134;48;2;206;197;150m▌[38;2;178;180;138;48;2;201;194;146m▝[38;2;211;200;150;48;2;125;141;120m▝[38;2;227;213;153;48;2;134;155;137m▀[38;2;225;209;149;48;2;130;150;132m▀[38;2;191;189;143;48;2;126;151;141m▘[38;2;106;137;136;48;2;117;146;142m▝[38;2;106;138;139;48;2;116;145;142m▀[38;2;138;159;144;48;2;107;140;141m▝[38;2;191;186;136;48;2;104;136;137m▀[38;2;214;201;140;48;2;109;140;137m▀[38;2;208;198;139;48;2;101;132;129m▀[38;2;167;173;137;48;2;82;111;113m▀[38;2;119;144;136;48;2;103;134;135m▘[38;2;104;137;138;48;2;112;142;141m▘[38;2;115;143;139;48;2;106;139;141m▀[38;2;107;140;140;48;2;114;147;147m▛[38;2;105;137;137;48;2;117;151;150m▀[38;2;142;160;144;48;2;228;219;172m▌[38;2;210;203;155;48;2;182;174;126m▌[38;2;210;202;156;48;2;216;208;162m▌[38;2;108;141;113;48;2;154;168;129m▝[38;2;133;153;120;48;2;115;146;117m▝[38;2;187;182;135;48;2;234;225;179m▌[38;2;182;186;144;48;2;227;219;173m▝[38;2;132;155;122;48;2;106;140;111m▞[38;2;167;164;123;48;2;235;226;183m▌[38;2;223;217;175;48;2;137;159;125m▌[38;2;115;144;115;48;2;166;162;119m▌[38;2;167;159;117;48;2;205;197;153m▘[38;2;171;162;116;48;2;206;198;152m▘[38;2;230;222;180;48;2;234;225;182m▖[38;2;192;195;153;48;2;222;213;169m▀[38;2;212;203;156;48;2;148;155;118m▌[38;2;98;134;107;48;2;93;126;99m▘[38;2;90;121;95;48;2;85;117;93m▌[38;2;93;133;108;48;2;90;128;104m▀[38;2;91;124;98;48;2;95;129;103m▌[38;2;87;121;93;48;2;90;128;103m▌[38;2;96;136;112;48;2;91;131;109m▀[38;2;95;134;109;48;2;94;134;111m▀[38;2;96;136;109;48;2;98;137;112m▘[38;2;105;142;117;48;2;109;145;120m▛[38;2;105;142;117;48;2;98;138;115m▛[38;2;101;138;113;48;2;95;135;111m▀[38;2;106;147;122;48;2;95;135;111m▝[38;2;111;124;98;48;2;195;189;156m▌[38;2;230;225;190;48;2;217;211;174m▌[0m
[38;2;231;226;194;48;2;228;222;189m▌[38;2;156;150;108;48;2;195;165;123m▌[38;2;198;121;96;48;2;212;128;105m▝[38;2;155;97;73;48;2;192;116;92m▝[38;2;186;113;88;48;2;207;129;102m▌[38;2;196;173;128;48;2;201;195;145m▌[38;2;193;184;134;48;2;213;202;153m▌[38;2;211;203;153;48;2;174;169;129m▌[38;2;109;133;126;48;2;106;141;143m▌[38;2;113;146;145;48;2;102;136;140m▌[38;2;103;137;141;48;2;108;142;144m▘[38;2;106;139;141;48;2;110;142;144m▀[38;2;106;138;139;48;2;97;128;129m▀[38;2;108;140;141;48;2;100;133;136m▘[38;2;104;137;142;48;2;109;143;147m▌[38;2;105;139;141;48;2;111;145;150m▖[38;2;113;146;150;48;2;102;138;143m▖[38;2;106;141;144;48;2;111;144;147m▛[38;2;112;145;150;48;2;109;138;139m▖[38;2;117;146;143;48;2;99;125;121m▀[38;2;107;135;131;48;2;88;113;110m▛[38;2;107;133;129;48;2;86;113;112m▀[38;2;109;139;137;48;2;80;108;110m▀[38;2;118;149;146;48;2;78;107;111m▀[38;2;113;136;127;48;2;217;211;166m▌[38;2;207;197;147;48;2;187;178;128m▌[38;2;195;186;136;48;2;219;210;164m▖[38;2;197;188;137;48;2;221;210;161m▌[38;2;102;140;111;48;2;191;192;147m▝[38;2;162;168;125;48;2;225;214;166m▌[38;2;235;226;181;48;2;221;212;167m▌[38;2;167;181;145;48;2;214;206;161m▝[38;2;201;192;148;48;2;161;164;122m▞[38;2;236;228;185;48;2;214;206;160m▌[38;2;185;184;141;48;2;210;199;152m▀[38;2;204;196;147;48;2;225;216;172m▌[38;2;196;189;142;48;2;185;177;130m▀[38;2;223;215;169;48;2;232;223;178m▌[38;2;225;216;171;48;2;219;209;163m▌[38;2;155;157;117;48;2;93;131;101m▌[38;2;92;130;101;48;2;89;125;95m▀[38;2;94;131;103;48;2;87;117;90m▌[38;2;83;116;87;48;2;91;130;102m▖[38;2;93;131;103;48;2;92;128;100m▞[38;2;93;125;98;48;2;85;119;92m▖[38;2;90;130;106;48;2;96;135;110m▛[38;2;96;136;112;48;2;94;134;108m▝[38;2;93;133;110;48;2;94;135;112m▞[38;2;102;140;115;48;2;96;134;109m▛[38;2;99;137;114;48;2;93;132;108m▘[38;2;94;133;109;48;2;96;135;112m▛[38;2;94;133;110;48;2;102;144;120m▌[38;2;121;131;103;48;2;202;196;163m▌[38;2;229;224;190;48;2;219;213;177m▌[0m
[38;2;232;226;195;48;2;226;220;188m▌[38;2;149;144;102;48;2;193;165;120m▌[38;2;212;127;104;48;2;209;124;100m▘[38;2;163;98;73;48;2;185;111;85m▌[38;2;210;125;100;48;2;208;130;102m▌[38;2;199;192;142;48;2;194;177;126m▝[38;2;198;191;145;48;2;188;179;129m▝[38;2;182;177;131;48;2;197;190;143m▞[38;2;103;122;115;48;2;63;75;75m▛[38;2;93;125;128;48;2;75;97;100m▀[38;2;93;121;123;48;2;73;95;97m▀[38;2;74;102;108;48;2;100;134;139m▖[38;2;81;107;111;48;2;95;130;137m▖[38;2;104;137;141;48;2;84;118;127m▀[38;2;104;140;146;48;2;80;108;114m▀[38;2;92;124;132;48;2;102;139;147m▖[38;2;100;138;147;48;2;79;110;116m▛[38;2;84;117;125;48;2;100;137;145m▖[38;2;101;134;138;48;2;92;121;122m▌[38;2;82;109;111;48;2;94;127;126m▛[38;2;88;117;120;48;2;88;124;112m▀[38;2;93;123;111;48;2;117;146;127m▌[38;2;121;154;124;48;2;164;174;142m▖[38;2;138;148;123;48;2;186;183;132m▀[38;2;156;165;137;48;2;228;218;168m▘[38;2;188;179;129;48;2;214;206;157m▛[38;2;230;221;174;48;2;204;195;145m▝[38;2;194;184;133;48;2;221;212;166m▘[38;2;223;212;164;48;2;210;201;152m▝[38;2;193;183;134;48;2;220;211;162m▌[38;2;234;224;177;48;2;215;205;157m▌[38;2;209;201;155;48;2;214;205;159m▛[38;2;167;160;116;48;2;205;196;148m▖[38;2;232;223;176;48;2;211;201;153m▌[38;2;207;199;152;48;2;211;202;155m▌[38;2;216;207;160;48;2;199;190;142m▝[38;2;160;153;109;48;2;214;205;158m▝[38;2;179;170;121;48;2;226;217;171m▖[38;2;227;218;172;48;2;213;203;156m▌[38;2;204;194;147;48;2;127;145;109m▌[38;2;96;132;101;48;2;87;121;90m▖[38;2;98;136;104;48;2;89;120;90m▘[38;2;83;113;84;48;2;89;127;97m▘[38;2;94;133;104;48;2;93;129;98m▘[38;2;92;125;96;48;2;92;130;101m▌[38;2;98;137;109;48;2;92;131;104m▝[38;2;97;136;106;48;2;98;137;108m▝[38;2;96;134;106;48;2;95;134;107m▝[38;2;97;134;105;48;2;102;139;110m▝[38;2;99;134;106;48;2;102;139;109m▀[38;2;93;131;102;48;2;99;136;105m▀[38;2;94;131;102;48;2;98;138;110m▌[38;2;131;141;109;48;2;211;204;171m▌[38;2;227;222;188;48;2;220;215;180m▌[0m
[38;2;230;226;194;48;2;228;223;191m▌[38;2;153;149;110;48;2;190;165;120m▌[38;2;207;122;96;48;2;198;114;89m▛[38;2;182;111;84;48;2;157;94;68m▀[38;2;206;121;94;48;2;210;132;103m▌[38;2;195;180;133;48;2;199;194;150m▛[38;2;196;186;136;48;2;201;193;147m▘[38;2;199;192;144;48;2;175;172;133m▌[38;2;109;128;112;48;2;93;128;113m▘[38;2;93;126;122;48;2;89;130;113m▀[38;2;105;132;124;48;2;94;135;117m▀[38;2;97;124;118;48;2;97;140;123m▀[38;2;83;112;109;48;2;108;142;126m▘[38;2;123;129;111;48;2;110;147;125m▀[38;2;142;140;113;48;2;107;143;122m▀[38;2;135;143;114;48;2;159;158;126m▌[38;2;168;159;122;48;2;128;138;115m▖[38;2;159;166;135;48;2;140;148;120m▞[38;2;166;163;125;48;2;107;141;119m▀[38;2;105;143;122;48;2;101;135;109m▛[38;2;104;141;111;48;2;113;148;118m▀[38;2;105;137;107;48;2;117;148;117m▛[38;2;112;145;115;48;2;123;154;123m▀[38;2;122;152;121;48;2;183;185;142m▌[38;2;225;215;168;48;2;212;202;155m▛[38;2;200;191;140;48;2;225;216;169m▘[38;2;196;187;139;48;2;212;203;155m▞[38;2;232;223;177;48;2;215;205;157m▌[38;2;208;200;152;48;2;212;203;157m▘[38;2;210;200;152;48;2;226;216;169m▌[38;2;203;194;146;48;2;216;207;161m▖[38;2;212;204;158;48;2;217;209;165m▛[38;2;164;156;110;48;2;202;193;147m▘[38;2;234;226;182;48;2;212;203;158m▌[38;2;211;203;158;48;2;209;200;154m▛[38;2;213;205;161;48;2;204;196;150m▌[38;2;212;204;159;48;2;204;196;151m▛[38;2;191;182;134;48;2;234;226;183m▌[38;2;223;214;170;48;2;208;200;155m▌[38;2;217;204;157;48;2;209;201;156m▝[38;2;174;174;133;48;2;99;134;105m▌[38;2;98;134;106;48;2;88;121;92m▖[38;2;93;129;100;48;2;99;138;110m▝[38;2;88;127;99;48;2;99;138;109m▘[38;2;97;133;104;48;2;103;142;113m▛[38;2;96;136;109;48;2;104;145;116m▀[38;2;101;140;111;48;2;108;148;116m▀[38;2;98;138;110;48;2;104;144;114m▀[38;2;102;141;113;48;2;111;149;121m▀[38;2;110;144;113;48;2;118;151;120m▛[38;2;105;142;114;48;2;113;148;117m▝[38;2;107;147;121;48;2;102;140;112m▝[38;2;122;134;104;48;2;211;204;170m▌[38;2;225;220;185;48;2;218;213;176m▌[0m
[38;2;232;226;193;48;2;226;221;189m▌[38;2;152;145;104;48;2;193;175;129m▌[38;2;208;117;92;48;2;201;169;124m▀[38;2;181;104;79;48;2;204;171;126m▀[38;2;210;122;95;48;2;200;169;124m▀[38;2;192;167;123;48;2;201;192;148m▘[38;2;196;188;143;48;2;207;199;155m▌[38;2;208;200;157;48;2;132;142;120m▌[38;2;81;113;96;48;2;79;120;135m▀[38;2;87;125;132;48;2;85;122;109m▖[38;2;82;121;112;48;2;89;128;111m▖[38;2;89;131;114;48;2;89;127;108m▛[38;2;91;132;114;48;2;114;145;121m▛[38;2;88;132;117;48;2;102;140;119m▀[38;2;93;139;123;48;2;95;135;114m▀[38;2;114;147;126;48;2;97;138;117m▀[38;2;110;145;124;48;2;100;139;118m▀[38;2;101;141;120;48;2;105;143;121m▞[38;2;100;139;116;48;2;111;146;115m▛[38;2;97;129;104;48;2;116;152;121m▘[38;2;119;153;121;48;2;115;148;115m▘[38;2;116;149;116;48;2;131;155;118m▛[38;2;120;151;119;48;2;191;191;146m▀[38;2;172;179;138;48;2;225;215;168m▘[38;2;220;211;163;48;2;214;204;155m▘[38;2;220;210;163;48;2;209;199;150m▌[38;2;213;203;154;48;2;231;222;176m▌[38;2;208;199;152;48;2;217;207;159m▝[38;2;215;206;159;48;2;202;192;142m▌[38;2;215;206;156;48;2;205;194;145m▞[38;2;209;199;151;48;2;218;207;160m▘[38;2;215;205;158;48;2;205;195;146m▛[38;2;188;178;130;48;2;231;222;176m▛[38;2;230;221;174;48;2;210;201;153m▌[38;2;210;201;154;48;2;202;193;145m▀[38;2;224;215;169;48;2;216;206;159m▌[38;2;228;218;172;48;2;211;203;155m▖[38;2;218;209;165;48;2;195;186;136m▞[38;2;226;217;172;48;2;211;202;157m▌[38;2;205;197;151;48;2;181;176;133m▌[38;2;106;137;107;48;2;113;154;122m▛[38;2;108;145;115;48;2;102;134;104m▌[38;2;99;133;104;48;2;114;151;120m▛[38;2;103;138;108;48;2;112;148;117m▘[38;2;119;156;124;48;2;106;141;111m▖[38;2;112;139;106;48;2;108;145;115m▖[38;2;111;148;116;48;2;117;153;119m▀[38;2;110;148;116;48;2;123;156;121m▀[38;2;117;153;122;48;2;125;155;120m▀[38;2;122;152;121;48;2;125;152;117m▀[38;2;110;145;113;48;2;120;150;117m▝[38;2;112;146;115;48;2;120;152;119m▀[38;2;134;142;110;48;2;213;207;172m▌[38;2;224;219;185;48;2;217;211;174m▌[0m
[38;2;231;226;193;48;2;223;218;185m▌[38;2;151;143;106;48;2;213;203;157m▌[38;2;208;201;147;48;2;213;203;153m▝[38;2;204;196;143;48;2;211;200;151m▀[38;2;206;201;152;48;2;204;195;146m▝[38;2;207;198;151;48;2;202;192;140m▀[38;2;202;194;149;48;2;199;189;138m▀[38;2;194;185;138;48;2;120;139;129m▌[38;2;80;125;150;48;2;75;120;144m▀[38;2;82;125;147;48;2;75;120;144m▀[38;2;76;121;146;48;2;71;114;128m▛[38;2;74;116;138;48;2;81;123;125m▀[38;2;88;124;138;48;2;96;132;116m▀[38;2;96;131;116;48;2;80;115;105m▞[38;2;85;122;113;48;2;94;129;109m▀[38;2;94;131;116;48;2;93;128;104m▀[38;2;97;133;112;48;2;98;132;105m▀[38;2;106;141;112;48;2;109;143;114m▀[38;2;112;146;114;48;2;140;158;122m▛[38;2;109;141;109;48;2;183;184;142m▀[38;2;122;152;116;48;2;216;209;164m▀[38;2;188;190;145;48;2;237;227;182m▀[38;2;231;219;173;48;2;219;209;161m▛[38;2;214;203;156;48;2;219;209;161m▞[38;2;225;216;170;48;2;216;206;159m▖[38;2;198;187;137;48;2;216;206;158m▞[38;2;230;219;173;48;2;215;205;155m▛[38;2;210;201;153;48;2;217;207;160m▖[38;2;211;201;152;48;2;214;204;154m▛[38;2;209;198;148;48;2;224;214;167m▛[38;2;211;201;155;48;2;213;204;157m▖[38;2;212;204;158;48;2;223;214;168m▀[38;2;200;191;143;48;2;170;162;114m▛[38;2;232;223;178;48;2;211;202;156m▌[38;2;200;192;147;48;2;202;195;151m▞[38;2;216;205;157;48;2;199;191;144m▀[38;2;213;204;157;48;2;229;220;176m▝[38;2;210;202;157;48;2;203;194;148m▖[38;2;213;203;156;48;2;228;219;174m▌[38;2;207;198;152;48;2;201;193;147m▖[38;2;202;191;146;48;2;132;153;115m▖[38;2;126;155;121;48;2;111;139;107m▖[38;2;110;140;107;48;2;135;169;135m▌[38;2;140;167;132;48;2;119;148;114m▖[38;2;121;156;123;48;2;144;171;136m▀[38;2;121;151;117;48;2;144;170;134m▀[38;2;129;157;120;48;2;154;175;137m▛[38;2;131;160;123;48;2;151;174;134m▀[38;2;153;172;131;48;2;140;159;116m▌[38;2;137;159;118;48;2;153;172;128m▀[38;2;128;155;117;48;2;145;167;125m▀[38;2;132;160;121;48;2;147;173;135m▛[38;2;131;137;105;48;2;203;198;164m▌[38;2;225;220;185;48;2;217;211;175m▌[0m
[38;2;232;226;193;48;2;222;217;184m▌[38;2;157;149;110;48;2;215;204;156m▌[38;2;215;204;154;48;2;218;207;158m▀[38;2;215;204;155;48;2;211;200;149m▘[38;2;207;196;146;48;2;210;200;152m▖[38;2;207;197;145;48;2;204;193;140m▌[38;2;202;192;140;48;2;198;188;134m▛[38;2;200;190;139;48;2;153;158;134m▌[38;2;77;119;139;48;2;88;130;148m▌[38;2;96;135;149;48;2;84;126;146m▖[38;2;76;117;125;48;2;82;124;144m▝[38;2;90;127;124;48;2;80;125;150m▀[38;2;134;151;133;48;2;64;113;143m▀[38;2;103;131;112;48;2;66;115;145m▀[38;2;88;124;112;48;2;126;150;141m▛[38;2;91;132;108;48;2;139;163;148m▀[38;2;97;138;113;48;2;147;163;137m▀[38;2;116;148;117;48;2;179;178;133m▀[38;2;198;192;143;48;2;229;217;168m▌[38;2;238;226;178;48;2;227;218;172m▀[38;2;235;223;176;48;2;217;206;157m▀[38;2;223;214;168;48;2;195;183;130m▀[38;2;217;207;157;48;2;232;223;179m▛[38;2;225;214;169;48;2;212;202;157m▛[38;2;205;195;147;48;2;216;207;160m▝[38;2;210;200;152;48;2;233;224;180m▘[38;2;200;190;141;48;2;219;209;162m▖[38;2;207;196;147;48;2;216;206;159m▖[38;2;204;193;143;48;2;211;200;152m▞[38;2;224;214;168;48;2;213;203;158m▛[38;2;226;217;172;48;2;213;202;155m▞[38;2;214;205;158;48;2;186;177;132m▘[38;2;174;166;120;48;2;159;151;106m▛[38;2;203;194;151;48;2;224;215;172m▖[38;2;214;206;164;48;2;207;198;155m▝[38;2;202;193;148;48;2;209;200;154m▌[38;2;233;224;182;48;2;230;220;177m▛[38;2;215;206;163;48;2;202;194;150m▌[38;2;232;224;183;48;2;196;188;143m▝[38;2;213;204;160;48;2;184;176;129m▌[38;2;185;178;134;48;2;153;169;127m▌[38;2;145;166;130;48;2;162;177;137m▀[38;2;141;157;117;48;2;168;185;144m▌[38;2;185;198;157;48;2;160;177;137m▖[38;2;159;177;136;48;2;178;190;148m▀[38;2;164;185;144;48;2;184;196;155m▀[38;2;160;176;135;48;2;181;190;145m▀[38;2;182;194;153;48;2;198;201;155m▀[38;2;191;193;146;48;2;205;201;153m▛[38;2;185;193;147;48;2;215;210;165m▀[38;2;173;186;144;48;2;214;210;166m▀[38;2;171;186;147;48;2;213;210;167m▀[38;2;160;155;118;48;2;198;193;159m▌[38;2;226;221;186;48;2;216;210;174m▌[0m
[38;2;229;223;189;48;2;218;213;180m▌[38;2;156;149;111;48;2;218;209;164m▌[38;2;214;203;153;48;2;219;209;163m▛[38;2;210;198;144;48;2;212;201;151m▀[38;2;207;195;144;48;2;212;202;154m▘[38;2;209;198;148;48;2;212;201;154m▀[38;2;198;187;134;48;2;205;194;145m▝[38;2;200;189;137;48;2;203;193;143m▘[38;2;220;209;161;48;2;118;141;139m▖[38;2;83;122;136;48;2;90;129;143m▌[38;2;84;126;143;48;2;90;130;145m▖[38;2;82;121;135;48;2;116;140;135m▌[38;2;172;180;154;48;2;144;163;154m▀[38;2;171;179;152;48;2;153;165;147m▀[38;2;225;211;160;48;2;136;151;133m▀[38;2;217;202;148;48;2;125;146;138m▀[38;2;217;202;148;48;2;157;167;141m▀[38;2;179;174;131;48;2;202;190;137m▖[38;2;231;219;169;48;2;216;202;148m▛[38;2;214;203;153;48;2;168;158;113m▛[38;2;183;172;122;48;2;215;203;152m▞[38;2;225;213;163;48;2;199;188;138m▛[38;2;209;199;152;48;2;223;212;164m▞[38;2;214;204;159;48;2;232;222;177m▀[38;2;230;221;178;48;2;219;210;165m▞[38;2;219;209;165;48;2;209;200;154m▌[38;2;211;201;156;48;2;189;181;136m▛[38;2;199;190;144;48;2;208;199;153m▖[38;2;207;196;147;48;2;222;212;168m▘[38;2;214;205;160;48;2;197;189;142m▛[38;2;213;203;156;48;2;193;184;136m▘[38;2;170;161;115;48;2;155;147;103m▛[38;2;137;129;90;48;2;146;139;98m▞[38;2;226;218;174;48;2;212;204;158m▖[38;2;198;190;145;48;2;194;185;139m▀[38;2;207;198;154;48;2;194;185;138m▞[38;2;231;223;181;48;2;228;219;174m▀[38;2;208;199;156;48;2;196;188;146m▌[38;2;193;185;139;48;2;216;208;164m▛[38;2;187;179;134;48;2;192;184;140m▖[38;2;195;186;140;48;2;181;176;130m▖[38;2;179;182;140;48;2;206;204;158m▝[38;2;165;168;124;48;2;189;187;142m▘[38;2;217;216;172;48;2;206;204;160m▌[38;2;208;207;165;48;2;223;216;172m▛[38;2;206;208;165;48;2;220;214;169m▀[38;2;192;189;144;48;2;205;202;157m▌[38;2;217;211;165;48;2;207;201;154m▌[38;2;217;208;160;48;2;226;217;174m▀[38;2;225;216;169;48;2;225;215;170m▘[38;2;226;216;171;48;2;224;214;168m▀[38;2;223;214;170;48;2;229;221;182m▌[38;2;176;167;126;48;2;199;193;158m▌[38;2;225;218;183;48;2;216;210;174m▌[0m
[38;2;229;223;188;48;2;219;214;181m▌[38;2;156;149;112;48;2;217;208;167m▌[38;2;216;207;163;48;2;206;197;152m▝[38;2;208;198;152;48;2;203;193;147m▛[38;2;198;188;140;48;2;205;196;149m▖[38;2;202;192;144;48;2;209;200;153m▖[38;2;209;200;155;48;2;198;190;146m▀[38;2;205;197;150;48;2;202;193;148m▌[38;2;195;190;152;48;2;221;211;165m▞[38;2;116;144;144;48;2;91;132;145m▞[38;2;106;144;152;48;2;97;136;148m▛[38;2;116;152;157;48;2;102;140;151m▀[38;2;97;139;152;48;2;116;152;156m▀[38;2;101;141;151;48;2;116;150;154m▛[38;2;114;150;155;48;2;101;142;154m▖[38;2;101;144;158;48;2;100;139;149m▀[38;2;130;151;142;48;2;107;144;152m▝[38;2;179;186;159;48;2;91;133;147m▀[38;2;178;179;145;48;2;92;133;146m▀[38;2;180;176;135;48;2;89;127;140m▀[38;2;156;149;106;48;2;102;132;135m▀[38;2;152;151;114;48;2;215;207;163m▛[38;2;231;221;175;48;2;227;218;172m▞[38;2;228;220;176;48;2;209;201;156m▘[38;2;197;189;144;48;2;213;204;161m▌[38;2;175;166;121;48;2;205;197;152m▖[38;2;187;179;134;48;2;220;211;168m▀[38;2;222;213;169;48;2;206;197;153m▀[38;2;206;197;152;48;2;188;180;135m▛[38;2;182;174;128;48;2;192;184;138m▖[38;2;177;170;126;48;2;185;176;131m▀[38;2;171;163;117;48;2;151;143;101m▖[38;2;152;145;107;48;2;131;124;89m▖[38;2;195;187;142;48;2;225;217;173m▌[38;2;201;193;149;48;2;194;186;142m▌[38;2;194;186;141;48;2;209;200;154m▛[38;2;220;211;168;48;2;232;223;181m▌[38;2;213;204;158;48;2;197;188;143m▌[38;2;200;193;150;48;2;173;165;122m▞[38;2;187;179;134;48;2;199;192;147m▞[38;2;190;181;135;48;2;179;171;123m▛[38;2;217;211;166;48;2;223;215;169m▀[38;2;200;192;145;48;2;212;204;157m▌[38;2;221;213;165;48;2;214;206;160m▌[38;2;214;207;160;48;2;222;213;167m▘[38;2;220;211;162;48;2;224;216;169m▝[38;2;211;201;153;48;2;217;207;158m▌[38;2;216;206;156;48;2;223;212;164m▘[38;2;225;214;167;48;2;224;213;163m▀[38;2;226;216;170;48;2;224;213;164m▀[38;2;224;215;170;48;2;223;211;161m▀[38;2;222;213;171;48;2;229;221;183m▌[38;2;166;158;119;48;2;199;194;161m▌[38;2;224;218;183;48;2;217;211;177m▌[0m
[38;2;226;220;185;48;2;227;222;190m▌[38;2;179;171;129;48;2;206;197;153m▌[38;2;207;198;154;48;2;206;196;148m▌[38;2;203;194;146;48;2;204;192;142m▀[38;2;198;187;135;48;2;201;191;143m▖[38;2;200;191;144;48;2;197;187;137m▝[38;2;199;190;141;48;2;186;179;140m▌[38;2;175;168;130;48;2;200;192;144m▖[38;2;224;213;166;48;2;196;187;140m▝[38;2;132;145;134;48;2;215;207;160m▝[38;2;142;153;135;48;2;102;139;148m▖[38;2;105;143;148;48;2;122;158;158m▛[38;2;120;155;158;48;2;131;162;159m▛[38;2;111;149;154;48;2;119;154;156m▝[38;2;113;150;154;48;2;123;158;160m▌[38;2;122;157;159;48;2;109;147;153m▖[38;2;100;138;147;48;2;107;144;150m▝[38;2;123;157;157;48;2;110;147;150m▀[38;2;111;143;145;48;2;141;152;129m▛[38;2;140;153;136;48;2;189;190;155m▘[38;2;200;200;162;48;2;208;203;161m▌[38;2;229;216;165;48;2;177;180;148m▀[38;2;215;204;153;48;2;191;187;145m▀[38;2;195;189;144;48;2;159;166;138m▛[38;2;190;184;140;48;2;226;217;171m▛[38;2;233;224;180;48;2;205;197;153m▞[38;2;221;211;167;48;2;211;202;157m▘[38;2;212;203;158;48;2;212;203;159m▘[38;2;231;223;181;48;2;187;178;134m▌[38;2;187;179;134;48;2;203;195;151m▛[38;2;170;161;116;48;2;187;179;136m▛[38;2;172;165;120;48;2;189;181;137m▀[38;2;173;165;122;48;2;202;194;150m▛[38;2;218;209;165;48;2;232;223;181m▘[38;2;218;210;170;48;2;205;198;155m▖[38;2;210;200;156;48;2;193;185;141m▝[38;2;230;221;180;48;2;232;223;182m▞[38;2;225;216;176;48;2;200;191;147m▌[38;2;201;193;151;48;2;185;177;134m▖[38;2;205;196;154;48;2;182;173;130m▌[38;2;168;161;119;48;2;191;182;138m▖[38;2;225;216;173;48;2;228;218;174m▌[38;2;220;211;167;48;2;212;202;157m▝[38;2;223;213;168;48;2;227;218;176m▘[38;2;224;215;169;48;2;226;217;174m▘[38;2;223;214;171;48;2;216;207;162m▀[38;2;209;200;155;48;2;227;216;171m▀[38;2;225;215;170;48;2;226;217;173m▞[38;2;224;214;168;48;2;224;215;172m▀[38;2;223;213;166;48;2;223;215;173m▀[38;2;223;213;168;48;2;224;216;175m▀[38;2;223;215;176;48;2;227;219;181m▌[38;2;172;163;124;48;2;208;202;168m▌[38;2;224;217;182;48;2;216;211;176m▌[0m
[38;2;224;219;185;48;2;227;222;190m▌[38;2;199;190;144;48;2;185;176;132m▝[38;2;200;191;145;48;2;193;186;145m▛[38;2;200;192;148;48;2;197;188;143m▖[38;2;198;188;140;48;2;198;189;146m▀[38;2;189;180;132;48;2;195;186;140m▝[38;2;198;189;143;48;2;218;209;165m▛[38;2;166;159;119;48;2;191;182;136m▘[38;2;193;185;138;48;2;184;177;134m▛[38;2;198;190;142;48;2;190;183;139m▝[38;2;163;160;118;48;2;193;189;144m▖[38;2;130;150;141;48;2;207;200;157m▀[38;2;101;143;157;48;2;174;187;166m▀[38;2;111;149;156;48;2;101;136;146m▀[38;2;102;140;151;48;2;113;148;154m▛[38;2;114;150;156;48;2;92;133;147m▌[38;2;106;144;154;48;2;84;127;145m▝[38;2;92;134;149;48;2;104;143;153m▛[38;2;103;142;154;48;2;120;153;156m▀[38;2;86;130;147;48;2;101;138;149m▀[38;2;103;140;149;48;2;114;149;154m▛[38;2;101;140;150;48;2;118;153;157m▀[38;2;108;143;151;48;2;90;131;148m▀[38;2;116;151;157;48;2;112;145;150m▌[38;2;234;223;176;48;2;142;161;150m▝[38;2;209;200;155;48;2;139;162;155m▀[38;2;221;209;160;48;2;170;178;156m▀[38;2;214;204;159;48;2;159;174;158m▀[38;2;209;200;155;48;2;168;177;156m▀[38;2;201;196;157;48;2;156;168;152m▛[38;2;212;202;155;48;2;145;155;138m▀[38;2;190;180;135;48;2;126;147;139m▀[38;2;180;173;130;48;2;217;211;171m▘[38;2;231;223;185;48;2;227;220;182m▀[38;2;223;216;176;48;2;204;197;157m▌[38;2;180;174;134;48;2;157;150;110m▌[38;2;221;214;174;48;2;202;195;152m▛[38;2;208;200;158;48;2;227;219;180m▞[38;2;194;186;143;48;2;182;174;128m▌[38;2;215;207;164;48;2;187;179;134m▌[38;2;164;156;114;48;2;187;179;135m▘[38;2;227;218;175;48;2;222;213;170m▀[38;2;208;199;154;48;2;215;206;162m▀[38;2;222;213;170;48;2;227;217;172m▖[38;2;227;218;174;48;2;219;209;163m▌[38;2;217;207;160;48;2;222;213;169m▌[38;2;224;214;168;48;2;226;216;170m▞[38;2;225;214;168;48;2;225;215;172m▀[38;2;224;214;170;48;2;225;215;173m▀[38;2;225;216;175;48;2;223;214;171m▖[38;2;225;216;177;48;2;223;212;167m▝[38;2;222;213;172;48;2;226;219;182m▌[38;2;166;158;120;48;2;209;203;170m▌[38;2;223;217;182;48;2;217;211;178m▌[0m
[38;2;209;202;163;48;2;224;219;186m▌[38;2;193;185;142;48;2;186;176;127m▌[38;2;193;185;143;48;2;207;198;155m▝[38;2;181;173;125;48;2;197;188;143m▖[38;2;199;190;145;48;2;201;192;147m▞[38;2;198;189;144;48;2;206;198;154m▛[38;2;174;166;123;48;2;200;191;149m▖[38;2;229;220;177;48;2;206;196;153m▝[38;2;200;193;152;48;2;227;218;173m▝[38;2;200;193;150;48;2;171;164;126m▞[38;2;206;197;150;48;2;172;164;119m▛[38;2;186;176;128;48;2;206;197;150m▞[38;2;222;210;160;48;2;175;173;133m▀[38;2;91;124;135;48;2;193;193;159m▝[38;2;68;111;140;48;2;107;139;147m▀[38;2;72;117;145;48;2;116;152;160m▀[38;2;78;113;128;48;2;103;133;138m▘[38;2;114;145;142;48;2;107;135;134m▀[38;2;118;144;139;48;2;114;131;120m▀[38;2;109;135;134;48;2;130;145;130m▀[38;2;110;140;140;48;2;134;166;164m▛[38;2;140;166;156;48;2;115;141;139m▖[38;2;110;136;137;48;2;130;146;136m▀[38;2;97;129;138;48;2;141;171;169m▛[38;2;74;116;139;48;2;146;174;169m▀[38;2;74;117;141;48;2;111;147;153m▀[38;2;75;117;141;48;2;132;161;160m▀[38;2;95;132;147;48;2;128;142;132m▀[38;2;90;128;144;48;2;117;135;130m▀[38;2;86;126;146;48;2;127;153;150m▀[38;2;78;121;145;48;2;111;144;148m▀[38;2;96;132;144;48;2;143;159;144m▌[38;2;231;222;179;48;2;128;153;149m▀[38;2;225;216;172;48;2;134;158;154m▀[38;2;207;198;153;48;2;131;152;143m▀[38;2;182;173;129;48;2;140;160;148m▀[38;2;233;223;180;48;2;173;177;150m▘[38;2;221;212;170;48;2;178;174;135m▝[38;2;193;186;144;48;2;214;207;165m▛[38;2;219;211;168;48;2;190;181;136m▘[38;2;197;189;145;48;2;183;174;126m▛[38;2;219;210;166;48;2;217;207;158m▀[38;2;222;213;168;48;2;217;207;160m▌[38;2;224;214;170;48;2;214;203;154m▛[38;2;218;208;161;48;2;221;210;163m▀[38;2;222;210;160;48;2;225;214;169m▝[38;2;225;215;171;48;2;224;213;167m▝[38;2;224;214;169;48;2;223;213;166m▀[38;2;225;215;174;48;2;223;213;168m▀[38;2;224;215;173;48;2;223;212;168m▘[38;2;220;208;159;48;2;222;213;170m▀[38;2;221;211;168;48;2;223;216;180m▌[38;2;159;151;114;48;2;211;205;173m▌[38;2;222;216;182;48;2;219;214;183m▌[0m
[38;2;206;200;161;48;2;225;219;185m▘[38;2;191;182;138;48;2;183;172;119m▌[38;2;191;182;138;48;2;172;164;119m▛[38;2;171;161;116;48;2;201;190;143m▌[38;2;208;197;149;48;2;195;185;138m▖[38;2;216;206;159;48;2;191;182;135m▘[38;2;191;181;134;48;2;168;160;114m▞[38;2;202;194;149;48;2;186;177;129m▛[38;2;212;202;156;48;2;228;217;171m▌[38;2;153;147;111;48;2;181;173;132m▞[38;2;189;181;135;48;2;204;194;148m▝[38;2;173;165;119;48;2;208;198;149m▘[38;2;196;186;134;48;2;179;173;128m▌[38;2;193;186;141;48;2;138;156;143m▘[38;2;114;148;153;48;2;134;165;165m▝[38;2;109;146;155;48;2;136;168;167m▀[38;2;82;125;147;48;2;127;160;161m▀[38;2;77;121;144;48;2;114;151;158m▛[38;2;111;146;151;48;2;91;131;146m▞[38;2;122;152;151;48;2;106;141;146m▘[38;2;115;151;156;48;2;93;132;143m▞[38;2;142;173;168;48;2;110;145;149m▀[38;2;104;138;145;48;2;123;149;148m▞[38;2;136;153;143;48;2;125;146;141m▞[38;2;110;140;142;48;2;122;152;154m▖[38;2;117;151;160;48;2;105;142;155m▝[38;2;124;157;160;48;2;108;143;154m▝[38;2;105;143;153;48;2;129;157;155m▖[38;2;129;155;151;48;2;142;172;170m▀[38;2;127;155;154;48;2;132;163;165m▀[38;2;136;166;165;48;2;128;159;160m▞[38;2;128;159;163;48;2;118;152;158m▘[38;2;107;146;154;48;2;115;148;155m▀[38;2;100;138;150;48;2;111;146;153m▝[38;2;90;129;144;48;2;102;138;149m▘[38;2;94;134;148;48;2;113;145;152m▀[38;2;88;127;144;48;2;101;135;146m▀[38;2;102;137;149;48;2;89;127;143m▀[38;2;114;146;151;48;2;97;134;148m▀[38;2;118;144;145;48;2;99;134;145m▀[38;2;127;145;137;48;2;192;190;153m▘[38;2;203;195;151;48;2;221;211;165m▖[38;2;224;214;169;48;2;218;209;164m▀[38;2;224;214;167;48;2;220;209;160m▖[38;2;220;209;161;48;2;225;214;170m▛[38;2;222;211;162;48;2;223;212;166m▝[38;2;222;211;163;48;2;223;212;167m▀▀[38;2;222;211;163;48;2;222;212;166m▀[38;2;221;211;164;48;2;222;212;170m▛[38;2;221;211;167;48;2;221;212;169m▌[38;2;221;213;175;48;2;218;210;170m▌[38;2;165;157;118;48;2;212;207;174m▌[38;2;220;214;183;48;2;218;212;178m▝[0m
[38;2;172;166;125;48;2;215;208;172m▖[38;2;174;166;124;48;2;189;178;127m▌[38;2;202;194;151;48;2;183;174;128m▘[38;2;215;205;158;48;2;193;185;138m▘[38;2;194;192;154;48;2;172;167;125m▖[38;2;198;184;133;48;2;138;153;138m▀[38;2;184;170;121;48;2;151;167;149m▀[38;2;197;184;131;48;2;142;162;149m▀[38;2;206;193;142;48;2;139;158;146m▀[38;2;194;184;138;48;2;134;160;156m▀[38;2;199;190;145;48;2;128;156;155m▀[38;2;193;188;148;48;2;94;127;136m▀[38;2;156;165;146;48;2;89;127;144m▘[38;2;83;125;145;48;2;114;149;155m▀[38;2;95;130;140;48;2;98;135;149m▖[38;2;94;133;149;48;2;116;151;158m▘[38;2;123;158;163;48;2;114;148;153m▀[38;2;113;149;153;48;2;103;138;142m▛[38;2;110;147;151;48;2;123;158;160m▞[38;2;120;156;156;48;2;135;169;167m▀[38;2;101;140;150;48;2;135;168;166m▀[38;2;114;149;150;48;2;87;128;143m▖[38;2;96;135;150;48;2;73;115;136m▀[38;2;116;151;154;48;2;155;182;175m▛[38;2;128;161;163;48;2;81;123;144m▛[38;2;133;164;161;48;2;96;133;147m▀[38;2;129;160;159;48;2;144;172;168m▞[38;2;124;155;158;48;2;105;141;153m▌[38;2;99;134;144;48;2;107;142;152m▀[38;2;128;157;157;48;2;112;146;153m▀[38;2;126;157;158;48;2;133;164;162m▛[38;2;116;149;153;48;2;85;124;140m▀[38;2;80;122;144;48;2;111;146;154m▖[38;2;127;160;162;48;2;96;133;144m▖[38;2;79;120;143;48;2;105;140;152m▖[38;2;92;129;144;48;2;125;158;162m▀[38;2;96;134;148;48;2;65;106;130m▛[38;2;71;113;140;48;2;99;137;149m▖[38;2;116;155;163;48;2;80;120;137m▖[38;2;112;134;131;48;2;209;203;162m▌[38;2;207;199;154;48;2;226;216;170m▞[38;2;223;215;171;48;2;213;204;157m▘[38;2;214;205;160;48;2;223;213;168m▘[38;2;219;209;162;48;2;221;212;166m▞[38;2;222;211;165;48;2;223;212;167m▀[38;2;223;213;167;48;2;222;210;164m▖[38;2;222;211;165;48;2;220;210;163m▀▀[38;2;222;211;164;48;2;221;210;164m▘[38;2;222;213;171;48;2;221;211;167m▝[38;2;222;212;170;48;2;220;211;169m▀[38;2;218;209;168;48;2;214;205;162m▛[38;2;174;165;126;48;2;214;209;175m▌[38;2;215;209;173;48;2;216;211;179m▌[0m
[38;2;186;179;141;48;2;220;213;178m▀[38;2;143;146;121;48;2;83;115;129m▌[38;2;99;130;138;48;2;67;108;134m▀[38;2;93;126;139;48;2;67;107;133m▀[38;2;67;107;133;48;2;74;113;137m▖[38;2;75;117;143;48;2;73;114;137m▝[38;2;70;113;136;48;2;77;118;140m▀[38;2;73;116;139;48;2;82;122;141m▛[38;2;70;114;137;48;2;84;124;143m▀[38;2;85;125;144;48;2;92;131;147m▌[38;2;80;121;140;48;2;86;125;143m▝[38;2;88;127;143;48;2;81;120;140m▝[38;2;96;134;147;48;2;82;120;141m▀[38;2;101;137;149;48;2;73;111;136m▀[38;2;86;123;139;48;2;69;108;135m▀[38;2;98;134;146;48;2;79;117;141m▀[38;2;92;131;144;48;2;77;116;138m▀[38;2;90;131;143;48;2;75;115;139m▀[38;2;108;146;154;48;2;68;110;135m▀[38;2;98;137;151;48;2;78;120;139m▀[38;2;112;150;157;48;2;83;122;137m▀[38;2;130;164;162;48;2;72;113;134m▘[38;2;73;117;141;48;2;65;108;135m▀[38;2;90;128;141;48;2;65;108;136m▀[38;2;116;151;156;48;2;64;106;134m▀[38;2;72;113;134;48;2;88;128;146m▖[38;2;88;126;143;48;2;71;113;138m▝[38;2;108;142;152;48;2;69;111;137m▀[38;2;111;145;152;48;2;76;117;140m▀[38;2;105;142;153;48;2;71;112;137m▀[38;2;92;130;147;48;2;70;112;139m▀[38;2;75;118;142;48;2;97;136;152m▛[38;2;99;138;152;48;2;73;114;137m▛[38;2;114;149;157;48;2;78;121;142m▘[38;2;73;116;142;48;2;97;136;151m▘[38;2;120;155;161;48;2;87;128;144m▀[38;2;101;137;148;48;2;79;121;141m▘[38;2;82;119;134;48;2;99;135;147m▖[38;2;151;166;150;48;2;228;218;175m▛[38;2;229;219;175;48;2;222;214;173m▘[38;2;221;212;167;48;2;205;195;151m▛[38;2;199;190;144;48;2;221;212;168m▘[38;2;223;213;168;48;2;220;210;165m▘[38;2;220;210;164;48;2;221;211;166m▌[38;2;221;211;165;48;2;221;210;164m▀[38;2;221;211;166;48;2;221;210;164m▝[38;2;220;211;165;48;2;221;210;164m▀[38;2;219;208;161;48;2;220;210;164m▝[38;2;219;209;162;48;2;220;210;165m▛[38;2;219;210;167;48;2;221;211;168m▀[38;2;219;209;166;48;2;220;211;169m▛[38;2;219;210;168;48;2;215;206;164m▌[38;2;183;174;135;48;2;216;210;178m▌[38;2;214;207;172;48;2;216;212;180m▛[0m
[38;2;216;210;175;48;2;226;220;184m▌[38;2;122;124;106;48;2;54;84;109m▌[38;2;74;111;134;48;2;44;72;102m▀[38;2;70;106;131;48;2;39;68;101m▀[38;2;66;103;130;48;2;37;65;98m▀[38;2;65;101;128;48;2;36;65;98m▀[38;2;59;96;125;48;2;38;67;100m▀[38;2;57;94;123;48;2;39;67;99m▀[38;2;53;90;121;48;2;41;72;104m▀[38;2;48;85;117;48;2;44;75;106m▀[38;2;47;84;116;48;2;49;80;107m▀[38;2;55;91;120;48;2;54;85;112m▀[38;2;53;89;117;48;2;49;79;109m▀[38;2;56;93;121;48;2;46;78;108m▀[38;2;55;93;122;48;2;42;74;105m▀[38;2;58;97;123;48;2;50;82;113m▀[38;2;63;101;126;48;2;45;80;112m▀[38;2;64;103;129;48;2;45;80;113m▀[38;2;61;101;127;48;2;47;81;113m▀[38;2;63;103;129;48;2;50;84;115m▀[38;2;61;101;127;48;2;54;89;115m▀[38;2;62;103;131;48;2;55;89;115m▀[38;2;64;105;133;48;2;51;85;114m▀[38;2;67;107;134;48;2;50;84;113m▀[38;2;68;108;135;48;2;50;82;111m▀[38;2;71;111;138;48;2;52;87;116m▀[38;2;74;114;138;48;2;52;88;118m▀[38;2;76;114;135;48;2;55;89;118m▀[38;2;77;115;136;48;2;59;95;122m▀[38;2;74;113;137;48;2;61;96;123m▀[38;2;75;113;136;48;2;56;91;118m▀[38;2;67;105;130;48;2;55;90;121m▀[38;2;76;117;143;48;2;58;95;123m▝[38;2;71;110;133;48;2;45;82;115m▀[38;2;76;117;139;48;2;45;83;119m▀[38;2;58;97;123;48;2;117;136;136m▛[38;2;90;120;128;48;2;204;201;167m▘[38;2;197;194;162;48;2;224;214;171m▘[38;2;229;219;173;48;2;220;212;170m▘[38;2;223;215;174;48;2;222;213;171m▀[38;2;219;209;166;48;2;220;212;170m▝[38;2;224;215;173;48;2;220;211;168m▘[38;2;220;210;167;48;2;221;211;168m▘[38;2;221;211;167;48;2;220;210;166m▀[38;2;221;211;166;48;2;221;210;165m▛[38;2;221;210;166;48;2;219;209;165m▀[38;2;220;210;167;48;2;221;211;168m▖[38;2;221;212;171;48;2;220;211;169m▀[38;2;220;210;169;48;2;219;210;167m▛[38;2;220;211;170;48;2;218;208;167m▀[38;2;218;208;166;48;2;217;207;163m▌[38;2;216;205;160;48;2;211;202;160m▌[38;2;175;166;127;48;2;212;206;173m▌[38;2;208;201;164;48;2;214;210;178m▌[0m
[38;2;216;210;175;48;2;224;218;182m▌[38;2;134;132;110;48;2;47;57;73m▌[38;2;43;61;87;48;2;30;45;69m▀[38;2;44;62;88;48;2;29;45;72m▀[38;2;46;64;90;48;2;36;50;77m▀[38;2;45;64;92;48;2;34;50;77m▀[38;2;43;63;92;48;2;33;49;76m▀[38;2;39;61;91;48;2;36;53;81m▀[38;2;41;63;94;48;2;31;49;79m▀[38;2;40;62;93;48;2;37;54;82m▀[38;2;37;60;90;48;2;33;51;81m▀[38;2;40;62;93;48;2;32;51;81m▀[38;2;38;62;92;48;2;28;48;78m▀[38;2;41;64;95;48;2;24;43;75m▀[38;2;41;65;96;48;2;23;41;74m▀[38;2;43;68;97;48;2;25;45;78m▀[38;2;43;70;100;48;2;26;47;80m▀[38;2;45;70;99;48;2;27;46;79m▀[38;2;44;68;97;48;2;28;48;80m▀[38;2;42;67;95;48;2;28;49;79m▀[38;2;42;66;93;48;2;28;51;82m▀[38;2;45;70;98;48;2;29;51;84m▀[38;2;44;70;99;48;2;30;51;84m▀[38;2;47;72;102;48;2;29;49;82m▀[38;2;47;73;102;48;2;29;49;82m▀[38;2;51;78;106;48;2;29;50;83m▀[38;2;50;77;105;48;2;29;50;84m▀[38;2;50;77;104;48;2;35;56;87m▀[38;2;54;82;108;48;2;39;60;90m▀[38;2;57;84;110;48;2;34;53;84m▀[38;2;57;85;111;48;2;32;51;83m▀[38;2;50;78;106;48;2;34;55;84m▀[38;2;42;67;95;48;2;83;95;103m▛[38;2;73;92;107;48;2;206;199;158m▛[38;2;118;130;127;48;2;232;220;168m▀[38;2;188;186;156;48;2;225;214;166m▘[38;2;224;213;168;48;2;219;209;164m▘[38;2;220;211;168;48;2;221;210;164m▀[38;2;220;211;167;48;2;220;209;163m▛[38;2;220;210;166;48;2;219;208;161m▀[38;2;221;211;168;48;2;219;208;161m▀[38;2;220;210;166;48;2;220;209;162m▀[38;2;219;209;167;48;2;220;209;164m▘[38;2;219;209;164;48;2;219;208;162m▀[38;2;218;207;162;48;2;218;207;160m▀[38;2;218;208;163;48;2;217;207;160m▘[38;2;217;207;160;48;2;218;208;163m▌[38;2;217;207;162;48;2;218;208;163m▝[38;2;216;206;163;48;2;216;205;159m▀[38;2;215;205;161;48;2;215;204;158m▀[38;2;210;200;154;48;2;214;204;159m▖[38;2;209;198;152;48;2;191;182;140m▛[38;2;170;162;125;48;2;214;208;177m▌[38;2;209;202;166;48;2;220;216;189m▌[0m
[38;2;216;209;174;48;2;212;205;169m▀[38;2;220;214;180;48;2;210;204;171m▀[38;2;143;143;124;48;2;220;214;178m▀[38;2;122;124;115;48;2;224;218;183m▀[38;2;126;127;117;48;2;225;220;185m▀[38;2;128;129;118;48;2;225;220;184m▀[38;2;133;135;122;48;2;224;219;184m▀[38;2;134;137;124;48;2;223;218;183m▀[38;2;132;134;122;48;2;225;220;184m▀[38;2;132;136;125;48;2;226;220;185m▀[38;2;125;130;121;48;2;229;222;187m▀[38;2;123;127;120;48;2;230;224;189m▀[38;2;119;122;115;48;2;230;223;188m▀[38;2;118;121;114;48;2;230;223;188m▀[38;2;116;120;113;48;2;229;223;187m▀[38;2;118;122;115;48;2;228;222;186m▀[38;2;117;120;114;48;2;229;222;186m▀[38;2;117;121;114;48;2;229;222;186m▀[38;2;115;119;112;48;2;229;222;185m▀[38;2;114;119;113;48;2;228;220;183m▀[38;2;113;118;113;48;2;227;220;182m▀[38;2;112;116;110;48;2;225;217;178m▀[38;2;112;117;112;48;2;228;222;185m▀[38;2;112;118;113;48;2;229;222;185m▀[38;2;112;117;112;48;2;228;221;184m▀[38;2;114;118;112;48;2;227;219;182m▀[38;2;112;116;111;48;2;226;218;180m▀[38;2;113;117;112;48;2;227;219;181m▀[38;2;113;118;113;48;2;226;219;182m▀[38;2;115;119;114;48;2;227;220;183m▀[38;2;110;115;109;48;2;226;219;182m▀[38;2;139;139;122;48;2;223;216;180m▀[38;2;191;184;146;48;2;215;208;176m▀[38;2;204;195;152;48;2;210;204;173m▀[38;2;187;180;143;48;2;214;208;177m▀[38;2;192;184;146;48;2;213;207;175m▀[38;2;194;185;147;48;2;213;207;175m▀[38;2;196;187;148;48;2;213;208;176m▀[38;2;196;188;148;48;2;213;207;175m▀[38;2;193;184;145;48;2;212;206;173m▀[38;2;194;186;149;48;2;212;206;176m▀[38;2;195;187;149;48;2;212;206;175m▀[38;2;192;184;147;48;2;210;204;171m▀[38;2;189;181;145;48;2;207;201;167m▀[38;2;191;182;144;48;2;205;198;163m▀[38;2;190;182;143;48;2;205;199;165m▀[38;2;190;183;146;48;2;205;199;165m▀[38;2;192;186;150;48;2;208;202;172m▀[38;2;191;182;144;48;2;206;200;168m▀[38;2;189;181;143;48;2;206;200;167m▀[38;2;188;180;143;48;2;206;200;166m▀[38;2;190;184;150;48;2;207;201;166m▘[38;2;214;208;175;48;2;206;200;166m▀[38;2;208;202;168;48;2;224;221;196m▌[0m

 Utagawa Hiroshige: Kai Province: Monkey Bridge, 1853
