 [38;2;232;227;209;48;2;213;208;189m▛[38;2;212;207;186;48;2;73;85;102m▀[38;2;87;93;100;48;2;31;53;92m▀[38;2;86;94;104;48;2;28;52;92m▀[38;2;85;92;102;48;2;29;55;96m▀[38;2;84;92;103;48;2;31;55;96m▀[38;2;87;94;105;48;2;30;52;92m▀[38;2;92;99;108;48;2;33;56;95m▀[38;2;97;104;114;48;2;33;56;96m▀[38;2;99;105;113;48;2;25;51;95m▀[38;2;97;103;113;48;2;24;51;95m▀[38;2;98;105;115;48;2;22;49;94m▀[38;2;101;107;116;48;2;25;51;95m▀[38;2;108;114;123;48;2;29;53;98m▀[38;2;107;112;120;48;2;27;52;96m▀[38;2;109;115;121;48;2;23;49;95m▀[38;2;107;114;122;48;2;32;57;100m▀[38;2;108;114;122;48;2;30;54;97m▀[38;2;109;115;123;48;2;33;56;99m▀[38;2;110;116;123;48;2;32;56;99m▀[38;2;113;117;125;48;2;31;56;99m▀[38;2;115;121;127;48;2;31;57;101m▀[38;2;115;121;126;48;2;33;58;101m▀[38;2;116;120;124;48;2;33;56;98m▀[38;2;116;122;127;48;2;31;56;99m▀[38;2;118;123;129;48;2;32;57;100m▀[38;2;117;122;125;48;2;33;58;100m▀[38;2;118;122;125;48;2;32;55;97m▀[38;2;123;126;128;48;2;31;54;96m▀[38;2;126;130;132;48;2;30;56;98m▀[38;2;127;131;130;48;2;33;58;99m▀[38;2;128;132;133;48;2;32;58;98m▀[38;2;128;132;131;48;2;30;55;95m▀[38;2;129;132;132;48;2;32;57;96m▀[38;2;131;133;131;48;2;29;53;93m▀[38;2;130;132;130;48;2;29;52;91m▀[38;2;130;131;130;48;2;29;51;90m▀[38;2;133;134;132;48;2;28;50;88m▀[38;2;135;136;134;48;2;27;47;85m▀[38;2;140;141;137;48;2;26;48;85m▀[38;2;140;142;138;48;2;26;47;85m▀[38;2;140;140;136;48;2;25;44;82m▀[38;2;142;142;138;48;2;28;47;84m▀[38;2;145;145;139;48;2;26;43;79m▀[38;2;146;146;141;48;2;20;41;80m▀[38;2;153;152;145;48;2;12;37;79m▀[38;2;154;154;146;48;2;15;38;80m▀[38;2;156;155;145;48;2;16;38;79m▀[38;2;149;150;143;48;2;40;49;79m▀[38;2;137;144;139;48;2;89;66;81m▀[38;2;139;143;137;48;2;74;62;76m▀[38;2;131;137;132;48;2;81;62;77m▀[38;2;143;144;134;48;2;54;52;71m▀[38;2;237;231;209;48;2;119;123;119m▀[0m
 [38;2;242;236;219;48;2;180;175;158m▌[38;2;67;99;123;48;2;113;154;171m▛[38;2;58;100;137;48;2;108;146;163m▀[38;2;57;99;138;48;2;111;148;165m▀[38;2;60;101;137;48;2;109;146;163m▀[38;2;62;102;138;48;2;113;149;166m▀[38;2;57;100;140;48;2;132;159;169m▀[38;2;52;97;137;48;2;145;167;172m▀[38;2;57;99;139;48;2;180;189;181m▀[38;2;90;115;140;48;2;221;216;192m▀[38;2;112;131;145;48;2;236;227;199m▀[38;2;115;132;146;48;2;237;229;200m▀[38;2;130;143;151;48;2;237;229;202m▀[38;2;79;110;139;48;2;224;219;194m▀[38;2;83;113;141;48;2;229;223;198m▀[38;2;128;143;151;48;2;233;223;192m▀[38;2;69;106;139;48;2;196;194;173m▀[38;2;62;104;140;48;2;194;193;174m▀[38;2;65;108;146;48;2;153;164;156m▀[38;2;73;116;152;48;2;113;154;172m▀[38;2;72;114;150;48;2;123;162;178m▀[38;2;70;112;150;48;2;122;161;176m▀[38;2;68;110;148;48;2;119;159;175m▀[38;2;69;112;150;48;2;118;158;175m▀[38;2;71;114;151;48;2;117;157;174m▀[38;2;67;111;150;48;2;120;158;174m▀[38;2;72;116;153;48;2;123;160;176m▀[38;2;69;112;149;48;2;120;158;175m▀[38;2;69;114;150;48;2;121;158;174m▀[38;2;67;112;148;48;2;118;157;173m▀[38;2;67;111;148;48;2;116;156;173m▀[38;2;67;111;147;48;2;113;153;171m▀[38;2;64;108;145;48;2;112;151;169m▀[38;2;68;111;147;48;2;115;154;171m▀[38;2;64;107;145;48;2;116;155;173m▀[38;2;62;105;143;48;2;111;152;171m▀[38;2;62;105;143;48;2;110;151;171m▀[38;2;57;101;140;48;2;107;149;168m▀[38;2;56;99;138;48;2;107;149;168m▀[38;2;60;102;140;48;2;108;150;169m▀[38;2;56;98;137;48;2;104;147;168m▀[38;2;57;99;137;48;2;103;146;167m▀[38;2;55;98;136;48;2;100;144;166m▀[38;2;53;94;133;48;2;97;142;166m▀[38;2;89;115;132;48;2;223;207;150m▛[38;2;114;128;134;48;2;211;194;138m▀[38;2;116;130;135;48;2;203;185;127m▀[38;2;115;127;134;48;2;211;192;135m▀[38;2;236;222;164;48;2;152;123;110m▖[38;2;189;93;80;48;2;166;83;74m▀[38;2;167;86;75;48;2;154;80;70m▌[38;2;180;88;75;48;2;166;82;72m▝[38;2;172;84;72;48;2;80;92;108m▌[38;2;94;138;158;48;2;75;91;98m▖[0m
 [38;2;244;238;221;48;2;164;160;144m▌[38;2;122;140;134;48;2;149;175;175m▌[38;2;141;171;174;48;2;154;172;164m▀[38;2;138;170;174;48;2;174;184;170m▀[38;2;138;170;176;48;2;151;169;163m▀[38;2;145;173;175;48;2;134;157;157m▌[38;2;215;210;185;48;2;164;173;158m▀[38;2;212;207;180;48;2;154;173;165m▀[38;2;178;186;170;48;2;206;202;179m▌[38;2;232;225;201;48;2;207;201;173m▛[38;2;218;211;184;48;2;228;221;196m▖[38;2;215;210;184;48;2;221;217;195m▖[38;2;223;216;190;48;2;211;204;176m▖[38;2;229;223;199;48;2;199;194;165m▝[38;2;216;208;179;48;2;159;179;169m▀[38;2;219;212;186;48;2;159;182;176m▀[38;2;181;183;162;48;2;204;199;174m▝[38;2;163;174;161;48;2;140;172;176m▀[38;2;187;184;160;48;2;148;174;171m▝[38;2;144;151;140;48;2;142;170;171m▘[38;2;142;175;181;48;2;156;185;185m▀[38;2;147;178;182;48;2;158;186;184m▀[38;2;157;185;184;48;2;148;178;181m▖[38;2;140;174;180;48;2;152;183;183m▀[38;2;140;174;180;48;2;157;185;184m▀[38;2;145;176;181;48;2;158;186;184m▀[38;2;150;180;183;48;2;161;187;184m▀[38;2;146;178;182;48;2;160;187;185m▀[38;2;148;177;182;48;2;162;187;184m▀[38;2;145;176;181;48;2;157;185;184m▀[38;2;141;174;181;48;2;151;181;183m▀[38;2;136;171;179;48;2;149;180;182m▀[38;2;139;172;179;48;2;151;182;183m▀[38;2;140;173;180;48;2;149;180;182m▀[38;2;140;174;180;48;2;151;181;182m▀[38;2;138;171;178;48;2;151;181;182m▀[38;2;138;171;178;48;2;153;181;182m▀[38;2;152;181;181;48;2;137;171;177m▖[38;2;133;167;177;48;2;139;172;178m▝[38;2;131;167;176;48;2;140;173;178m▀[38;2;127;164;174;48;2;133;169;176m▀[38;2;127;164;175;48;2;136;171;178m▀[38;2;120;159;172;48;2;134;169;177m▝[38;2;122;161;174;48;2;135;171;178m▀[38;2;137;161;156;48;2;212;199;150m▌[38;2;207;192;140;48;2;220;205;153m▀[38;2;222;206;154;48;2;205;191;139m▌[38;2;175;160;111;48;2;209;194;143m▘[38;2;225;215;162;48;2;179;122;97m▌[38;2;188;96;84;48;2;185;89;79m▝[38;2;162;82;71;48;2;130;70;60m▛[38;2;158;81;70;48;2;182;87;78m▖[38;2;178;84;72;48;2;126;127;126m▌[38;2;124;163;167;48;2;111;114;99m▌[0m
 [38;2;243;238;221;48;2;165;159;140m▌[38;2;191;182;156;48;2;228;219;193m▌[38;2;217;207;180;48;2;225;215;188m▘[38;2;230;219;190;48;2;225;217;191m▀[38;2;225;215;186;48;2;228;223;198m▀[38;2;216;211;187;48;2;231;225;200m▀[38;2;212;209;186;48;2;235;228;204m▀[38;2;231;224;199;48;2;225;219;193m▝[38;2;236;229;203;48;2;219;214;190m▀[38;2;214;210;185;48;2;229;223;199m▞[38;2;223;215;188;48;2;193;187;158m▖[38;2;192;192;170;48;2;166;188;180m▀[38;2;218;212;185;48;2;165;181;168m▀[38;2;219;212;186;48;2;187;190;169m▀[38;2;225;215;185;48;2;173;183;167m▖[38;2;154;184;181;48;2;173;197;191m▛[38;2;158;171;157;48;2;167;191;184m▀[38;2;157;176;166;48;2;172;196;189m▘[38;2;166;192;188;48;2;176;197;189m▀[38;2;165;192;189;48;2;178;199;190m▀[38;2;168;193;188;48;2;180;200;190m▀[38;2;168;191;185;48;2;179;198;189m▀[38;2;166;191;186;48;2;178;198;189m▀[38;2;163;190;187;48;2;176;198;190m▀[38;2;164;190;187;48;2;173;196;189m▀[38;2;165;191;187;48;2;175;196;188m▘[38;2;173;194;187;48;2;180;199;189m▀[38;2;173;194;188;48;2;182;200;191m▀[38;2;170;193;187;48;2;179;198;189m▀[38;2;168;192;187;48;2;180;202;195m▀[38;2;164;190;186;48;2;173;195;187m▀[38;2;158;186;185;48;2;168;192;186m▀[38;2;159;188;185;48;2;171;195;187m▀[38;2;158;186;185;48;2;171;194;187m▀[38;2;165;189;184;48;2;173;194;184m▀[38;2;162;188;185;48;2;171;193;185m▀[38;2;161;187;185;48;2;168;191;186m▀[38;2;154;183;183;48;2;164;190;185m▀[38;2;147;178;178;48;2;160;188;184m▀[38;2;147;178;179;48;2;157;185;180m▀[38;2;141;175;178;48;2;156;185;183m▀[38;2;142;175;180;48;2;156;185;183m▀[38;2;141;174;178;48;2;155;185;183m▀[38;2;143;177;180;48;2;159;186;184m▀[38;2;165;179;161;48;2;219;204;149m▌[38;2;213;197;142;48;2;190;174;117m▌[38;2;157;143;95;48;2;186;170;116m▝[38;2;177;162;112;48;2;221;202;145m▌[38;2;223;212;159;48;2;173;114;91m▌[38;2;183;88;77;48;2;146;77;65m▛[38;2;151;77;66;48;2;183;89;78m▛[38;2;170;85;73;48;2;157;79;68m▛[38;2;176;85;74;48;2;148;141;135m▌[38;2;150;183;177;48;2;131;132;111m▌[0m
 [38;2;243;237;222;48;2;162;156;136m▌[38;2;204;194;166;48;2;231;223;196m▌[38;2;225;218;191;48;2;230;222;195m▀[38;2;228;221;195;48;2;216;209;182m▛[38;2;229;222;197;48;2;215;210;186m▀[38;2;219;213;188;48;2;229;223;199m▖[38;2;230;223;199;48;2;223;216;192m▛[38;2;223;217;191;48;2;208;203;178m▀[38;2;213;208;183;48;2;227;221;196m▖[38;2;199;197;172;48;2;208;206;182m▀[38;2;216;211;186;48;2;196;197;175m▖[38;2;187;204;193;48;2;192;202;185m▀[38;2;188;197;181;48;2;186;203;192m▖[38;2;156;171;157;48;2;191;206;194m▝[38;2;171;172;148;48;2;190;204;190m▀[38;2;180;199;190;48;2;194;208;194m▀[38;2;181;201;191;48;2;192;207;194m▀[38;2;182;201;191;48;2;194;207;194m▀[38;2;183;202;193;48;2;194;208;195m▀[38;2;184;203;193;48;2;195;209;197m▀[38;2;184;203;192;48;2;195;209;195m▀[38;2;186;203;193;48;2;195;208;195m▀[38;2;182;201;191;48;2;196;209;195m▀[38;2;180;200;190;48;2;193;207;193m▀[38;2;180;200;191;48;2;192;207;194m▀[38;2;182;201;190;48;2;195;208;192m▀[38;2;186;202;190;48;2;199;211;197m▀[38;2;190;205;193;48;2;199;212;197m▀[38;2;184;200;189;48;2;196;208;194m▀[38;2;163;179;168;48;2;177;188;174m▀[38;2;177;196;187;48;2;191;205;193m▀[38;2;176;197;187;48;2;189;205;193m▀[38;2;179;200;190;48;2;190;206;194m▀[38;2;178;198;188;48;2;186;203;191m▀[38;2;181;199;188;48;2;191;206;192m▀[38;2;179;199;189;48;2;189;205;191m▀[38;2;176;196;188;48;2;190;205;192m▀[38;2;176;197;188;48;2;188;204;192m▀[38;2;169;192;185;48;2;185;202;189m▀[38;2;168;191;183;48;2;186;202;190m▀[38;2;166;191;184;48;2;181;201;189m▀[38;2;170;193;186;48;2;182;201;189m▀[38;2;169;193;188;48;2;183;201;190m▀[38;2;173;195;188;48;2;190;206;193m▀[38;2;184;190;166;48;2;220;205;152m▌[38;2;230;214;161;48;2;227;211;155m▛[38;2;227;210;152;48;2;228;211;156m▀[38;2;219;201;143;48;2;230;211;154m▞[38;2;225;214;161;48;2;184;123;101m▌[38;2;167;82;70;48;2;187;89;78m▀[38;2;161;79;68;48;2;142;71;60m▌[38;2;168;81;71;48;2;181;86;76m▞[38;2;179;85;74;48;2;165;154;140m▌[38;2;172;195;183;48;2;131;131;110m▌[0m
 [38;2;241;236;220;48;2;154;147;127m▌[38;2;205;196;167;48;2;227;219;193m▌[38;2;212;204;178;48;2;193;186;160m▀[38;2;184;175;143;48;2;211;204;177m▝[38;2;205;200;175;48;2;228;221;196m▀[38;2;198;192;165;48;2;221;212;184m▀[38;2;205;199;174;48;2;225;219;193m▘[38;2;209;201;171;48;2;220;212;185m▝[38;2;231;225;201;48;2;219;213;185m▝[38;2;234;227;202;48;2;213;207;180m▘[38;2;195;190;162;48;2;223;216;189m▖[38;2;208;203;178;48;2;224;219;194m▖[38;2;180;186;166;48;2;207;204;179m▝[38;2;203;213;197;48;2;194;196;173m▛[38;2;203;213;197;48;2;199;207;189m▛[38;2;195;206;188;48;2;199;212;197m▖[38;2;198;210;195;48;2;206;215;198m▀[38;2;199;211;196;48;2;206;215;198m▀[38;2;199;211;195;48;2;207;216;198m▀[38;2;201;213;198;48;2;208;217;200m▀[38;2;204;214;197;48;2;210;217;200m▀[38;2;202;213;197;48;2;209;216;198m▀[38;2;206;217;201;48;2;181;187;165m▀[38;2;189;196;176;48;2;203;214;198m▖[38;2;200;212;196;48;2;207;217;200m▀[38;2;203;213;197;48;2;211;217;199m▀[38;2;185;192;173;48;2;198;205;186m▝[38;2;189;198;180;48;2;202;209;190m▀[38;2;203;213;197;48;2;211;217;200m▀[38;2;206;217;202;48;2;209;216;198m▀[38;2;198;211;196;48;2;206;215;197m▀[38;2;200;211;195;48;2;208;217;199m▀[38;2;199;211;196;48;2;206;215;198m▀[38;2;197;210;195;48;2;207;215;197m▀[38;2;197;209;194;48;2;206;214;196m▀[38;2;196;209;193;48;2;204;214;197m▀[38;2;196;208;192;48;2;201;211;195m▀[38;2;197;209;193;48;2;203;212;194m▀[38;2;194;207;192;48;2;201;212;194m▀[38;2;194;207;192;48;2;199;210;193m▀[38;2;192;207;192;48;2;200;211;195m▀[38;2;192;207;192;48;2;200;211;194m▀[38;2;194;207;192;48;2;199;210;193m▀[38;2;196;208;191;48;2;202;214;199m▌[38;2;190;192;161;48;2;222;206;153m▌[38;2;231;216;164;48;2;230;214;160m▌[38;2;221;204;148;48;2;206;189;134m▌[38;2;167;153;103;48;2;195;179;126m▘[38;2;229;217;163;48;2;177;116;92m▌[38;2;175;84;75;48;2;165;83;71m▌[38;2;169;83;72;48;2;153;76;64m▖[38;2;166;81;69;48;2;178;85;74m▘[38;2;188;93;82;48;2;185;169;150m▌[38;2;196;209;189;48;2;132;130;107m▌[0m
 [38;2;239;234;218;48;2;157;150;128m▌[38;2;212;204;176;48;2;229;222;197m▌[38;2;226;220;194;48;2;211;207;184m▛[38;2;212;207;182;48;2;184;173;145m▀[38;2;227;223;198;48;2;158;146;123m▀[38;2;175;167;141;48;2;215;211;186m▖[38;2;209;203;175;48;2;222;216;187m▀[38;2;215;212;186;48;2;227;221;197m▝[38;2;209;208;184;48;2;226;220;194m▀[38;2;197;194;166;48;2;217;214;189m▌[38;2;214;211;185;48;2;226;225;204m▀[38;2;215;214;192;48;2;198;195;168m▖[38;2;198;196;170;48;2;186;181;153m▌[38;2;221;215;188;48;2;188;185;156m▀[38;2;196;191;163;48;2;215;212;187m▌[38;2;206;212;193;48;2;185;181;153m▝[38;2;226;229;208;48;2;217;220;199m▖[38;2;216;220;200;48;2;224;225;202m▀[38;2;218;220;199;48;2;224;224;202m▀[38;2;218;221;202;48;2;224;225;203m▀[38;2;217;221;201;48;2;222;224;202m▀[38;2;217;220;200;48;2;223;223;201m▀[38;2;208;211;189;48;2;226;226;204m▀[38;2;211;216;196;48;2;223;224;202m▀[38;2;207;212;192;48;2;199;199;174m▀[38;2;208;211;188;48;2;220;222;200m▌[38;2;218;221;201;48;2;224;224;202m▘[38;2;222;223;202;48;2;225;224;201m▀[38;2;220;221;200;48;2;225;224;202m▀[38;2;219;222;200;48;2;225;224;202m▀[38;2;218;221;200;48;2;226;225;203m▀[38;2;217;221;200;48;2;225;225;202m▀[38;2;216;220;200;48;2;223;224;202m▀[38;2;215;219;198;48;2;223;224;203m▀[38;2;215;218;197;48;2;223;223;200m▀[38;2;215;219;198;48;2;222;223;201m▀[38;2;212;217;197;48;2;221;222;200m▀[38;2;213;218;197;48;2;220;222;199m▀[38;2;211;216;195;48;2;220;221;199m▀[38;2;209;216;196;48;2;217;219;197m▀[38;2;207;215;196;48;2;217;219;198m▀[38;2;205;214;196;48;2;216;220;198m▀[38;2;206;214;196;48;2;215;219;198m▀[38;2;207;214;196;48;2;215;219;200m▘[38;2;189;188;154;48;2;219;203;148m▌[38;2;236;220;166;48;2;212;198;146m▀[38;2;228;213;158;48;2;207;191;135m▖[38;2;204;187;132;48;2;227;210;155m▞[38;2;224;214;161;48;2;179;114;90m▌[38;2;187;90;79;48;2;158;81;69m▌[38;2;160;80;69;48;2;150;76;63m▌[38;2;177;86;76;48;2;153;79;69m▌[38;2;182;90;78;48;2;190;170;149m▌[38;2;211;218;194;48;2;141;136;111m▌[0m
 [38;2;238;233;217;48;2;173;164;138m▌[38;2;220;211;184;48;2;227;222;199m▌[38;2;154;137;117;48;2;188;181;159m▝[38;2;166;159;135;48;2;143;122;99m▖[38;2;115;80;62;48;2;140;109;88m▝[38;2;141;116;94;48;2;116;80;61m▝[38;2;89;59;43;48;2;168;156;131m▖[38;2;205;198;171;48;2;215;209;180m▝[38;2;196;188;159;48;2;226;220;194m▖[38;2;227;222;198;48;2;212;206;180m▖[38;2;226;223;200;48;2;231;228;205m▞[38;2;230;229;207;48;2;230;226;203m▀[38;2;220;218;193;48;2;231;227;204m▝[38;2;205;201;174;48;2;235;231;208m▀[38;2;201;199;173;48;2;230;227;203m▝[38;2;192;188;161;48;2;229;225;201m▘[38;2;228;226;203;48;2;230;227;203m▝[38;2;229;226;202;48;2;233;228;204m▛[38;2;228;225;203;48;2;233;229;205m▀[38;2;229;227;205;48;2;231;228;205m▘[38;2;230;227;204;48;2;220;217;192m▀[38;2;230;228;204;48;2;223;219;194m▀[38;2;228;226;203;48;2;231;228;203m▀[38;2;228;226;204;48;2;232;228;203m▀[38;2;232;230;208;48;2;231;227;204m▀[38;2;229;226;202;48;2;231;227;204m▝[38;2;229;227;204;48;2;232;227;204m▀[38;2;229;227;204;48;2;232;228;204m▀[38;2;230;227;203;48;2;232;228;205m▀[38;2;230;227;204;48;2;232;228;205m▀[38;2;229;227;203;48;2;232;228;204m▀[38;2;229;226;201;48;2;232;228;203m▀[38;2;228;226;202;48;2;231;227;202m▀[38;2;229;227;204;48;2;231;227;203m▀[38;2;229;227;203;48;2;231;228;205m▀[38;2;228;226;202;48;2;231;227;202m▀[38;2;227;224;201;48;2;229;225;200m▝[38;2;225;223;198;48;2;230;226;201m▀[38;2;225;223;200;48;2;230;227;203m▀[38;2;225;223;198;48;2;208;206;179m▛[38;2;227;226;204;48;2;194;192;163m▀[38;2;213;211;186;48;2;224;224;200m▖[38;2;226;225;202;48;2;216;212;187m▀[38;2;220;217;192;48;2;225;225;202m▖[38;2;200;194;154;48;2;210;194;137m▌[38;2;178;164;109;48;2;194;179;126m▝[38;2;213;197;143;48;2;234;216;158m▛[38;2;209;193;138;48;2;231;213;156m▘[38;2;226;215;165;48;2;189;118;96m▌[38;2;202;100;90;48;2;197;89;79m▀[38;2;167;84;72;48;2;139;68;58m▛[38;2;161;75;64;48;2;191;95;84m▖[38;2;193;95;85;48;2;194;171;149m▌[38;2;224;225;199;48;2;148;140;113m▌[0m
 [38;2;236;231;215;48;2;179;170;143m▌[38;2;221;213;185;48;2;189;186;162m▘[38;2;198;199;180;48;2;198;195;169m▌[38;2;202;194;167;48;2;235;229;204m▛[38;2;204;197;171;48;2;157;135;111m▖[38;2;140;105;83;48;2;157;126;103m▀[38;2;139;103;81;48;2;114;82;63m▖[38;2;85;59;42;48;2;157;148;123m▖[38;2;187;185;158;48;2;204;202;177m▘[38;2;219;211;184;48;2;229;223;198m▞[38;2;233;226;203;48;2;231;225;202m▞[38;2;232;226;203;48;2;232;224;200m▛[38;2;232;224;200;48;2;233;227;204m▖[38;2;232;226;202;48;2;234;226;203m▛[38;2;231;226;201;48;2;233;224;201m▀[38;2;231;225;200;48;2;232;224;201m▀[38;2;232;225;202;48;2;232;226;202m▖[38;2;234;227;204;48;2;221;214;189m▌[38;2;222;216;191;48;2;212;203;177m▀[38;2;225;217;193;48;2;231;226;201m▖[38;2;197;192;165;48;2;231;224;201m▝[38;2;214;208;181;48;2;236;229;206m▀[38;2;235;230;206;48;2;233;226;202m▘[38;2;234;229;205;48;2;233;226;202m▝[38;2;233;228;204;48;2;235;227;204m▀[38;2;233;228;205;48;2;234;226;203m▀[38;2;233;228;207;48;2;233;226;203m▀[38;2;233;228;204;48;2;233;226;202m▀[38;2;234;226;203;48;2;234;228;205m▖[38;2;233;228;204;48;2;234;227;204m▀[38;2;233;228;203;48;2;234;227;204m▝[38;2;234;228;204;48;2;234;227;203m▀[38;2;232;227;202;48;2;233;226;201m▝[38;2;233;227;203;48;2;235;228;205m▛[38;2;232;227;202;48;2;233;227;203m▝[38;2;232;227;201;48;2;233;226;202m▀[38;2;232;226;201;48;2;231;225;199m▞[38;2;198;193;167;48;2;227;221;195m▝[38;2;194;190;161;48;2;224;217;189m▀[38;2;217;211;183;48;2;228;221;194m▘[38;2;221;216;190;48;2;233;227;202m▀[38;2;218;213;186;48;2;231;225;200m▝[38;2;201;195;166;48;2;235;229;205m▀[38;2;221;216;189;48;2;232;226;201m▘[38;2;206;189;129;48;2;210;199;156m▝[38;2;169;156;103;48;2;219;206;155m▀[38;2;234;216;156;48;2;222;205;149m▘[38;2;230;211;150;48;2;220;205;154m▀[38;2;197;165;135;48;2;216;204;158m▝[38;2;212;174;154;48;2;231;231;205m▀[38;2;206;169;146;48;2;232;232;206m▀[38;2;204;169;148;48;2;231;230;203m▀[38;2;203;168;146;48;2;226;219;193m▘[38;2;229;224;197;48;2;160;153;124m▌[0m
 [38;2;236;231;214;48;2;185;176;147m▌[38;2;218;211;181;48;2;189;188;165m▖[38;2;186;182;156;48;2;170;166;142m▀[38;2;213;206;178;48;2;177;172;148m▝[38;2;210;204;175;48;2;186;177;148m▘[38;2;185;177;149;48;2;163;143;119m▖[38;2;142;107;85;48;2;160;133;110m▝[38;2;143;116;92;48;2;130;96;73m▞[38;2;182;177;150;48;2;212;207;182m▌[38;2;224;196;177;48;2;228;211;190m▖[38;2;233;222;202;48;2;234;205;187m▀[38;2;233;222;201;48;2;235;209;191m▀[38;2;234;222;201;48;2;235;210;192m▀[38;2;234;222;201;48;2;236;212;194m▀[38;2;233;220;199;48;2;236;210;192m▀[38;2;233;220;199;48;2;237;211;194m▀[38;2;234;222;201;48;2;237;215;197m▀[38;2;236;224;203;48;2;236;215;197m▀[38;2;238;226;205;48;2;236;216;198m▀[38;2;235;223;203;48;2;236;218;200m▀[38;2;233;222;202;48;2;237;220;201m▀[38;2;235;223;202;48;2;237;218;201m▀[38;2;235;224;203;48;2;237;219;201m▀[38;2;235;224;203;48;2;238;218;201m▀[38;2;235;224;203;48;2;238;219;202m▀[38;2;234;223;201;48;2;236;218;198m▀[38;2;235;224;203;48;2;238;220;202m▀[38;2;234;224;203;48;2;236;220;200m▀[38;2;236;224;203;48;2;230;215;195m▛[38;2;235;224;203;48;2;214;199;173m▀[38;2;217;199;175;48;2;236;222;201m▖[38;2;234;224;201;48;2;238;221;200m▀[38;2;234;223;201;48;2;236;221;199m▀[38;2;234;223;200;48;2;236;221;201m▀[38;2;234;223;200;48;2;235;220;197m▀[38;2;234;224;201;48;2;236;221;200m▀[38;2;233;224;200;48;2;234;220;199m▀[38;2;233;224;200;48;2;234;220;198m▀[38;2;233;223;199;48;2;233;219;197m▀[38;2;231;223;198;48;2;232;219;195m▝[38;2;232;222;199;48;2;233;218;196m▀[38;2;232;223;198;48;2;234;219;198m▀[38;2;231;222;199;48;2;233;219;197m▀[38;2;218;209;183;48;2;233;221;198m▝[38;2;201;192;165;48;2;231;219;195m▀[38;2;196;187;161;48;2;229;218;194m▘[38;2;227;220;195;48;2;230;218;194m▀[38;2;227;220;196;48;2;232;220;198m▀[38;2;229;220;195;48;2;228;216;192m▛[38;2;228;220;196;48;2;226;217;192m▀[38;2;228;221;196;48;2;220;212;185m▀[38;2;226;219;193;48;2;220;214;185m▀[38;2;218;213;182;48;2;222;215;188m▖[38;2;226;219;191;48;2;160;151;123m▌[0m
 [38;2;238;232;216;48;2;164;158;132m▌[38;2;201;195;166;48;2;162;156;131m▀[38;2;172;167;142;48;2;166;161;138m▛[38;2;176;171;147;48;2;181;175;149m▛[38;2;175;169;145;48;2;156;154;128m▌[38;2;131;137;108;48;2;168;161;135m▖[38;2;151;133;110;48;2;168;156;131m▝[38;2;135;119;95;48;2;112;104;81m▛[38;2;184;172;145;48;2;233;229;204m▌[38;2;214;153;142;48;2;224;210;185m▝[38;2;213;186;165;48;2;220;145;138m▖[38;2;228;155;146;48;2;215;139;131m▀[38;2;232;162;155;48;2;211;134;129m▀[38;2;233;163;156;48;2;210;134;130m▀[38;2;233;157;151;48;2;205;127;123m▀[38;2;232;164;158;48;2;219;129;128m▀[38;2;233;171;163;48;2;226;140;137m▀[38;2;233;172;163;48;2;222;142;138m▀[38;2;234;174;166;48;2;222;145;139m▀[38;2;234;178;169;48;2;224;141;138m▀[38;2;236;181;173;48;2;222;152;146m▀[38;2;236;177;169;48;2;218;154;146m▀[38;2;237;180;174;48;2;211;170;157m▀[38;2;235;185;177;48;2;199;174;156m▀[38;2;231;183;172;48;2;195;177;156m▀[38;2;233;186;176;48;2;202;181;159m▀[38;2;234;184;176;48;2;197;176;156m▀[38;2;237;188;179;48;2;202;172;154m▀[38;2;237;187;179;48;2;216;160;150m▀[38;2;233;188;177;48;2;224;151;148m▀[38;2;229;193;177;48;2;222;142;139m▀[38;2;221;196;176;48;2;219;143;138m▀[38;2;232;196;181;48;2;227;142;139m▀[38;2;236;200;185;48;2;227;144;139m▀[38;2;236;204;188;48;2;229;149;146m▀[38;2;236;204;187;48;2;229;149;144m▀[38;2;235;206;187;48;2;230;156;148m▀[38;2;235;206;187;48;2;231;156;148m▀[38;2;234;205;187;48;2;231;155;147m▀[38;2;233;205;188;48;2;230;160;150m▀[38;2;234;203;188;48;2;230;155;149m▀[38;2;235;204;188;48;2;231;155;150m▀[38;2;235;207;190;48;2;232;162;155m▀[38;2;234;207;189;48;2;232;163;156m▀[38;2;234;209;190;48;2;232;167;160m▀[38;2;233;210;191;48;2;233;172;163m▀[38;2;233;212;194;48;2;227;170;159m▀[38;2;206;185;160;48;2;228;213;189m▖[38;2;221;208;182;48;2;236;231;204m▀[38;2;216;206;178;48;2;232;227;201m▀[38;2;212;207;180;48;2;159;153;127m▛[38;2;193;185;160;48;2;116;90;70m▀[38;2;133;121;102;48;2;111;77;58m▀[38;2;157;151;128;48;2;123;100;78m▀[0m
 [38;2;237;231;215;48;2;147;143;123m▌[38;2;166;161;139;48;2;176;171;149m▛[38;2;166;161;138;48;2;173;168;145m▘[38;2;179;174;148;48;2;164;162;138m▝[38;2;170;166;139;48;2;117;119;98m▌[38;2;109;114;91;48;2;140;143;116m▌[38;2;165;160;134;48;2;138;137;113m▀[38;2;121;117;97;48;2;149;142;116m▌[38;2;221;213;186;48;2;174;169;146m▀[38;2;180;185;164;48;2;229;224;199m▖[38;2;186;183;155;48;2;233;229;204m▝[38;2;133;154;125;48;2;88;121;96m▛[38;2;108;136;109;48;2;94;124;97m▀[38;2;107;137;111;48;2;91;116;89m▀[38;2;100;128;101;48;2;86;111;86m▀[38;2;102;118;92;48;2;149;163;132m▛[38;2;114;127;101;48;2;154;169;141m▀[38;2;135;147;121;48;2;200;202;173m▀[38;2;139;150;122;48;2;195;197;169m▀[38;2;141;150;124;48;2;92;124;96m▛[38;2;152;162;138;48;2;99;126;99m▀[38;2;143;154;131;48;2;93;119;92m▀[38;2;137;152;127;48;2;91;121;92m▀[38;2;137;155;130;48;2;91;122;93m▀[38;2;138;155;128;48;2;88;116;87m▀[38;2;158;168;142;48;2;79;98;73m▀[38;2;175;178;154;48;2;83;96;73m▀[38;2;169;171;146;48;2;80;92;69m▀[38;2;171;170;146;48;2;90;106;82m▀[38;2;186;176;154;48;2;109;124;98m▀[38;2;196;169;152;48;2;120;135;110m▀[38;2;202;160;147;48;2;121;145;115m▀[38;2;199;160;146;48;2;119;143;114m▀[38;2;198;162;145;48;2;133;148;120m▀[38;2;201;159;145;48;2;150;156;130m▀[38;2;206;152;140;48;2;150;156;129m▀[38;2;204;148;136;48;2;158;162;136m▀[38;2;198;144;132;48;2;169;172;145m▀[38;2;193;145;130;48;2;176;176;149m▀[38;2;193;151;136;48;2;180;180;153m▀[38;2;202;142;132;48;2;181;180;153m▀[38;2;205;144;134;48;2;175;175;148m▀[38;2;204;146;136;48;2;169;171;143m▀[38;2;200;146;134;48;2;165;168;139m▀[38;2;210;141;132;48;2;154;159;132m▀[38;2;201;153;137;48;2;233;231;205m▛[38;2;220;204;181;48;2;194;158;139m▞[38;2;220;216;188;48;2;148;128;104m▀[38;2;184;174;147;48;2;109;77;58m▀[38;2;228;226;202;48;2;147;124;101m▝[38;2;156;148;124;48;2;220;216;190m▞[38;2;132;126;102;48;2;102;86;68m▖[38;2;129;108;86;48;2;142;123;100m▘[38;2;158;136;111;48;2;138;127;102m▌[0m
 [38;2;233;229;213;48;2;137;134;116m▌[38;2;171;166;144;48;2;176;171;149m▌[38;2;170;165;143;48;2;171;167;144m▖[38;2;175;171;148;48;2;179;174;152m▖[38;2;162;161;138;48;2;124;125;104m▌[38;2;113;115;94;48;2;125;124;103m▀[38;2;142;144;119;48;2;134;134;111m▘[38;2;128;133;107;48;2;162;159;135m▀[38;2;124;122;103;48;2;154;159;142m▖[38;2;191;198;180;48;2;133;136;120m▀[38;2;203;201;178;48;2;139;125;103m▀[38;2;166;158;142;48;2;109;95;79m▘[38;2;112;150;162;48;2;104;99;91m▝[38;2;113;141;149;48;2;201;209;196m▛[38;2;131;152;151;48;2;237;232;208m▀[38;2;146;158;150;48;2;228;224;201m▘[38;2;232;222;192;48;2;131;152;151m▀[38;2;184;192;178;48;2;87;138;165m▀[38;2;194;200;186;48;2;98;145;167m▀[38;2;186;180;153;48;2;118;143;147m▘[38;2;109;137;139;48;2;100;150;179m▀[38;2;108;135;136;48;2;105;153;180m▀[38;2;106;138;138;48;2;97;139;163m▀[38;2;105;132;129;48;2;107;151;173m▀[38;2;101;127;121;48;2;115;160;182m▀[38;2;100;122;115;48;2;104;154;181m▀[38;2;103;125;112;48;2;98;146;172m▀[38;2;107;133;119;48;2;99;148;177m▀[38;2;107;138;120;48;2;96;144;171m▀[38;2;105;136;117;48;2;98;145;171m▀[38;2;94;114;96;48;2;103;149;174m▀[38;2;97;123;106;48;2;104;150;176m▀[38;2;96;123;108;48;2;100;147;174m▀[38;2;95;123;108;48;2;99;146;173m▀[38;2;93;116;102;48;2;98;146;172m▀[38;2;89;108;97;48;2;94;144;173m▀[38;2;96;117;102;48;2;98;145;171m▀[38;2;107;127;109;48;2;97;143;168m▀[38;2;120;142;122;48;2;95;142;165m▀[38;2;108;128;110;48;2;86;134;159m▀[38;2;110;132;120;48;2;82;131;159m▀[38;2;107;132;120;48;2;86;136;165m▀[38;2;100;128;115;48;2;82;131;159m▀[38;2;89;126;124;48;2;164;181;174m▛[38;2;118;139;114;48;2;218;219;197m▀[38;2;233;228;202;48;2;190;180;152m▌[38;2;142;125;105;48;2;117;82;61m▘[38;2;102;74;56;48;2;114;95;76m▀[38;2;135;115;92;48;2;121;103;81m▞[38;2;134;108;86;48;2;158;142;118m▀[38;2;165;147;120;48;2;207;205;182m▌[38;2;223;216;189;48;2;162;158;133m▘[38;2;116;112;90;48;2;189;185;160m▀[38;2;188;181;153;48;2;140;132;107m▖[0m
 [38;2;231;227;211;48;2;138;134;115m▌[38;2;169;164;142;48;2;192;186;161m▀[38;2;183;178;155;48;2;169;164;142m▖[38;2;173;168;146;48;2;170;167;145m▛[38;2;143;145;120;48;2;173;168;146m▝[38;2;138;136;116;48;2;122;124;101m▌[38;2;114;125;98;48;2;135;143;116m▝[38;2;131;136;111;48;2;168;165;142m▛[38;2;132;131;108;48;2;159;160;134m▀[38;2;154;147;122;48;2;173;168;144m▀[38;2;173;158;134;48;2;175;165;141m▀[38;2;123;108;89;48;2;166;149;126m▝[38;2;147;122;99;48;2;109;88;70m▖[38;2;212;201;172;48;2;122;93;70m▝[38;2;224;221;195;48;2;178;168;139m▀[38;2;220;213;185;48;2;189;188;162m▀[38;2;181;189;176;48;2;213;207;176m▛[38;2;235;223;189;48;2;151;169;166m▖[38;2;94;137;161;48;2;95;143;169m▌[38;2;96;142;164;48;2;93;139;162m▞[38;2;86;131;151;48;2;90;137;162m▀[38;2;93;138;161;48;2;95;143;171m▀[38;2;96;140;164;48;2;96;143;170m▝[38;2;100;146;168;48;2;92;140;165m▝[38;2;97;143;166;48;2;103;149;170m▝[38;2;95;143;167;48;2;85;134;158m▛[38;2;93;142;171;48;2;88;137;163m▘[38;2;89;137;164;48;2;82;134;163m▛[38;2;87;136;162;48;2;83;133;160m▀[38;2;85;134;161;48;2;116;155;173m▛[38;2;83;135;163;48;2;132;165;177m▀[38;2;85;138;167;48;2;127;156;166m▀[38;2;86;134;163;48;2;89;139;168m▖[38;2;92;141;168;48;2;81;131;158m▀[38;2;90;139;167;48;2;85;134;159m▀[38;2;81;130;157;48;2;83;132;161m▝[38;2;82;130;156;48;2;90;137;162m▌[38;2;85;134;162;48;2;83;130;155m▛[38;2;85;132;158;48;2;99;142;164m▛[38;2;79;127;154;48;2;92;140;166m▀[38;2;82;131;159;48;2;89;138;163m▀[38;2;86;133;158;48;2;79;129;157m▀[38;2;82;127;150;48;2;173;187;176m▛[38;2;222;220;194;48;2;147;153;139m▞[38;2;156;144;121;48;2;134;100;76m▀[38;2;211;206;182;48;2;142;130;109m▀[38;2;159;139;113;48;2;221;217;190m▀[38;2;112;103;83;48;2;200;195;170m▀[38;2;174;169;143;48;2;124;119;97m▖[38;2;122;123;98;48;2;157;152;127m▌[38;2;172;163;138;48;2;196;194;170m▌[38;2;195;191;165;48;2;152;149;124m▖[38;2;173;168;142;48;2;197;193;167m▌[38;2;203;198;168;48;2;140;134;107m▌[0m
 [38;2;228;224;209;48;2;152;147;124m▌[38;2;227;220;193;48;2;231;224;200m▌[38;2;228;222;198;48;2;198;196;172m▘[38;2;189;185;161;48;2;213;210;186m▝[38;2;187;183;159;48;2;174;169;146m▖[38;2;161;157;135;48;2;137;138;114m▖[38;2;131;138;113;48;2;111;115;93m▌[38;2;156;151;130;48;2;170;168;144m▌[38;2;184;179;156;48;2;174;171;147m▝[38;2;176;170;147;48;2;178;173;149m▝[38;2;175;168;143;48;2;178;173;148m▛[38;2;178;171;146;48;2;174;163;138m▖[38;2;156;132;109;48;2;171;156;132m▝[38;2;143;126;105;48;2;131;110;87m▖[38;2;149;133;109;48;2;232;229;205m▛[38;2;199;203;188;48;2;110;147;162m▖[38;2;127;155;161;48;2;94;143;171m▝[38;2;154;170;163;48;2;94;141;163m▀[38;2;93;134;158;48;2;94;143;169m▘[38;2;90;140;168;48;2;97;145;170m▝[38;2;94;142;170;48;2;100;148;174m▀[38;2;96;144;172;48;2;107;153;177m▘[38;2;90;137;160;48;2;102;146;166m▝[38;2;101;146;167;48;2;112;155;172m▛[38;2;102;147;169;48;2;117;158;173m▘[38;2;102;147;167;48;2;123;162;174m▀[38;2;92;142;165;48;2;187;198;186m▀[38;2;124;158;168;48;2;228;223;198m▀[38;2;185;195;185;48;2;226;224;199m▀[38;2;219;216;192;48;2;186;192;173m▀[38;2;210;209;184;48;2;166;182;168m▛[38;2;195;204;185;48;2;165;184;175m▛[38;2;147;171;168;48;2;177;201;195m▛[38;2;158;186;185;48;2;136;171;181m▛[38;2;146;178;181;48;2;121;161;174m▘[38;2;118;159;174;48;2;101;146;164m▘[38;2;94;139;160;48;2;119;159;172m▀[38;2;86;133;157;48;2;115;155;167m▀[38;2;95;141;164;48;2;100;141;157m▀[38;2;93;139;161;48;2;104;146;162m▛[38;2;86;134;159;48;2;120;149;155m▛[38;2;223;217;190;48;2;147;158;151m▖[38;2;190;180;154;48;2;148;124;100m▀[38;2;151;130;107;48;2;195;185;159m▖[38;2;164;151;125;48;2;215;213;189m▀[38;2;166;159;135;48;2;222;218;193m▀[38;2;185;184;159;48;2;162;155;129m▌[38;2;205;202;177;48;2;159;158;132m▝[38;2;210;208;184;48;2;162;159;135m▛[38;2;169;164;139;48;2;185;182;155m▖[38;2;187;183;157;48;2;163;158;133m▞[38;2;205;202;178;48;2;159;160;134m▀[38;2;195;193;163;48;2;160;159;132m▖[38;2;175;168;140;48;2;135;130;106m▌[0m
 [38;2;232;227;211;48;2;133;132;115m▌[38;2;178;181;159;48;2;176;190;176m▀[38;2;180;184;164;48;2;198;201;181m▌[38;2;169;177;160;48;2;148;159;144m▞[38;2;183;179;155;48;2;225;220;196m▞[38;2;191;184;158;48;2;167;162;138m▖[38;2;158;156;132;48;2;139;142;118m▌[38;2;128;132;109;48;2;154;153;129m▘[38;2;165;161;138;48;2;175;170;149m▖[38;2;175;170;147;48;2;173;168;146m▝[38;2;174;169;147;48;2;180;175;152m▌[38;2;180;175;150;48;2;178;172;148m▌[38;2;176;170;146;48;2;162;161;136m▛[38;2;138;134;114;48;2;115;114;95m▌[38;2;116;115;96;48;2;151;141;118m▖[38;2;151;150;127;48;2;196;194;171m▖[38;2;117;150;162;48;2;86;139;169m▛[38;2;116;157;172;48;2;100;147;170m▘[38;2;101;145;166;48;2;117;158;171m▀[38;2;121;160;173;48;2;109;152;170m▖[38;2;106;149;168;48;2;110;154;173m▛[38;2;100;146;167;48;2;109;152;171m▖[38;2;123;162;176;48;2;105;151;169m▀[38;2;119;161;175;48;2;153;179;178m▛[38;2;127;164;173;48;2;209;211;190m▀[38;2;200;207;192;48;2;144;172;175m▀[38;2;187;197;185;48;2;107;152;173m▀[38;2;142;172;181;48;2;105;151;173m▘[38;2;114;157;177;48;2;143;176;180m▌[38;2;124;163;174;48;2;170;189;179m▖[38;2;189;209;197;48;2;164;190;185m▌[38;2;92;141;163;48;2;151;180;183m▖[38;2;123;158;170;48;2;99;143;162m▞[38;2;109;151;168;48;2;123;162;174m▞[38;2;94;139;160;48;2;91;130;149m▛[38;2;90;140;165;48;2;104;106;105m▀[38;2;105;97;89;48;2;106;141;153m▖[38;2;86;133;155;48;2;156;170;162m▀[38;2;96;140;160;48;2;173;184;171m▀[38;2;124;158;167;48;2;221;217;193m▀[38;2;193;197;179;48;2;236;228;201m▀[38;2;178;173;146;48;2;126;119;98m▌[38;2;135;125;103;48;2;154;147;123m▌[38;2;165;161;135;48;2;174;164;138m▖[38;2;160;155;132;48;2;177;171;146m▀[38;2;204;200;174;48;2;169;165;139m▀[38;2;179;174;147;48;2;137;137;114m▌[38;2;150;152;127;48;2;210;204;177m▌[38;2;226;222;199;48;2;198;200;180m▌[38;2;163;160;136;48;2;200;198;172m▀[38;2;228;224;200;48;2;207;205;181m▘[38;2;138;142;113;48;2;221;214;187m▝[38;2;159;158;131;48;2;172;169;145m▌[38;2;188;183;154;48;2;146;139;113m▌[0m
 [38;2;230;224;208;48;2;136;139;123m▌[38;2;181;197;185;48;2;187;203;191m▌[38;2;181;199;189;48;2;187;203;191m▝[38;2;179;194;182;48;2;190;206;194m▝[38;2;158;168;154;48;2;185;198;184m▘[38;2;195;193;170;48;2;177;193;181m▀[38;2;174;178;159;48;2;163;161;137m▖[38;2;158;160;136;48;2;174;170;147m▝[38;2;159;158;133;48;2;177;173;151m▘[38;2;176;172;150;48;2;174;169;146m▞[38;2;172;168;145;48;2;177;172;150m▌[38;2;175;170;148;48;2;172;167;145m▛[38;2;175;171;149;48;2;168;163;142m▛[38;2;145;147;122;48;2;162;160;137m▌[38;2;135;134;112;48;2;164;162;138m▌[38;2;167;163;138;48;2;193;188;162m▘[38;2;151;173;174;48;2;199;200;176m▀[38;2;125;156;166;48;2;201;204;182m▀[38;2;113;152;168;48;2;188;190;170m▀[38;2;96;140;161;48;2;164;180;171m▀[38;2;88;137;162;48;2;169;180;168m▀[38;2;115;153;165;48;2;173;182;168m▀[38;2;159;177;173;48;2;187;196;184m▌[38;2;225;221;197;48;2;150;176;181m▀[38;2;250;239;208;48;2;172;188;181m▘[38;2;191;197;179;48;2;96;142;164m▖[38;2;105;150;171;48;2;97;144;166m▀[38;2;110;153;174;48;2;105;151;174m▀[38;2;163;189;187;48;2;112;155;176m▝[38;2;131;168;179;48;2;120;159;170m▞[38;2;130;169;181;48;2;93;140;164m▀[38;2;91;141;167;48;2;119;156;168m▖[38;2;107;148;163;48;2;148;175;177m▀[38;2;129;148;148;48;2;126;100;77m▛[38;2;127;106;92;48;2;163;128;103m▀[38;2;141;100;75;48;2;153;134;110m▀[38;2;155;119;93;48;2;158;145;120m▀[38;2;163;149;122;48;2;176;159;133m▞[38;2;143;135;110;48;2;111;108;90m▀[38;2;233;227;202;48;2;176;170;144m▝[38;2;237;231;206;48;2;200;194;168m▀[38;2;223;217;191;48;2;236;229;203m▝[38;2;166;162;137;48;2;228;224;199m▀[38;2;171;169;143;48;2;227;220;193m▀[38;2;228;222;196;48;2;169;166;141m▖[38;2;134;138;114;48;2;98;106;82m▀[38;2;148;143;121;48;2;137;137;112m▀[38;2;116;122;97;48;2;173;168;142m▖[38;2;218;214;187;48;2;194;188;159m▛[38;2;186;189;166;48;2;201;204;183m▛[38;2;184;190;171;48;2;164;178;167m▛[38;2;185;191;173;48;2;205;204;180m▌[38;2;165;158;131;48;2;222;215;188m▝[38;2;179;173;147;48;2;150;143;115m▌[0m
 [38;2;229;223;206;48;2;110;120;115m▌[38;2;149;176;176;48;2;106;147;165m▀[38;2;162;185;182;48;2;114;152;166m▀[38;2;179;198;189;48;2;118;155;168m▀[38;2;185;203;192;48;2;162;186;185m▀[38;2;179;200;191;48;2;185;205;194m▞[38;2;177;199;191;48;2;186;205;196m▀[38;2;167;176;161;48;2;178;202;195m▀[38;2;171;167;145;48;2;170;187;175m▀[38;2;175;171;149;48;2;181;179;157m▀[38;2;172;168;146;48;2;182;177;153m▀[38;2;176;172;150;48;2;173;169;147m▛[38;2;171;166;143;48;2;174;169;148m▖[38;2;172;170;149;48;2;157;154;133m▖[38;2;155;154;131;48;2;140;139;118m▘[38;2;165;163;139;48;2;143;143;122m▀[38;2;174;179;159;48;2;134;135;114m▀[38;2;188;195;179;48;2;138;144;126m▀[38;2;156;167;156;48;2;132;138;126m▀[38;2;152;167;160;48;2;107;116;104m▀[38;2;135;163;169;48;2;93;128;141m▀[38;2;98;136;152;48;2;106;150;170m▌[38;2;109;153;173;48;2;123;158;170m▌[38;2;96;134;148;48;2;97;142;163m▖[38;2;143;170;171;48;2;97;144;168m▝[38;2;185;191;172;48;2;120;155;165m▀[38;2;111;150;163;48;2;172;185;175m▝[38;2;165;179;170;48;2;98;140;159m▖[38;2;103;147;168;48;2;168;186;181m▛[38;2;100;147;171;48;2;189;199;188m▀[38;2;129;163;170;48;2;230;226;201m▀[38;2;155;177;174;48;2;228;223;199m▘[38;2;222;218;194;48;2;176;171;147m▌[38;2;128;123;103;48;2;160;150;128m▌[38;2;168;159;135;48;2;147;143;119m▌[38;2;159;148;125;48;2;132;129;108m▘[38;2;140;136;113;48;2;157;153;130m▌[38;2;176;171;149;48;2;129;126;106m▖[38;2;155;153;128;48;2;122;123;102m▀[38;2;156;155;131;48;2;136;135;112m▖[38;2;137;137;113;48;2;173;169;144m▖[38;2;212;208;182;48;2;223;222;200m▌[38;2;229;225;201;48;2;195;201;181m▖[38;2;235;229;204;48;2;216;214;191m▝[38;2;226;221;195;48;2;196;195;172m▛[38;2;153;151;125;48;2;212;210;186m▝[38;2;145;146;120;48;2;201;198;172m▀[38;2;145;148;122;48;2;171;168;142m▀[38;2;194;190;163;48;2;229;224;198m▛[38;2;215;212;188;48;2;164;164;142m▖[38;2;174;182;167;48;2;149;148;128m▀[38;2;189;187;164;48;2;162;158;136m▀[38;2;183;177;147;48;2;210;203;174m▌[38;2;203;194;163;48;2;147;140;113m▌[0m
 [38;2;227;220;203;48;2;97;109;108m▌[38;2;111;149;165;48;2;120;154;168m▖[38;2;113;151;168;48;2;102;144;165m▀[38;2;99;141;162;48;2;123;157;170m▌[38;2;116;152;166;48;2;142;171;176m▀[38;2;162;186;182;48;2;124;159;170m▖[38;2;152;182;185;48;2;101;144;165m▀[38;2;106;149;173;48;2;170;193;188m▖[38;2;167;193;190;48;2;115;155;169m▛[38;2;191;205;189;48;2;133;170;180m▀[38;2;213;211;187;48;2;184;202;191m▀[38;2;223;215;189;48;2;195;204;187m▀[38;2;200;195;170;48;2;181;197;185m▀[38;2;196;195;173;48;2;157;177;176m▛[38;2;186;179;153;48;2;141;171;181m▀[38;2;177;171;146;48;2;147;171;172m▀[38;2;171;165;140;48;2;161;177;170m▀[38;2;173;166;140;48;2;168;183;175m▀[38;2;181;175;152;48;2;187;195;180m▀[38;2;175;169;144;48;2;164;177;170m▀[38;2;149;145;122;48;2;177;189;178m▀[38;2;153;154;137;48;2;179;191;181m▀[38;2;163;165;147;48;2;182;193;184m▀[38;2;132;151;151;48;2;212;218;199m▀[38;2;160;179;174;48;2;192;206;196m▀[38;2;164;182;178;48;2;205;215;200m▀[38;2;202;210;193;48;2;181;195;187m▞[38;2;234;228;200;48;2;173;183;168m▀[38;2;228;222;195;48;2;185;193;174m▀[38;2;244;235;208;48;2;203;207;186m▀[38;2;209;210;189;48;2;237;231;207m▖[38;2;226;223;199;48;2;202;201;177m▀[38;2;118;114;96;48;2;178;174;148m▝[38;2;126;125;107;48;2;157;154;132m▀[38;2;136;137;116;48;2;156;157;133m▀[38;2;136;138;115;48;2;148;147;126m▌[38;2;120;119;100;48;2;156;154;133m▘[38;2;164;162;140;48;2;180;177;153m▖[38;2;94;95;78;48;2;133;134;112m▝[38;2;165;161;136;48;2;142;142;119m▝[38;2;135;135;112;48;2;156;155;130m▌[38;2;162;161;134;48;2;217;212;185m▖[38;2;211;213;192;48;2;185;191;171m▞[38;2;181;195;182;48;2;206;208;186m▖[38;2;217;216;194;48;2;186;189;167m▖[38;2;215;212;188;48;2;174;183;165m▀[38;2;200;202;181;48;2;163;180;171m▛[38;2;214;211;185;48;2;119;153;159m▀[38;2;188;186;162;48;2;94;137;156m▀[38;2;178;189;175;48;2;79;125;147m▀[38;2;125;147;146;48;2;71;117;141m▀[38;2;120;150;156;48;2;69;116;139m▀[38;2;130;155;153;48;2;65;113;137m▀[38;2;156;169;156;48;2;122;131;120m▘[0m
 [38;2;224;217;200;48;2;98;111;109m▌[38;2;107;147;163;48;2;113;152;169m▘[38;2;100;141;160;48;2;104;146;168m▝[38;2;92;133;153;48;2;97;139;161m▀[38;2;99;144;167;48;2;97;138;158m▝[38;2;138;170;177;48;2;111;151;168m▝[38;2;156;183;184;48;2;104;146;167m▀[38;2;90;137;162;48;2;136;168;175m▝[38;2;142;175;180;48;2;104;146;166m▀[38;2;97;143;166;48;2;131;166;175m▝[38;2;163;189;187;48;2;101;146;169m▝[38;2;166;192;187;48;2;109;149;165m▀[38;2;112;153;174;48;2;180;201;193m▖[38;2;160;186;183;48;2;188;206;195m▝[38;2;104;146;165;48;2;190;207;194m▀[38;2;88;138;165;48;2;132;167;174m▀[38;2;114;154;170;48;2;102;146;167m▝[38;2;111;153;171;48;2;94;132;147m▀[38;2;133;169;182;48;2;89;133;155m▀[38;2;150;180;183;48;2;116;155;169m▘[38;2;116;156;173;48;2;106;146;161m▀[38;2;110;153;172;48;2;97;139;158m▛[38;2;112;153;170;48;2;121;160;175m▞[38;2;129;168;183;48;2;102;146;166m▝[38;2;154;184;187;48;2;112;154;174m▀[38;2;128;163;174;48;2;94;137;157m▛[38;2;149;180;184;48;2;104;145;164m▀[38;2;95;137;153;48;2;131;167;176m▝[38;2;148;179;185;48;2;105;148;166m▝[38;2;178;195;184;48;2;102;145;165m▀[38;2;204;204;178;48;2;115;153;167m▀[38;2;221;215;188;48;2;147;171;172m▀[38;2;126;155;158;48;2;169;186;173m▖[38;2;218;214;188;48;2;183;188;166m▝[38;2;238;231;204;48;2;191;193;174m▘[38;2;175;173;147;48;2;209;209;187m▀[38;2;171;167;144;48;2;212;206;179m▀[38;2;176;172;148;48;2;210;209;186m▀[38;2;163;160;137;48;2;190;185;159m▀[38;2;142;143;119;48;2;184;181;157m▝[38;2;143;145;121;48;2;191;190;167m▀[38;2;154;153;129;48;2;183;187;167m▘[38;2;185;189;169;48;2;185;201;187m▀[38;2;162;182;172;48;2;184;202;192m▀[38;2;169;191;182;48;2;130;164;171m▛[38;2;150;179;179;48;2;112;150;162m▀[38;2;123;160;171;48;2;101;143;161m▘[38;2;81;129;154;48;2;93;137;158m▝[38;2;79;124;149;48;2;103;141;156m▀[38;2;92;133;150;48;2;127;160;166m▛[38;2;75;115;135;48;2;111;144;153m▀[38;2;76;119;141;48;2;99;134;146m▀[38;2;76;121;146;48;2;85;130;151m▀[38;2;104;135;144;48;2;136;133;112m▌[0m
 [38;2;223;217;198;48;2;103;118;115m▌[38;2;113;152;171;48;2;107;149;171m▀[38;2;105;145;168;48;2;91;142;171m▀[38;2;100;141;165;48;2;84;140;171m▀[38;2;111;148;165;48;2;82;138;171m▀[38;2;99;149;174;48;2;124;160;171m▖[38;2;110;150;166;48;2;97;139;159m▀[38;2;94;137;160;48;2;107;148;167m▘[38;2;114;155;171;48;2;106;146;164m▌[38;2;84;133;161;48;2;99;144;167m▘[38;2;115;152;165;48;2;93;138;161m▘[38;2;126;162;173;48;2;98;145;171m▝[38;2;119;158;173;48;2;100;143;162m▞[38;2;179;200;192;48;2;114;157;176m▀[38;2;171;194;190;48;2;189;206;194m▖[38;2;119;156;164;48;2;186;204;194m▖[38;2;180;198;188;48;2;207;216;199m▀[38;2;168;187;181;48;2;138;168;172m▌[38;2;155;180;178;48;2;180;202;196m▛[38;2;172;193;186;48;2;150;179;182m▘[38;2;136;165;167;48;2;192;208;198m▀[38;2;105;145;161;48;2;183;200;191m▀[38;2;81;127;150;48;2;139;168;169m▀[38;2;91;135;157;48;2;109;148;162m▘[38;2;109;149;164;48;2;140;172;176m▛[38;2;103;144;160;48;2;154;178;175m▀[38;2;110;148;162;48;2;164;188;185m▀[38;2;113;151;163;48;2;196;210;197m▀[38;2;127;162;170;48;2;197;209;195m▀[38;2;113;150;161;48;2;198;212;197m▀[38;2;109;149;163;48;2;186;203;192m▀[38;2;95;140;160;48;2;172;191;182m▀[38;2;105;150;167;48;2;143;177;180m▀[38;2;109;149;163;48;2;136;170;176m▀[38;2;153;181;182;48;2;116;155;168m▖[38;2;155;182;179;48;2;102;147;164m▀[38;2;152;175;171;48;2;114;156;169m▀[38;2;152;173;163;48;2;146;177;176m▝[38;2;177;188;169;48;2;152;180;180m▀[38;2;179;197;185;48;2;133;168;175m▀[38;2;174;197;190;48;2;119;157;169m▀[38;2;158;186;186;48;2;113;152;166m▀[38;2;146;176;179;48;2;110;150;165m▀[38;2;124;161;171;48;2;106;146;161m▀[38;2;110;148;161;48;2;95;137;155m▖[38;2;101;141;158;48;2;118;151;160m▛[38;2;96;138;157;48;2;113;149;158m▀[38;2;89;131;150;48;2;108;143;155m▀[38;2;82;127;150;48;2;113;148;158m▀[38;2;81;125;148;48;2;116;149;156m▀[38;2;115;147;157;48;2;87;131;154m▖[38;2;100;144;164;48;2;77;125;152m▀[38;2;116;151;163;48;2;74;125;154m▀[38;2;108;139;148;48;2;137;135;115m▌[0m
 [38;2;221;215;196;48;2;93;108;111m▌[38;2;81;127;158;48;2;100;141;165m▖[38;2;130;131;141;48;2;198;113;99m▀[38;2;129;116;126;48;2;181;89;74m▀[38;2;128;118;128;48;2;194;96;78m▀[38;2;166;99;93;48;2;94;125;149m▖[38;2;101;144;166;48;2;88;130;152m▌[38;2;81;128;158;48;2;92;137;163m▖[38;2;123;159;171;48;2;101;144;163m▝[38;2;106;146;163;48;2;98;141;164m▌[38;2;96;140;162;48;2;119;156;172m▞[38;2;99;142;162;48;2;84;129;153m▞[38;2;104;146;168;48;2;93;137;161m▘[38;2;95;139;163;48;2;99;145;171m▖[38;2;158;186;186;48;2;103;148;172m▝[38;2;96;141;163;48;2;152;182;185m▝[38;2;139;171;177;48;2;124;159;168m▞[38;2;146;175;175;48;2;102;142;159m▀[38;2;122;160;172;48;2;171;196;192m▀[38;2;85;129;151;48;2;150;178;177m▀[38;2;97;142;165;48;2;132;164;171m▀[38;2;143;175;181;48;2;89;133;155m▀[38;2;187;205;196;48;2;94;141;168m▀[38;2;172;196;191;48;2;102;146;165m▀[38;2;184;204;195;48;2;109;152;172m▀[38;2;170;191;183;48;2;124;161;173m▀[38;2;175;197;193;48;2;130;163;171m▀[38;2;145;177;185;48;2;120;158;170m▘[38;2;150;180;187;48;2;119;158;172m▝[38;2;171;194;189;48;2;129;166;176m▝[38;2;144;175;179;48;2;124;161;171m▛[38;2;163;189;186;48;2;108;151;166m▀[38;2;104;148;165;48;2;117;158;169m▛[38;2;95;141;163;48;2;152;180;180m▀[38;2;116;156;169;48;2;155;181;181m▀[38;2;150;178;177;48;2;135;169;173m▛[38;2;142;173;175;48;2;135;169;172m▘[38;2;125;163;174;48;2;144;176;179m▀[38;2;122;158;168;48;2;151;180;179m▀[38;2;113;154;168;48;2;135;168;173m▀[38;2;110;152;168;48;2;137;167;170m▀[38;2;113;153;169;48;2;139;168;170m▀[38;2;111;151;167;48;2;135;167;172m▀[38;2;106;146;160;48;2;136;168;173m▀[38;2;107;145;158;48;2;141;171;174m▀[38;2;104;142;157;48;2;146;174;176m▀[38;2;118;150;156;48;2;146;173;175m▀[38;2;115;148;155;48;2;154;177;175m▀[38;2;92;132;148;48;2;146;170;170m▀[38;2;88;130;148;48;2;141;166;166m▀[38;2;119;151;158;48;2;99;136;150m▛[38;2;142;169;171;48;2;91;133;152m▀[38;2;117;149;156;48;2;102;144;164m▀[38;2;121;147;148;48;2;148;143;120m▌[0m
 [38;2;213;207;190;48;2;78;94;101m▌[38;2;77;119;150;48;2;54;88;124m▀[38;2;194;124;113;48;2;136;80;71m▌[38;2;157;88;76;48;2;124;77;67m▞[38;2;97;67;61;48;2;153;85;70m▖[38;2;157;103;101;48;2;63;115;151m▌[38;2;79;129;161;48;2;62;112;149m▀[38;2;61;111;149;48;2;79;125;152m▖[38;2;103;146;166;48;2;71;121;155m▀[38;2;80;127;154;48;2;69;119;153m▛[38;2;91;137;163;48;2;73;123;156m▀[38;2;75;127;162;48;2;112;152;169m▖[38;2;94;139;161;48;2;84;129;154m▞[38;2;76;124;153;48;2;91;134;157m▖[38;2;97;141;165;48;2;92;137;162m▌[38;2;112;152;171;48;2;91;136;160m▞[38;2;161;190;191;48;2;88;132;158m▀[38;2;166;193;192;48;2;114;153;168m▘[38;2;104;148;166;48;2;127;166;178m▀[38;2;125;166;183;48;2;98;142;163m▝[38;2;155;186;187;48;2;92;137;159m▀[38;2;143;176;181;48;2;93;139;164m▀[38;2;112;154;174;48;2;127;164;174m▖[38;2;130;167;176;48;2;144;179;186m▀[38;2;130;168;177;48;2;109;149;162m▖[38;2;94;139;160;48;2;117;157;173m▘[38;2;117;157;172;48;2;145;178;182m▀[38;2;165;193;192;48;2;131;166;171m▖[38;2;124;162;171;48;2;139;171;173m▘[38;2;118;158;171;48;2;133;165;166m▀[38;2;118;157;168;48;2;178;195;184m▀[38;2;132;167;173;48;2;184;202;191m▀[38;2;173;195;186;48;2;154;182;181m▝[38;2;165;190;185;48;2;120;158;169m▀[38;2;145;176;180;48;2;114;153;167m▀[38;2;149;178;180;48;2;105;148;166m▀[38;2;138;170;176;48;2;107;147;163m▀[38;2;125;161;170;48;2;112;151;164m▀[38;2;122;158;166;48;2;116;154;164m▌[38;2;115;154;168;48;2;104;145;163m▖[38;2;102;143;162;48;2;111;152;170m▛[38;2;96;141;162;48;2;105;146;165m▝[38;2;93;139;164;48;2;102;145;165m▀[38;2;88;135;161;48;2;95;140;162m▀[38;2;82;128;150;48;2;90;135;155m▝[38;2;92;135;155;48;2;113;149;160m▀[38;2;103;142;159;48;2;113;149;163m▌[38;2;106;144;159;48;2;111;147;159m▝[38;2;106;143;157;48;2;107;144;159m▘[38;2;104;140;154;48;2;81;122;143m▛[38;2;125;157;165;48;2;73;121;147m▀[38;2;121;153;159;48;2;84;130;154m▀[38;2;91;132;150;48;2;117;152;162m▛[38;2;97;131;140;48;2;141;145;128m▘[0m
 [38;2;214;209;188;48;2;98;109;110m▌[38;2;36;54;88;48;2;125;140;145m▀[38;2;190;113;99;48;2;200;106;92m▌[38;2;198;103;89;48;2;181;97;83m▘[38;2;142;80;68;48;2;197;103;87m▘[38;2;157;103;101;48;2;36;72;113m▌[38;2;46;91;134;48;2;32;56;97m▀[38;2;44;91;131;48;2;30;58;99m▀[38;2;46;92;131;48;2;32;64;106m▀[38;2;54;102;139;48;2;37;68;107m▀[38;2;58;106;144;48;2;43;78;116m▀[38;2;52;103;143;48;2;42;80;120m▀[38;2;72;121;155;48;2;42;85;125m▀[38;2;71;118;149;48;2;50;92;131m▀[38;2;78;123;151;48;2;49;92;129m▀[38;2;71;120;156;48;2;51;94;132m▀[38;2;78;123;154;48;2;56;102;140m▀[38;2;74;119;147;48;2;61;105;141m▀[38;2;84;131;158;48;2;56;101;139m▀[38;2;119;159;176;48;2;64;109;141m▘[38;2;78;124;152;48;2;48;95;135m▀[38;2;78;126;155;48;2;53;99;139m▀[38;2;86;133;160;48;2;56;101;141m▀[38;2;90;138;165;48;2;57;99;135m▀[38;2;94;140;163;48;2;79;117;142m▀[38;2;74;124;155;48;2;112;147;160m▀[38;2;89;137;161;48;2;127;161;170m▀[38;2;119;157;167;48;2;136;169;175m▘[38;2;140;171;172;48;2;111;154;171m▀[38;2;151;180;181;48;2;90;139;165m▀[38;2;133;168;179;48;2;93;141;163m▀[38;2;96;142;163;48;2;104;147;165m▝[38;2;93;141;164;48;2;113;155;170m▀[38;2;86;135;161;48;2;111;152;168m▀[38;2;92;138;161;48;2;102;145;164m▘[38;2;105;149;168;48;2;105;146;161m▀[38;2;105;149;168;48;2;100;142;157m▀[38;2;113;154;169;48;2;98;141;158m▀[38;2;101;144;163;48;2;96;139;157m▀[38;2;101;145;166;48;2;93;138;158m▀[38;2;98;141;161;48;2;108;149;165m▛[38;2;99;141;161;48;2;110;148;161m▀[38;2;110;148;163;48;2;103;143;160m▞[38;2;112;149;160;48;2;102;140;150m▀[38;2;121;155;159;48;2;100;137;144m▀[38;2;116;151;162;48;2;105;143;153m▀[38;2;105;142;157;48;2;92;132;149m▀[38;2;119;152;162;48;2;89;129;147m▀[38;2;93;133;152;48;2;104;141;156m▝[38;2;97;137;156;48;2;86;127;148m▀[38;2;95;136;153;48;2;84;129;150m▀[38;2;94;135;154;48;2;85;129;151m▀[38;2;93;137;158;48;2;88;131;148m▀[38;2;114;141;141;48;2;151;147;124m▌[0m
 [38;2;200;194;171;48;2;92;110;112m▌[38;2;96;144;166;48;2;118;143;153m▌[38;2;192;115;98;48;2;199;107;92m▌[38;2;138;80;67;48;2;170;93;80m▝[38;2;210;112;95;48;2;197;103;87m▝[38;2;161;116;110;48;2;72;116;146m▌[38;2;54;81;112;48;2;91;138;165m▀[38;2;46;70;102;48;2;91;136;162m▀[38;2;45;69;102;48;2;104;143;162m▀[38;2;34;55;89;48;2;88;124;147m▀[38;2;31;53;91;48;2;85;117;138m▀[38;2;29;52;89;48;2;81;108;130m▀[38;2;30;55;94;48;2;78;99;119m▀[38;2;28;56;96;48;2;79;100;120m▀[38;2;27;58;100;48;2;79;99;119m▀[38;2;24;59;103;48;2;79;101;121m▀[38;2;27;61;102;48;2;80;103;125m▀[38;2;33;66;106;48;2;94;117;134m▀[38;2;29;63;105;48;2;113;137;146m▀[38;2;29;65;108;48;2;103;132;149m▀[38;2;37;72;112;48;2;117;148;162m▀[38;2;49;83;116;48;2;109;147;165m▀[38;2;71;106;134;48;2;103;149;173m▀[38;2;96;129;147;48;2;108;149;170m▘[38;2;111;151;168;48;2;118;157;173m▌[38;2;124;162;177;48;2;108;150;169m▀[38;2;110;153;173;48;2;102;147;170m▘[38;2;97;144;167;48;2;111;152;170m▀[38;2;106;150;168;48;2;112;153;169m▘[38;2;108;150;169;48;2;106;147;166m▀[38;2;119;157;172;48;2;129;167;179m▛[38;2;133;169;180;48;2;123;161;173m▖[38;2;126;164;176;48;2;123;161;174m▞[38;2;124;162;175;48;2;115;156;171m▖[38;2;112;153;170;48;2;118;156;169m▘[38;2;121;158;170;48;2;126;162;172m▀[38;2;129;163;171;48;2;147;175;174m▛[38;2;121;157;166;48;2;159;183;178m▀[38;2;121;157;166;48;2;171;193;183m▀[38;2;100;142;159;48;2;165;187;179m▀[38;2;96;139;158;48;2;163;184;176m▀[38;2;102;143;160;48;2;157;179;172m▀[38;2;94;137;158;48;2;116;153;162m▘[38;2;118;154;163;48;2;112;149;160m▌[38;2;113;148;154;48;2;122;158;166m▀[38;2;115;149;155;48;2;97;133;146m▛[38;2;115;149;157;48;2;90;130;148m▀[38;2;88;128;145;48;2;98;136;150m▝[38;2;74;121;145;48;2;127;151;150m▀[38;2;97;137;152;48;2;161;169;151m▘[38;2;181;186;166;48;2;209;200;167m▛[38;2;159;171;161;48;2;222;214;182m▀[38;2;140;162;156;48;2;227;218;188m▀[38;2;197;190;162;48;2;158;150;122m▌[0m
 [38;2;198;194;175;48;2;97;113;113m▌[38;2;133;157;160;48;2;89;126;145m▀[38;2;176;107;86;48;2;187;103;87m▖[38;2;155;89;73;48;2;143;84;70m▀[38;2;186;99;84;48;2;206;108;89m▌[38;2;163;130;124;48;2;84;132;159m▌[38;2;106;143;162;48;2;89;132;157m▖[38;2;88;132;158;48;2;101;140;161m▛[38;2;99;141;161;48;2;94;136;159m▛[38;2;94;139;163;48;2;96;137;158m▀[38;2;98;143;165;48;2;105;144;161m▀[38;2;92;140;166;48;2;97;141;165m▘[38;2;102;146;167;48;2;94;139;164m▝[38;2;107;149;168;48;2;85;133;162m▀[38;2;111;152;169;48;2;91;137;164m▀[38;2;112;153;171;48;2;89;133;160m▀[38;2;122;160;175;48;2;91;136;160m▀[38;2;118;160;178;48;2;88;133;160m▀[38;2;112;157;178;48;2;83;129;157m▀[38;2;91;137;162;48;2;105;151;173m▖[38;2;98;146;173;48;2;114;153;171m▀[38;2;99;146;173;48;2;113;153;172m▀[38;2;104;147;169;48;2;97;141;164m▌[38;2;105;147;166;48;2;101;145;168m▀[38;2;112;152;170;48;2;94;140;164m▀[38;2;113;153;171;48;2;102;146;167m▀[38;2;117;157;174;48;2;109;151;169m▘[38;2;104;148;169;48;2;130;163;172m▀[38;2;100;145;167;48;2;147;173;174m▀[38;2;99;144;168;48;2;159;181;177m▀[38;2;106;149;170;48;2;162;179;171m▀[38;2;108;150;170;48;2;172;188;178m▀[38;2;107;151;171;48;2;173;186;174m▀[38;2;108;151;172;48;2;166;180;169m▀[38;2;107;150;170;48;2;165;177;167m▀[38;2;99;143;166;48;2;159;175;169m▀[38;2;95;143;168;48;2;167;177;166m▀[38;2;94;143;169;48;2;162;174;164m▀[38;2;103;148;170;48;2;145;167;168m▀[38;2;106;149;170;48;2;125;156;165m▀[38;2;131;165;174;48;2;110;146;162m▀[38;2;144;174;177;48;2;94;138;159m▀[38;2;148;174;173;48;2;93;138;159m▀[38;2;110;151;166;48;2;132;164;167m▖[38;2;122;156;161;48;2;129;160;164m▀[38;2;107;139;146;48;2;143;164;159m▀[38;2;95;126;135;48;2;153;163;148m▀[38;2;100;135;147;48;2;194;192;169m▀[38;2;110;138;140;48;2;137;156;149m▛[38;2;103;137;146;48;2;199;196;170m▀[38;2;136;154;145;48;2;203;196;168m▘[38;2;220;215;189;48;2;205;198;169m▀[38;2;223;216;190;48;2;209;202;173m▛[38;2;195;186;157;48;2;163;155;128m▌[0m
 [38;2;198;193;175;48;2;76;100;109m▌[38;2;105;142;156;48;2;133;152;154m▌[38;2;185;106;87;48;2;131;130;135m▀[38;2;183;95;78;48;2;134;127;132m▀[38;2;203;99;79;48;2;136;128;133m▀[38;2;154;114;110;48;2;89;125;147m▘[38;2;85;128;153;48;2;100;137;156m▛[38;2;82;125;150;48;2;107;142;157m▀[38;2;79;124;152;48;2;89;133;157m▘[38;2;87;132;157;48;2;99;142;164m▛[38;2;90;136;162;48;2;111;147;163m▀[38;2;96;139;165;48;2;97;139;160m▀[38;2;98;140;164;48;2;92;138;163m▛[38;2;85;133;161;48;2;90;135;160m▘[38;2;94;138;161;48;2;104;146;165m▖[38;2;111;149;165;48;2;95;139;162m▀[38;2;108;148;166;48;2;117;153;165m▛[38;2;121;157;169;48;2;106;145;163m▖[38;2;95;137;159;48;2;101;142;163m▌[38;2;117;154;168;48;2;103;144;163m▝[38;2;125;160;171;48;2;112;152;169m▘[38;2;115;154;171;48;2;108;149;168m▝[38;2;94;140;165;48;2;106;149;168m▝[38;2;101;145;168;48;2;115;155;170m▀[38;2;119;157;170;48;2;106;150;169m▛[38;2;129;163;171;48;2;104;147;169m▀[38;2;134;165;171;48;2;103;145;167m▀[38;2;131;164;174;48;2;116;152;166m▀[38;2;127;162;174;48;2;120;154;166m▘[38;2;109;151;169;48;2;125;157;166m▀[38;2;104;146;168;48;2;125;155;164m▀[38;2;123;158;172;48;2;108;150;170m▖[38;2;108;151;171;48;2;101;142;163m▀[38;2;111;152;170;48;2;89;135;160m▀[38;2;119;156;169;48;2;81;133;163m▀[38;2;117;156;170;48;2;92;140;167m▀[38;2;137;163;166;48;2;97;143;167m▀[38;2;150;166;158;48;2;103;148;167m▀[38;2;149;169;166;48;2;122;158;169m▀[38;2;161;174;165;48;2;107;147;163m▀[38;2;193;193;171;48;2;107;144;157m▀[38;2;205;203;181;48;2;135;158;159m▀[38;2;160;172;162;48;2;197;197;177m▞[38;2;112;146;154;48;2;231;221;192m▀[38;2;96;136;148;48;2;213;209;185m▀[38;2;88;128;144;48;2;199;197;174m▀[38;2;91;130;143;48;2;198;194;168m▀[38;2;99;129;137;48;2;197;195;172m▀[38;2;122;145;143;48;2;214;204;175m▀[38;2;185;185;161;48;2;221;214;186m▀[38;2;221;214;187;48;2;212;204;174m▝[38;2;215;208;180;48;2;217;207;176m▀[38;2;190;181;149;48;2;202;199;172m▝[38;2;170;172;149;48;2;162;154;127m▖[0m
 [38;2;192;187;170;48;2;120;129;120m▌[38;2;84;127;150;48;2;165;184;175m▀[38;2;62;117;150;48;2;120;151;157m▘[38;2;64;122;162;48;2;93;132;153m▝[38;2;109;150;164;48;2;84;126;150m▝[38;2;87;132;161;48;2;81;128;158m▝[38;2;132;158;162;48;2;113;148;162m▞[38;2;104;144;164;48;2;83;129;159m▘[38;2;96;138;160;48;2;124;153;159m▀[38;2;121;153;164;48;2;84;130;160m▀[38;2;96;138;161;48;2;85;129;159m▀[38;2;90;135;161;48;2;134;161;165m▛[38;2;117;151;164;48;2;97;139;160m▖[38;2;92;136;161;48;2;117;150;162m▛[38;2;104;144;162;48;2;92;132;153m▀[38;2;116;149;159;48;2;97;140;161m▞[38;2;109;146;162;48;2;99;139;158m▌[38;2;89;134;158;48;2;104;143;163m▛[38;2;95;138;160;48;2;105;146;166m▀[38;2;102;147;170;48;2;97;141;163m▝[38;2;101;144;164;48;2;136;165;172m▛[38;2;101;142;162;48;2;165;180;173m▀[38;2;122;157;168;48;2;168;177;167m▀[38;2;153;167;162;48;2;132;161;167m▖[38;2;145;168;170;48;2;130;159;166m▀[38;2;147;169;170;48;2;122;156;166m▀[38;2;164;173;165;48;2;116;151;162m▀[38;2;148;164;160;48;2;116;153;165m▀[38;2;149;167;163;48;2;105;146;162m▀[38;2;167;184;175;48;2;98;140;160m▀[38;2;175;186;173;48;2;84;129;155m▀[38;2;166;175;160;48;2;100;142;161m▀[38;2;188;191;171;48;2;123;156;166m▀[38;2;150;168;162;48;2;193;196;177m▖[38;2;147;168;169;48;2;225;215;184m▀[38;2;98;137;155;48;2;208;206;184m▀[38;2;155;168;163;48;2;97;138;158m▖[38;2;86;128;150;48;2;92;138;162m▖[38;2;106;147;165;48;2;96;140;163m▝[38;2;116;153;167;48;2;93;138;162m▀[38;2;96;140;162;48;2;130;162;170m▖[38;2;99;142;161;48;2;125;158;167m▀[38;2;118;143;142;48;2;93;137;157m▝[38;2;173;176;158;48;2;98;130;135m▀[38;2;206;200;170;48;2;224;217;190m▖[38;2;226;218;190;48;2;164;169;154m▌[38;2;146;163;153;48;2;79;117;132m▀[38;2;176;177;154;48;2;94;132;145m▀[38;2;170;174;153;48;2;105;136;141m▀[38;2;179;172;142;48;2;102;130;137m▀[38;2;164;171;155;48;2;86;126;146m▀[38;2;126;150;151;48;2;91;130;146m▀[38;2;96;132;143;48;2;110;145;154m▖[38;2;142;157;145;48;2;157;149;126m▌[0m
 [38;2;188;183;165;48;2;132;136;120m▌[38;2;184;196;182;48;2;172;186;174m▛[38;2;190;200;183;48;2;179;193;181m▘[38;2;167;184;174;48;2;183;196;184m▀[38;2;141;166;166;48;2;189;200;186m▀[38;2;107;143;158;48;2;178;193;182m▀[38;2;91;131;152;48;2;156;177;174m▀[38;2;82;128;159;48;2;122;155;163m▀[38;2;127;156;163;48;2;102;138;153m▀[38;2;91;134;161;48;2;86;131;160m▝[38;2;93;137;163;48;2;88;133;159m▖[38;2;133;157;155;48;2;142;170;174m▌[38;2;88;132;160;48;2;94;136;160m▛[38;2;112;146;159;48;2;74;118;142m▛[38;2;83;123;142;48;2;113;145;155m▘[38;2;97;140;164;48;2;106;142;156m▛[38;2;98;137;157;48;2;104;143;160m▖[38;2;99;136;151;48;2;106;143;162m▘[38;2;102;142;161;48;2;152;168;161m▛[38;2;122;151;157;48;2;197;197;178m▘[38;2;195;195;174;48;2;114;149;161m▀[38;2;119;154;168;48;2;142;165;165m▞[38;2;122;154;162;48;2;129;160;167m▞[38;2;116;153;166;48;2;135;160;162m▀[38;2;113;149;161;48;2;179;186;174m▀[38;2;147;165;165;48;2;129;159;166m▖[38;2;140;164;167;48;2;168;173;160m▛[38;2;131;160;166;48;2;193;193;174m▀[38;2;134;164;169;48;2;156;169;160m▀[38;2;134;160;164;48;2;121;151;158m▛[38;2;137;162;162;48;2;122;154;162m▀[38;2;118;151;160;48;2;164;182;171m▀[38;2;158;178;172;48;2;98;136;151m▖[38;2;95;136;154;48;2;109;141;148m▀[38;2;167;175;160;48;2;102;139;154m▝[38;2;208;207;185;48;2;179;188;172m▝[38;2;213;206;178;48;2;228;220;192m▖[38;2;139;157;156;48;2;228;220;193m▀[38;2;152;161;152;48;2;92;132;151m▖[38;2;109;150;170;48;2;104;144;165m▖[38;2;100;142;163;48;2;107;145;163m▀[38;2;124;155;164;48;2;96;138;160m▝[38;2;97;138;158;48;2;129;159;167m▝[38;2;131;150;142;48;2;100;133;145m▝[38;2;189;188;164;48;2;217;211;184m▌[38;2;231;221;193;48;2;219;212;186m▖[38;2;209;203;178;48;2;143;156;149m▘[38;2;97;131;144;48;2;87;120;133m▞[38;2;89;125;145;48;2;81;120;141m▘[38;2;83;123;142;48;2;110;141;148m▀[38;2;90;128;145;48;2;144;167;163m▀[38;2;112;144;150;48;2;170;186;174m▀[38;2;136;163;164;48;2;180;194;178m▀[38;2;167;172;151;48;2;155;148;125m▌[0m
 [38;2;181;176;158;48;2;130;135;121m▌[38;2;183;197;184;48;2;172;187;174m▌[38;2;172;186;173;48;2;174;189;177m▖[38;2;174;189;177;48;2;178;191;180m▖[38;2;177;191;180;48;2;179;193;181m▖[38;2;179;194;183;48;2;176;191;181m▞[38;2;187;200;188;48;2;180;194;183m▘[38;2;132;162;167;48;2;159;181;176m▀[38;2;125;156;164;48;2;105;141;156m▌[38;2;90;127;145;48;2;97;137;156m▖[38;2;90;134;161;48;2;102;137;152m▀[38;2;116;147;156;48;2;93;134;155m▝[38;2;88;133;162;48;2;105;141;156m▀[38;2;100;138;156;48;2;85;128;154m▘[38;2;85;122;141;48;2;116;145;152m▌[38;2;90;136;163;48;2;112;148;161m▘[38;2;107;146;166;48;2;119;151;161m▝[38;2;111;147;162;48;2;99;137;157m▀[38;2;124;153;160;48;2;197;197;178m▌[38;2;106;141;150;48;2;185;192;177m▝[38;2;128;161;167;48;2;146;169;168m▀[38;2;100;140;156;48;2;129;159;165m▝[38;2;143;162;161;48;2;119;150;160m▝[38;2;111;147;160;48;2;119;151;161m▌[38;2;132;156;157;48;2;124;154;158m▀[38;2;166;175;162;48;2;197;190;162m▛[38;2;163;175;160;48;2;118;149;157m▖[38;2;190;191;170;48;2;113;147;158m▝[38;2;206;201;174;48;2;190;192;168m▌[38;2;162;177;166;48;2;120;151;161m▌[38;2;105;143;162;48;2;155;168;160m▖[38;2;132;158;159;48;2;189;191;171m▀[38;2;178;190;171;48;2;160;181;174m▌[38;2;99;135;147;48;2;139;159;151m▌[38;2;106;138;147;48;2;88;130;150m▌[38;2;111;150;164;48;2;173;188;176m▌[38;2;165;165;141;48;2;210;203;176m▌[38;2;229;221;193;48;2;220;214;188m▖[38;2;121;137;136;48;2;221;214;188m▝[38;2;89;132;153;48;2;154;166;158m▀[38;2;97;130;145;48;2;105;144;163m▖[38;2;111;148;164;48;2;99;138;159m▖[38;2;93;135;158;48;2;98;138;159m▘[38;2;95;136;155;48;2;117;140;140m▛[38;2;207;200;173;48;2;136;149;141m▝[38;2;159;168;157;48;2;100;135;149m▘[38;2;89;127;144;48;2;109;138;143m▀[38;2;105;135;141;48;2;124;147;143m▘[38;2;150;168;157;48;2;136;157;150m▀[38;2;150;168;154;48;2;170;183;165m▖[38;2;176;189;174;48;2;172;184;166m▀[38;2;173;189;175;48;2;174;187;171m▀[38;2;172;186;171;48;2;179;193;178m▌[38;2;168;171;149;48;2;154;147;123m▌[0m
 [38;2;179;174;155;48;2;125;130;116m▌[38;2;176;190;176;48;2;163;178;166m▌[38;2;170;186;174;48;2;139;155;144m▀[38;2;171;187;174;48;2;138;153;141m▀[38;2;173;187;175;48;2;164;180;170m▝[38;2;172;188;178;48;2;164;182;172m▀[38;2;172;189;180;48;2;162;181;174m▀[38;2;171;189;180;48;2;159;181;175m▀[38;2;174;191;181;48;2;160;181;175m▀[38;2;116;149;158;48;2;164;183;176m▝[38;2;159;181;176;48;2;103;141;159m▖[38;2;110;144;159;48;2;89;128;151m▀[38;2;98;136;157;48;2;113;147;161m▀[38;2;95;137;162;48;2;100;139;161m▀[38;2;90;131;154;48;2;96;138;162m▝[38;2;132;157;160;48;2;98;137;156m▝[38;2;115;146;158;48;2;137;160;162m▖[38;2;101;139;158;48;2;145;165;164m▀[38;2;93;135;157;48;2;133;160;167m▀[38;2;102;139;159;48;2;124;155;165m▘[38;2;113;147;160;48;2;122;153;164m▖[38;2;122;152;161;48;2;144;167;168m▛[38;2;145;165;163;48;2;184;190;174m▀[38;2;201;200;177;48;2;181;188;173m▞[38;2;190;193;174;48;2;123;151;156m▀[38;2;160;172;164;48;2;119;151;160m▘[38;2;107;144;156;48;2;146;163;154m▀[38;2;124;151;152;48;2;155;165;143m▘[38;2;169;175;153;48;2;110;146;158m▀[38;2;142;170;174;48;2;113;147;161m▘[38;2;111;147;161;48;2;181;184;162m▀[38;2;188;189;165;48;2;137;160;158m▛[38;2;156;175;166;48;2;109;143;156m▘[38;2;106;139;150;48;2;121;151;160m▛[38;2;107;146;162;48;2;159;171;162m▀[38;2;208;203;175;48;2;158;169;161m▝[38;2;199;196;173;48;2;107;140;154m▀[38;2;108;140;150;48;2;193;191;166m▖[38;2;221;215;188;48;2;216;210;184m▛[38;2;191;187;167;48;2;222;215;188m▝[38;2;122;149;158;48;2;93;123;135m▞[38;2;101;133;147;48;2;108;144;161m▖[38;2;103;140;157;48;2;113;143;153m▀[38;2;105;136;143;48;2;97;134;151m▀[38;2;97;133;147;48;2;112;140;144m▛[38;2;114;143;149;48;2;142;164;158m▀[38;2;130;156;153;48;2;172;189;176m▀[38;2;148;169;162;48;2;175;189;175m▀[38;2;165;178;159;48;2;171;185;168m▀[38;2;171;183;163;48;2;170;181;158m▞[38;2;170;180;154;48;2;171;182;160m▖[38;2;170;182;162;48;2;168;181;160m▛[38;2;179;191;174;48;2;170;182;163m▝[38;2;165;166;142;48;2;159;152;126m▌[0m
 [38;2;177;171;151;48;2;102;114;110m▌[38;2;148;168;161;48;2;112;143;150m▀[38;2;105;133;136;48;2;104;124;121m▖[38;2;101;121;119;48;2;110;133;130m▌[38;2;147;169;163;48;2;119;149;154m▀[38;2;149;168;157;48;2;123;153;159m▀[38;2;149;170;163;48;2;128;157;161m▀[38;2;148;172;169;48;2;128;157;163m▀[38;2;151;174;172;48;2;130;159;165m▀[38;2;150;176;174;48;2;122;155;165m▀[38;2;161;181;175;48;2;128;158;164m▀[38;2;108;141;153;48;2;139;166;168m▝[38;2;128;156;161;48;2;88;121;139m▖[38;2;104;137;151;48;2;76;115;139m▀[38;2;121;146;152;48;2;97;128;143m▀[38;2;101;133;147;48;2;111;141;150m▖[38;2;112;143;156;48;2;125;149;153m▀[38;2;113;143;154;48;2;99;132;147m▛[38;2;122;150;159;48;2;100;134;149m▀[38;2;120;149;159;48;2;99;134;152m▀[38;2;137;159;162;48;2;114;143;155m▀[38;2;165;174;161;48;2;112;143;156m▀[38;2;179;181;162;48;2;105;139;155m▀[38;2;141;159;152;48;2;115;146;156m▘[38;2;139;164;162;48;2;126;155;160m▝[38;2;138;164;166;48;2;159;177;173m▛[38;2;119;151;161;48;2;183;189;175m▀[38;2;107;144;159;48;2;188;190;172m▀[38;2;169;181;172;48;2;134;155;157m▝[38;2;168;176;162;48;2;100;135;153m▀[38;2;135;159;161;48;2;87;126;149m▀[38;2;97;134;153;48;2;123;155;162m▛[38;2;128;153;158;48;2;180;183;165m▘[38;2;229;220;190;48;2;201;198;175m▖[38;2;95;132;151;48;2;122;149;155m▝[38;2;114;148;162;48;2;95;135;157m▖[38;2;87;127;150;48;2;101;139;158m▖[38;2;125;145;145;48;2;200;195;168m▌[38;2;215;209;182;48;2;220;213;184m▝[38;2;225;215;184;48;2;216;209;182m▖[38;2;206;200;174;48;2;129;149;150m▛[38;2;157;159;143;48;2;108;136;145m▘[38;2;103;137;150;48;2;129;157;154m▛[38;2;121;149;154;48;2;146;170;161m▀[38;2;165;182;170;48;2;147;170;159m▝[38;2;169;184;169;48;2;140;163;152m▀[38;2;165;181;166;48;2;144;164;151m▀[38;2;165;181;166;48;2;142;163;148m▀[38;2;166;181;165;48;2;141;162;145m▀[38;2;164;177;158;48;2;139;157;137m▀[38;2;160;173;150;48;2;140;158;137m▀[38;2;163;175;151;48;2;137;154;131m▀[38;2;163;174;150;48;2;138;154;131m▀[38;2;155;152;123;48;2;179;167;137m▛[0m
 [38;2;175;171;151;48;2;57;74;84m▌[38;2;67;103;129;48;2;48;79;111m▀[38;2;67;101;124;48;2;48;76;110m▀[38;2;66;100;125;48;2;41;72;107m▀[38;2;69;108;138;48;2;44;75;111m▀[38;2;71;109;139;48;2;38;70;108m▀[38;2;72;112;143;48;2;42;74;111m▀[38;2;74;113;143;48;2;38;72;111m▀[38;2;73;114;145;48;2;36;69;108m▀[38;2;71;112;145;48;2;38;69;109m▀[38;2;72;113;144;48;2;39;70;109m▀[38;2;76;117;145;48;2;39;71;107m▀[38;2;90;127;151;48;2;43;75;111m▀[38;2;67;106;135;48;2;45;78;114m▀[38;2;61;98;129;48;2;43;74;108m▀[38;2;68;103;129;48;2;37;65;100m▀[38;2;111;131;139;48;2;40;68;103m▀[38;2;158;164;155;48;2;54;77;108m▀[38;2;163;170;157;48;2;75;92;114m▀[38;2;176;180;167;48;2;91;104;120m▀[38;2;180;184;168;48;2;120;126;128m▀[38;2;169;175;163;48;2;119;127;127m▀[38;2;161;168;158;48;2;134;142;140m▀[38;2;170;174;162;48;2;123;135;138m▀[38;2;177;179;165;48;2;119;134;140m▀[38;2;151;159;156;48;2;101;124;138m▀[38;2;110;130;142;48;2;137;151;151m▛[38;2;77;110;135;48;2;123;140;146m▀[38;2;59;102;135;48;2;147;159;156m▀[38;2;79;119;145;48;2;178;183;167m▀[38;2;181;180;161;48;2;133;152;154m▖[38;2;156;170;161;48;2;93;108;125m▀[38;2;199;196;172;48;2;77;97;119m▀[38;2;183;182;164;48;2;47;77;110m▀[38;2;60;96;129;48;2;124;140;144m▞[38;2;85;119;141;48;2;198;193;166m▀[38;2;215;206;175;48;2;180;180;161m▞[38;2;225;215;184;48;2;149;149;139m▀[38;2;192;190;169;48;2;66;87;110m▀[38;2;119;136;140;48;2;53;79;104m▀[38;2;73;107;125;48;2;63;88;109m▀[38;2;89;119;130;48;2;59;84;107m▀[38;2;102;132;138;48;2;58;84;107m▀[38;2;97;129;137;48;2;53;80;103m▀[38;2;95;125;132;48;2;57;84;106m▀[38;2;95;125;132;48;2;60;87;107m▀[38;2;101;130;133;48;2;55;82;101m▀[38;2;100;128;129;48;2;56;82;102m▀[38;2;102;129;127;48;2;55;81;102m▀[38;2;101;128;124;48;2;61;85;103m▀[38;2;102;128;123;48;2;57;83;102m▀[38;2;99;124;118;48;2;60;86;103m▀[38;2;101;128;121;48;2;59;88;108m▀[38;2;91;105;98;48;2;189;178;146m▌[0m
 [38;2;119;122;116;48;2;215;208;189m▝[38;2;56;71;89;48;2;172;169;154m▀[38;2;27;43;75;48;2;114;116;116m▀[38;2;28;45;74;48;2;112;115;114m▀[38;2;30;47;78;48;2;110;112;113m▀[38;2;28;46;79;48;2;111;114;113m▀[38;2;29;48;80;48;2;116;118;117m▀[38;2;31;50;82;48;2;121;124;121m▀[38;2;29;48;78;48;2;126;128;121m▀[38;2;29;47;78;48;2;126;128;124m▀[38;2;29;48;81;48;2;129;131;127m▀[38;2;27;46;79;48;2;129;131;128m▀[38;2;28;46;79;48;2;128;129;125m▀[38;2;26;45;77;48;2;124;126;121m▀[38;2;30;50;81;48;2;120;124;121m▀[38;2;37;54;83;48;2;122;124;116m▀[38;2;34;51;80;48;2;129;131;122m▀[38;2;33;50;79;48;2;130;131;120m▀[38;2;30;47;78;48;2;128;130;125m▀[38;2;27;46;79;48;2;125;128;124m▀[38;2;39;57;85;48;2;126;130;127m▀[38;2;53;67;85;48;2;117;121;118m▀[38;2;90;97;102;48;2;110;114;105m▀[38;2;107;111;110;48;2;157;153;134m▛[38;2;114;118;116;48;2;149;147;129m▀[38;2;137;135;124;48;2;156;152;133m▀[38;2;149;147;132;48;2;172;168;146m▛[38;2;162;158;139;48;2;187;180;155m▀[38;2;186;179;154;48;2;119;123;116m▛[38;2;145;144;138;48;2;98;105;111m▘[38;2;44;63;93;48;2;105;112;113m▀[38;2;28;53;91;48;2;97;103;104m▀[38;2;32;56;93;48;2;97;104;103m▀[38;2;49;71;98;48;2;105;108;104m▀[38;2;156;154;137;48;2;93;98;99m▀[38;2;135;135;128;48;2;77;85;95m▘[38;2;55;68;89;48;2;85;92;97m▀[38;2;33;52;82;48;2;90;95;98m▀[38;2;39;57;84;48;2;87;93;96m▀[38;2;45;63;86;48;2;90;96;96m▀[38;2;41;64;89;48;2;88;95;94m▀[38;2;38;61;86;48;2;122;125;110m▀[38;2;35;58;85;48;2;122;126;112m▀[38;2;50;75;95;48;2;121;126;108m▀[38;2;58;83;100;48;2;114;120;108m▀[38;2;53;76;96;48;2;79;94;96m▀[38;2;63;87;101;48;2;86;101;107m▀[38;2;63;86;99;48;2;97;110;109m▀[38;2;50;72;93;48;2;76;94;101m▝[38;2;49;72;96;48;2;86;98;101m▀[38;2;60;80;98;48;2;93;103;102m▀[38;2;53;76;95;48;2;74;85;90m▀[38;2;72;91;102;48;2;195;192;171m▛[38;2;108;113;105;48;2;214;206;183m▘[0m

Utagawa Hiroshige: Awa Province: Naruto Whirlpools, 1855
