[38;2;229;218;191;48;2;227;208;174m▀[38;2;228;217;192;48;2;230;212;178m▀[38;2;229;219;194;48;2;224;207;172m▀[38;2;229;218;194;48;2;224;206;171m▀[38;2;229;219;194;48;2;226;208;172m▀[38;2;231;220;195;48;2;220;205;171m▀[38;2;232;220;194;48;2;217;204;170m▀[38;2;231;220;194;48;2;217;203;169m▀[38;2;232;221;194;48;2;218;203;169m▀[38;2;232;220;193;48;2;222;206;171m▀[38;2;232;220;193;48;2;222;206;172m▀[38;2;232;220;194;48;2;223;206;172m▀[38;2;232;220;193;48;2;220;204;169m▀[38;2;232;220;193;48;2;222;206;171m▀[38;2;231;219;191;48;2;223;206;171m▀[38;2;232;218;190;48;2;222;205;169m▀[38;2;231;218;189;48;2;222;206;171m▀[38;2;231;217;188;48;2;221;205;171m▀[38;2;230;217;186;48;2;224;203;168m▀[38;2;230;217;186;48;2;218;200;166m▀[38;2;230;217;186;48;2;216;198;165m▀[38;2;229;216;185;48;2;218;198;165m▀[38;2;229;215;184;48;2;217;198;164m▀[38;2;229;215;183;48;2;216;196;162m▀[38;2;228;215;183;48;2;215;194;162m▀[38;2;227;215;184;48;2;217;191;157m▀[38;2;227;213;181;48;2;214;198;163m▀[38;2;228;213;182;48;2;212;197;162m▀[38;2;226;212;180;48;2;211;195;160m▀[38;2;227;212;181;48;2;211;195;160m▀[38;2;228;213;181;48;2;210;194;160m▀[38;2;228;213;182;48;2;209;193;159m▀[38;2;227;212;180;48;2;208;193;159m▀[38;2;229;214;182;48;2;203;187;153m▀[38;2;231;215;182;48;2;194;183;152m▀[38;2;230;212;179;48;2;192;181;150m▀[38;2;230;214;182;48;2;196;186;154m▀[38;2;229;212;181;48;2;197;187;155m▀[38;2;227;211;180;48;2;197;187;155m▀[38;2;227;210;178;48;2;198;188;156m▀[38;2;209;192;156;48;2;192;177;142m▀[38;2;208;191;154;48;2;189;175;140m▀[38;2;223;206;171;48;2;189;176;144m▀[38;2;210;192;155;48;2;178;164;132m▀[38;2;208;191;153;48;2;181;166;134m▀[38;2;222;205;170;48;2;183;169;139m▀[38;2;220;205;171;48;2;181;169;138m▀[38;2;220;204;170;48;2;182;169;137m▀[38;2;220;204;170;48;2;182;167;135m▀[38;2;218;202;168;48;2;179;165;134m▀[38;2;218;201;168;48;2;177;163;132m▀[38;2;207;191;157;48;2;225;208;172m▛[38;2;208;192;156;48;2;215;199;164m▀[38;2;209;192;157;48;2;214;197;163m▀[0m
[38;2;229;213;180;48;2;229;212;178m▖[38;2;190;181;149;48;2;78;103;78m▀[38;2;92;112;85;48;2;51;89;68m▀[38;2;91;112;88;48;2;47;86;68m▀[38;2;92;115;89;48;2;45;88;70m▀[38;2;110;104;82;48;2;218;109;73m▌[38;2;208;115;82;48;2;232;115;73m▀[38;2;211;119;84;48;2;236;127;83m▀[38;2;209;111;80;48;2;229;106;67m▀[38;2;178;106;78;48;2;92;89;73m▌[38;2;96;90;75;48;2;85;79;66m▀[38;2;108;100;81;48;2;83;78;66m▝[38;2;84;79;67;48;2;99;91;75m▖[38;2;91;85;70;48;2;82;75;63m▛[38;2;98;92;77;48;2;80;75;63m▀[38;2;95;90;75;48;2;88;83;68m▀[38;2;91;88;73;48;2;81;75;64m▀[38;2;112;94;75;48;2;207;113;74m▘[38;2;213;119;78;48;2;215;108;64m▀[38;2;206;115;74;48;2;221;112;67m▀[38;2;202;111;70;48;2;220;111;65m▀[38;2;203;109;69;48;2;217;106;62m▀[38;2;202;110;70;48;2;217;109;65m▀[38;2;204;112;72;48;2;214;103;61m▀[38;2;212;112;71;48;2;202;151;114m▛[38;2;193;137;102;48;2;111;104;86m▀[38;2;117;108;86;48;2;95;88;72m▘[38;2;100;93;75;48;2;86;80;67m▀[38;2;98;91;74;48;2;78;72;62m▀[38;2;92;85;70;48;2;67;66;57m▀[38;2;84;78;64;48;2;117;107;88m▛[38;2;97;90;74;48;2;74;70;60m▛[38;2;100;93;76;48;2;78;73;62m▀[38;2;74;69;58;48;2;107;99;80m▖[38;2;155;120;89;48;2;215;134;89m▛[38;2;163;123;91;48;2;219;114;67m▀[38;2;179;128;92;48;2;218;109;64m▀[38;2;185;124;86;48;2;212;101;59m▀[38;2;188;122;84;48;2;212;103;59m▀[38;2;202;127;86;48;2;171;139;110m▛[38;2;187;132;94;48;2;96;81;67m▀[38;2;182;129;91;48;2;91;75;62m▀[38;2;165;126;92;48;2;91;78;65m▀[38;2;150;134;108;48;2;90;81;69m▀[38;2;127;117;96;48;2;84;77;67m▀[38;2;96;89;73;48;2;79;72;63m▀[38;2;81;76;63;48;2;151;102;73m▛[38;2;64;65;56;48;2;172;102;66m▀[38;2;66;66;56;48;2;155;89;58m▀[38;2;64;65;55;48;2;156;92;61m▀[38;2;75;68;57;48;2;70;65;54m▖[38;2;141;131;105;48;2;71;66;55m▝[38;2;166;153;122;48;2;222;205;169m▌[38;2;217;198;162;48;2;217;200;165m▖[0m
[38;2;230;214;179;48;2;232;216;182m▀[38;2;103;118;89;48;2;52;92;72m▌[38;2;63;99;79;48;2;67;104;84m▛[38;2;58;95;75;48;2;63;101;81m▌[38;2;61;97;77;48;2;56;102;83m▌[38;2;102;101;78;48;2;234;116;74m▌[38;2;233;118;74;48;2;238;123;78m▀[38;2;238;130;85;48;2;236;118;75m▘[38;2;232;114;74;48;2;239;118;76m▀[38;2;191;112;77;48;2;132;123;96m▌[38;2;122;110;87;48;2;153;138;108m▀[38;2;109;101;83;48;2;148;134;105m▀[38;2;107;100;82;48;2;147;137;110m▀[38;2;120;109;87;48;2;140;132;105m▀[38;2;117;107;85;48;2;153;138;108m▀[38;2;109;101;82;48;2;150;135;106m▀[38;2;109;95;77;48;2;149;123;94m▀[38;2;217;114;72;48;2;223;113;69m▘[38;2;219;114;70;48;2;220;112;68m▀[38;2;219;113;68;48;2;218;109;65m▀[38;2;220;113;68;48;2;223;116;70m▀[38;2;222;114;69;48;2;216;107;65m▖[38;2;212;103;61;48;2;228;129;84m▛[38;2;217;142;101;48;2;120;116;96m▛[38;2;152;134;108;48;2;86;82;68m▘[38;2;83;77;64;48;2;93;86;72m▘[38;2;94;87;72;48;2;86;81;68m▀[38;2;76;72;60;48;2;97;90;74m▞[38;2;79;78;67;48;2;188;138;103m▀[38;2;149;122;95;48;2;234;133;87m▀[38;2;204;170;134;48;2;147;135;111m▌[38;2;106;97;79;48;2;87;81;68m▖[38;2;94;88;73;48;2;83;78;65m▖[38;2;75;71;60;48;2;84;78;65m▝[38;2;75;73;63;48;2;155;140;115m▌[38;2;214;99;52;48;2;207;134;92m▝[38;2;217;109;64;48;2;187;123;85m▀[38;2;218;106;64;48;2;174;126;93m▀[38;2;217;107;63;48;2;203;128;89m▀[38;2;72;92;74;48;2;171;152;110m▝[38;2;67;82;64;48;2;125;144;93m▀[38;2;65;81;63;48;2;101;128;85m▀[38;2;67;81;63;48;2;118;140;93m▀[38;2;62;77;60;48;2;119;139;91m▀[38;2;76;86;65;48;2;93;120;79m▀[38;2;87;98;66;48;2;154;160;100m▛[38;2;76;86;61;48;2;166;127;79m▘[38;2;234;120;67;48;2;214;113;62m▘[38;2;215;105;57;48;2;204;104;56m▝[38;2;222;104;56;48;2;211;119;75m▌[38;2;85;78;63;48;2;116;105;84m▝[38;2;106;98;79;48;2;77;73;60m▖[38;2;157;144;114;48;2;228;209;173m▌[38;2;219;200;164;48;2;221;203;166m▀[0m
[38;2;231;215;182;48;2;236;220;187m▌[38;2;40;91;71;48;2;148;123;92m▝[38;2;49;98;78;48;2;171;117;83m▀[38;2;49;97;78;48;2;174;116;81m▀[38;2;45;97;77;48;2;173;111;76m▀[38;2;108;114;89;48;2;223;123;79m▘[38;2;235;124;78;48;2;242;132;84m▌[38;2;239;126;81;48;2;243;133;86m▀[38;2;238;122;78;48;2;239;112;71m▌[38;2;211;126;87;48;2;190;179;144m▌[38;2;186;173;141;48;2;207;194;161m▀[38;2;179;166;132;48;2;200;191;157m▀[38;2;178;164;130;48;2;194;180;144m▀[38;2;180;171;138;48;2;194;179;143m▀[38;2;177;167;134;48;2;197;190;157m▀[38;2;187;170;134;48;2;201;192;157m▀[38;2;189;177;142;48;2;197;138;97m▌[38;2;229;129;84;48;2;227;114;69m▖[38;2;225;114;69;48;2;229;119;73m▝[38;2;225;112;68;48;2;228;116;71m▘[38;2;226;114;69;48;2;228;116;70m▀[38;2;225;112;66;48;2;239;166;121m▛[38;2;202;165;130;48;2;97;91;74m▛[38;2;87;78;64;48;2;104;97;79m▝[38;2;100;92;75;48;2;96;89;73m▌[38;2;87;82;68;48;2;92;86;71m▝[38;2;86;80;66;48;2;95;89;74m▀[38;2;165;149;122;48;2;93;87;74m▀[38;2;184;128;94;48;2;80;80;70m▀[38;2;151;113;86;48;2;74;76;65m▀[38;2;146;128;104;48;2;83;80;67m▀[38;2;108;100;83;48;2;93;86;71m▘[38;2;94;87;72;48;2;98;91;74m▀[38;2;99;92;75;48;2;90;84;69m▖[38;2;95;89;74;48;2;91;84;70m▝[38;2;92;92;77;48;2;87;81;67m▀[38;2;90;89;74;48;2;80;79;65m▀[38;2;82;83;70;48;2;86;79;64m▀[38;2;90;89;75;48;2;80;76;63m▘[38;2;141;153;102;48;2;97;105;79m▝[38;2;124;142;93;48;2;74;109;75m▀[38;2;140;152;99;48;2;99;127;86m▀[38;2;147;153;99;48;2;119;134;87m▘[38;2;110;131;85;48;2;140;152;98m▖[38;2;168;173;110;48;2;122;135;89m▖[38;2;97;120;79;48;2;118;132;86m▖[38;2;111;135;93;48;2;172;120;75m▌[38;2;234;125;73;48;2;219;119;66m▖[38;2;215;112;62;48;2;201;108;61m▛[38;2;220;109;59;48;2;213;122;75m▌[38;2;60;60;52;48;2;154;110;81m▀[38;2;159;134;104;48;2;190;97;59m▀[38;2;175;146;112;48;2;225;210;174m▌[38;2;222;204;169;48;2;222;205;171m▌[0m
[38;2;235;218;186;48;2;233;223;192m▌[38;2;206;145;107;48;2;244;123;79m▌[38;2;254;132;88;48;2;244;142;97m▀[38;2;252;125;80;48;2;242;128;85m▀[38;2;251;124;78;48;2;241;127;82m▀[38;2;251;129;82;48;2;242;136;89m▘[38;2;228;129;81;48;2;249;142;93m▌[38;2;245;137;89;48;2;245;131;85m▛[38;2;243;127;83;48;2;243;116;74m▌[38;2;218;127;85;48;2;203;193;158m▌[38;2;210;198;164;48;2;210;199;166m▘[38;2;206;196;162;48;2;207;198;165m▝[38;2;210;200;166;48;2;207;198;164m▌[38;2;204;189;153;48;2;208;199;164m▀[38;2;209;198;163;48;2;206;191;155m▖[38;2;208;199;165;48;2;209;191;153m▀[38;2;203;169;131;48;2;210;200;167m▝[38;2;231;146;103;48;2;225;122;77m▝[38;2;230;121;74;48;2;227;137;91m▝[38;2;226;129;81;48;2;229;117;72m▖[38;2;229;111;66;48;2;231;120;73m▞[38;2;221;176;138;48;2;115;109;90m▛[38;2;88;80;67;48;2;95;87;71m▖[38;2;102;94;76;48;2;95;88;71m▀[38;2;92;85;70;48;2;80;79;67m▛[38;2;117;103;83;48;2;230;172;132m▛[38;2;158;148;122;48;2;87;82;69m▖[38;2;74;71;61;48;2;123;112;92m▀[38;2;78;78;67;48;2;169;124;95m▀[38;2;96;88;72;48;2;174;152;121m▀[38;2;98;92;77;48;2;88;83;70m▀[38;2;90;85;71;48;2;90;84;70m▖[38;2;89;83;69;48;2;86;81;67m▘[38;2;80;75;63;48;2;83;79;66m▀[38;2;82;78;66;48;2;90;85;71m▌[38;2;143;127;102;48;2;97;90;77m▀[38;2;143;112;86;48;2;171;129;97m▖[38;2;137;122;99;48;2;102;96;80m▀[38;2;123;114;94;48;2;88;82;68m▘[38;2;102;107;81;48;2;164;172;112m▛[38;2;151;164;103;48;2;96;123;81m▖[38;2;80;108;69;48;2;100;127;81m▌[38;2;91;112;73;48;2;136;154;94m▀[38;2;86;111;71;48;2;98;125;79m▀[38;2;86;116;74;48;2;133;153;96m▛[38;2;89;115;76;48;2;129;148;90m▀[38;2;112;140;93;48;2;177;129;78m▌[38;2;236;128;74;48;2;215;120;69m▌[38;2;211;115;64;48;2;229;131;76m▛[38;2;230;118;63;48;2;217;122;73m▌[38;2;207;121;75;48;2;87;78;63m▀[38;2;211;98;53;48;2;149;105;77m▀[38;2;176;141;106;48;2;228;213;179m▌[38;2;225;205;170;48;2;224;207;172m▘[0m
[38;2;237;220;188;48;2;239;229;198m▌[38;2;199;153;116;48;2;220;115;72m▌[38;2;243;134;90;48;2;222;126;81m▀[38;2;241;129;86;48;2;220;122;79m▀[38;2;239;126;82;48;2;216;119;75m▀[38;2;213;118;75;48;2;235;134;87m▖[38;2;214;127;76;48;2;242;140;91m▘[38;2;247;136;89;48;2;244;129;83m▌[38;2;246;126;82;48;2;246;113;73m▛[38;2;219;123;82;48;2;206;196;161m▌[38;2;214;203;171;48;2;217;207;175m▀[38;2;211;202;168;48;2;216;205;171m▀[38;2;209;200;165;48;2;215;205;171m▀[38;2;209;200;165;48;2;212;203;170m▀[38;2;209;200;166;48;2;211;203;170m▘[38;2;215;197;161;48;2;212;203;170m▝[38;2;215;191;154;48;2;214;201;167m▘[38;2;208;164;123;48;2;226;119;72m▌[38;2;234;122;77;48;2;230;120;74m▌[38;2;228;136;90;48;2;234;125;77m▀[38;2;230;127;80;48;2;231;142;94m▛[38;2;221;197;162;48;2;100;94;76m▌[38;2;89;83;69;48;2;78;74;62m▀[38;2;76;72;61;48;2;91;87;72m▞[38;2;83;80;67;48;2;207;159;122m▘[38;2;238;135;88;48;2;228;116;71m▘[38;2;229;145;102;48;2;229;110;64m▀[38;2;233;128;83;48;2;197;140;104m▛[38;2;213;137;97;48;2;99;94;78m▀[38;2;77;74;63;48;2;100;92;76m▞[38;2;86;81;68;48;2;80;76;63m▛[38;2;85;81;68;48;2;87;83;69m▘[38;2;87;82;68;48;2;90;85;71m▞[38;2;87;83;69;48;2;80;76;64m▛[38;2;86;81;67;48;2;133;124;100m▛[38;2;96;94;77;48;2;83;78;65m▖[38;2;75;75;63;48;2;91;85;70m▀[38;2;92;86;71;48;2;87;82;67m▖[38;2;85;81;67;48;2;80;75;63m▘[38;2;88;113;77;48;2;82;79;65m▝[38;2;86;113;76;48;2;74;71;59m▀[38;2;121;140;93;48;2;96;93;77m▀[38;2;100;123;79;48;2;74;70;58m▀[38;2;93;117;77;48;2;90;85;69m▀[38;2;132;146;94;48;2;98;94;77m▀[38;2;125;140;88;48;2;93;96;72m▘[38;2;71;88;67;48;2;149;102;68m▌[38;2;240;133;79;48;2;220;124;72m▌[38;2;208;118;65;48;2;222;127;73m▖[38;2;231;123;67;48;2;224;126;75m▌[38;2;113;93;70;48;2;79;71;58m▖[38;2;80;71;57;48;2;67;66;55m▖[38;2;170;158;125;48;2;232;214;178m▌[38;2;225;208;173;48;2;226;209;175m▌[0m
[38;2;238;221;189;48;2;241;230;199m▌[38;2;197;158;121;48;2;204;108;64m▌[38;2;221;127;82;48;2;218;119;76m▀[38;2;221;124;78;48;2;222;120;76m▀[38;2;221;122;76;48;2;216;117;73m▖[38;2;204;114;68;48;2;237;128;82m▌[38;2;250;137;89;48;2;248;132;86m▀[38;2;246;129;84;48;2;247;133;88m▞[38;2;246;126;83;48;2;250;121;80m▌[38;2;218;120;79;48;2;202;193;159m▌[38;2;219;209;177;48;2;215;205;172m▌[38;2;213;204;172;48;2;217;207;175m▘[38;2;216;206;173;48;2;214;205;172m▌[38;2;213;204;171;48;2;217;208;175m▀[38;2;212;204;172;48;2;213;206;174m▀[38;2;212;203;170;48;2;215;205;172m▝[38;2;215;205;173;48;2;214;205;172m▝[38;2;212;162;121;48;2;216;209;176m▝[38;2;215;155;112;48;2;231;124;78m▖[38;2;230;118;71;48;2;235;126;79m▘[38;2;234;123;77;48;2;228;118;74m▛[38;2;167;138;108;48;2;235;135;88m▝[38;2;119;106;85;48;2;224;145;98m▀[38;2;152;121;93;48;2;226;135;90m▘[38;2;237;134;86;48;2;230;117;70m▘[38;2;232;125;78;48;2;214;149;109m▛[38;2;219;137;94;48;2;128;118;95m▀[38;2;143;127;103;48;2;96;92;76m▘[38;2;107;99;81;48;2;93;86;70m▖[38;2;92;87;72;48;2;130;119;96m▛[38;2;117;113;92;48;2;222;167;127m▀[38;2;116;110;88;48;2;92;86;70m▖[38;2;87;83;68;48;2;96;89;72m▀[38;2;80;75;63;48;2;90;84;70m▝[38;2;91;90;76;48;2;206;145;103m▌[38;2;142;126;101;48;2;217;139;95m▝[38;2;80;76;63;48;2;118;106;85m▀[38;2;92;88;74;48;2;87;80;66m▞[38;2;91;85;70;48;2;83;79;65m▌[38;2;85;80;66;48;2;94;88;73m▀[38;2;84;79;65;48;2;111;104;85m▛[38;2;215;187;148;48;2;148;120;92m▖[38;2;123;114;91;48;2;91;86;71m▀[38;2;148;127;99;48;2;105;96;78m▀[38;2;140;115;89;48;2;121;107;85m▀[38;2;140;116;88;48;2;120;107;84m▀[38;2;101;96;79;48;2;158;121;89m▖[38;2;240;136;82;48;2;219;122;68m▌[38;2;212;118;65;48;2;229;130;78m▌[38;2;236;125;71;48;2;231;129;78m▌[38;2;85;63;47;48;2;113;102;81m▖[38;2;134;122;96;48;2;219;142;95m▀[38;2;188;157;120;48;2;230;215;182m▌[38;2;227;210;176;48;2;228;212;177m▀[0m
[38;2;239;222;190;48;2;243;231;200m▌[38;2;198;161;126;48;2;199;106;63m▌[38;2;220;125;80;48;2;220;121;77m▌[38;2;216;116;71;48;2;218;120;76m▀[38;2;216;119;74;48;2;211;113;69m▌[38;2;198;109;63;48;2;235;128;81m▌[38;2;250;136;90;48;2;247;131;84m▘[38;2;247;132;84;48;2;250;136;90m▌[38;2;248;131;86;48;2;251;121;78m▌[38;2;223;126;84;48;2;206;194;159m▌[38;2;219;208;175;48;2;221;210;178m▝[38;2;217;207;174;48;2;217;208;176m▝[38;2;219;209;176;48;2;217;208;175m▘[38;2;214;206;174;48;2;215;207;175m▀[38;2;211;205;172;48;2;215;206;173m▀[38;2;214;205;172;48;2;216;206;171m▌[38;2;216;207;173;48;2;218;208;173m▀[38;2;216;206;172;48;2;221;210;176m▀[38;2;211;197;160;48;2;217;207;173m▝[38;2;234;138;90;48;2;221;201;165m▝[38;2;238;152;105;48;2;233;117;71m▖[38;2;233;121;74;48;2;235;129;82m▛[38;2;232;120;74;48;2;233;126;80m▀[38;2;234;120;73;48;2;225;136;92m▖[38;2;228;163;122;48;2;187;149;115m▌[38;2;99;96;78;48;2;133;120;96m▝[38;2;107;100;81;48;2;95;90;73m▖[38;2;92;87;71;48;2;140;127;103m▛[38;2;103;100;83;48;2;212;148;108m▀[38;2;193;151;117;48;2;230;125;79m▘[38;2;229;157;114;48;2;170;151;120m▌[38;2;112;105;84;48;2;95;88;69m▞[38;2;104;97;77;48;2;92;85;69m▀[38;2;91;85;70;48;2;81;75;63m▀[38;2;69;69;58;48;2;184;147;113m▌[38;2;228;117;69;48;2;224;109;63m▛[38;2;226;129;84;48;2;221;102;56m▀[38;2;221;148;105;48;2;187;165;133m▌[38;2;104;96;78;48;2;84;78;63m▘[38;2;87;82;69;48;2;91;85;69m▀[38;2;79;75;62;48;2;98;92;76m▌[38;2;225;210;175;48;2;144;130;103m▌[38;2;89;83;69;48;2;76;71;58m▝[38;2;198;154;116;48;2;91;85;70m▝[38;2;226;135;89;48;2;115;94;72m▀[38;2;207;149;111;48;2;123;106;83m▀[38;2;125;89;67;48;2;79;74;61m▝[38;2;90;78;62;48;2;214;143;101m▖[38;2;222;126;80;48;2;110;94;74m▀[38;2;217;116;69;48;2;91;78;62m▀[38;2;78;66;52;48;2;172;152;122m▌[38;2;230;125;74;48;2;210;99;53m▌[38;2;183;139;102;48;2;230;218;185m▌[38;2;230;212;178;48;2;230;214;180m▘[0m
[38;2;239;223;192;48;2;243;231;200m▌[38;2;203;169;135;48;2;197;106;65m▌[38;2;219;125;79;48;2;215;122;77m▀[38;2;221;122;77;48;2;218;121;75m▀[38;2;218;123;74;48;2;215;118;73m▌[38;2;201;111;66;48;2;236;135;88m▌[38;2;252;140;92;48;2;249;134;86m▌[38;2;249;135;89;48;2;249;134;88m▘[38;2;248;130;84;48;2;251;122;80m▌[38;2;221;116;76;48;2;205;191;155m▌[38;2;225;215;182;48;2;221;210;176m▘[38;2;220;210;177;48;2;218;209;175m▛[38;2;216;207;174;48;2;217;208;175m▘[38;2;218;209;176;48;2;216;208;174m▛[38;2;221;212;178;48;2;218;209;176m▝[38;2;218;209;175;48;2;220;210;175m▌[38;2;219;209;174;48;2;219;209;176m▀[38;2;222;211;178;48;2;217;208;174m▀[38;2;219;209;175;48;2;220;210;175m▌[38;2;212;202;168;48;2;221;210;175m▝[38;2;227;183;142;48;2;211;201;165m▝[38;2;236;135;87;48;2;220;181;140m▀[38;2;239;138;90;48;2;234;124;78m▖[38;2;234;120;75;48;2;234;126;80m▞[38;2;244;135;90;48;2;233;119;73m▝[38;2;233;151;105;48;2;229;112;64m▀[38;2;206;137;97;48;2;229;136;89m▀[38;2;240;137;90;48;2;222;135;89m▝[38;2;230;110;63;48;2;227;163;121m▀[38;2;227;116;70;48;2;222;176;134m▀[38;2;231;126;78;48;2;219;187;147m▀[38;2;168;152;120;48;2;218;183;142m▝[38;2;114;106;84;48;2;206;182;144m▀[38;2;97;89;71;48;2;194;173;135m▀[38;2;142;135;111;48;2;209;186;149m▘[38;2;218;140;96;48;2;215;200;164m▀[38;2;217;148;106;48;2;216;206;170m▀[38;2;216;167;127;48;2;213;204;167m▀[38;2;143;129;102;48;2;211;197;160m▝[38;2;119;109;86;48;2;215;198;161m▀[38;2;136;124;96;48;2;201;186;150m▘[38;2;196;177;140;48;2;217;195;155m▝[38;2;144;130;100;48;2;212;196;157m▀[38;2;172;156;124;48;2;217;199;158m▀[38;2;174;156;123;48;2;219;198;157m▀[38;2;165;152;121;48;2;212;197;156m▀[38;2;118;108;84;48;2;206;188;147m▀[38;2;138;123;95;48;2;214;182;139m▀[38;2;110;100;76;48;2;196;169;128m▀[38;2;82;78;62;48;2;147;129;98m▀[38;2;74;73;60;48;2;197;161;121m▘[38;2;217;119;68;48;2;207;106;58m▌[38;2;180;138;100;48;2;229;218;184m▌[38;2;231;214;180;48;2;231;215;181m▌[0m
[38;2;239;224;191;48;2;245;232;201m▌[38;2;206;177;143;48;2;196;106;64m▌[38;2;216;122;78;48;2;213;118;74m▝[38;2;217;118;72;48;2;219;121;76m▞[38;2;217;120;72;48;2;214;116;69m▘[38;2;198;109;64;48;2;231;128;82m▌[38;2;254;142;94;48;2;250;135;87m▖[38;2;248;129;83;48;2;249;133;87m▝[38;2;248;130;85;48;2;250;120;80m▌[38;2;222;110;71;48;2;204;187;151m▌[38;2;221;213;180;48;2;218;208;173m▌[38;2;218;208;175;48;2;214;206;174m▛[38;2;216;208;175;48;2;218;209;176m▖[38;2;216;208;176;48;2;216;208;175m▝[38;2;216;208;175;48;2;214;207;173m▀[38;2;212;205;171;48;2;217;209;175m▖[38;2;219;211;177;48;2;218;209;176m▌[38;2;216;208;174;48;2;218;209;175m▌[38;2;223;213;180;48;2;219;209;175m▖[38;2;220;210;175;48;2;224;213;178m▀[38;2;220;209;175;48;2;218;208;174m▀[38;2;210;200;165;48;2;221;211;177m▀[38;2;228;155;109;48;2;211;198;161m▝[38;2;233;127;80;48;2;216;189;150m▀[38;2;224;115;70;48;2;230;137;93m▌[38;2;228;173;130;48;2;225;201;163m▀[38;2;225;183;142;48;2;224;201;162m▘[38;2;221;201;165;48;2;223;197;156m▀[38;2;222;184;143;48;2;219;194;154m▘[38;2;217;200;162;48;2;217;192;152m▘[38;2;220;197;158;48;2;217;188;145m▀[38;2;213;187;146;48;2;213;196;157m▞[38;2;215;192;153;48;2;208;166;122m▛[38;2;217;188;149;48;2;202;159;109m▀[38;2;226;196;154;48;2;125;101;78m▀[38;2;208;177;139;48;2;140;110;75m▀[38;2;203;172;137;48;2;199;151;94m▀[38;2;188;152;110;48;2;114;90;62m▛[38;2;192;161;125;48;2;69;60;48m▀[38;2;194;161;123;48;2;91;75;55m▀[38;2;218;181;133;48;2;245;204;133m▀[38;2;195;158;112;48;2;67;54;43m▛[38;2;198;163;125;48;2;72;60;47m▀[38;2;137;107;72;48;2;193;152;107m▖[38;2;200;164;124;48;2;211;163;101m▀[38;2;205;176;138;48;2;143;104;69m▀[38;2;208;181;138;48;2;134;101;75m▀[38;2;159;121;87;48;2;209;179;135m▖[38;2;210;196;157;48;2;211;163;118m▀[38;2;220;201;161;48;2;205;177;137m▀[38;2;210;193;155;48;2;202;179;138m▀[38;2;208;176;133;48;2;204;181;140m▘[38;2;188;168;127;48;2;227;211;176m▌[38;2;234;218;183;48;2;232;216;182m▖[0m
[38;2;239;222;188;48;2;245;231;199m▌[38;2;212;186;151;48;2;198;108;67m▌[38;2;215;119;74;48;2;215;125;80m▛[38;2;218;121;77;48;2;221;119;75m▌[38;2;218;118;73;48;2;215;116;72m▖[38;2;207;115;69;48;2;233;131;84m▌[38;2;251;139;90;48;2;250;133;85m▀[38;2;252;141;95;48;2;250;132;87m▌[38;2;249;129;85;48;2;250;119;78m▌[38;2;228;112;72;48;2;202;183;145m▌[38;2;224;215;182;48;2;220;210;175m▌[38;2;217;208;175;48;2;221;211;177m▀[38;2;216;208;175;48;2;220;211;177m▀[38;2;218;210;177;48;2;221;212;179m▀[38;2;217;209;175;48;2;221;212;178m▀[38;2;217;209;175;48;2;222;212;179m▀[38;2;220;211;178;48;2;224;214;180m▀[38;2;219;209;176;48;2;222;212;178m▀[38;2;224;214;179;48;2;220;211;176m▌[38;2;221;211;175;48;2;224;212;178m▖[38;2;222;212;177;48;2;223;213;179m▝[38;2;228;216;183;48;2;223;213;179m▖[38;2;220;210;176;48;2;223;213;178m▀[38;2;212;208;175;48;2;219;211;177m▀[38;2;207;163;127;48;2;220;217;184m▀[38;2;217;150;110;48;2;216;205;170m▀[38;2;222;187;149;48;2;213;174;135m▛[38;2;223;200;162;48;2;215;168;128m▀[38;2;226;210;172;48;2;216;180;140m▀[38;2;223;208;171;48;2;217;187;145m▀[38;2;219;201;161;48;2;220;195;154m▀[38;2;216;196;155;48;2;217;192;150m▀[38;2;220;179;130;48;2;224;201;157m▀[38;2;235;198;129;48;2;179;151;98m▌[38;2;63;62;52;48;2;112;100;78m▀[38;2;192;150;89;48;2;98;88;69m▝[38;2;235;188;116;48;2;114;98;74m▀[38;2;231;180;105;48;2;106;94;70m▘[38;2;74;72;61;48;2;84;80;65m▘[38;2;135;112;80;48;2;82;76;63m▝[38;2;242;207;142;48;2;104;87;65m▀[38;2;179;148;96;48;2;86;77;61m▘[38;2;59;59;50;48;2;81;76;62m▝[38;2;181;147;95;48;2;78;72;59m▀[38;2;225;185;118;48;2;99;84;64m▀[38;2;166;131;79;48;2;84;76;61m▘[38;2;58;58;49;48;2;108;96;75m▀[38;2;103;84;60;48;2;209;170;109m▌[38;2;213;135;83;48;2;216;182;121m▝[38;2;210;140;94;48;2;202;177;135m▘[38;2;202;181;141;48;2;196;174;133m▀[38;2;200;176;135;48;2;193;166;124m▀[38;2;177;158;117;48;2;226;211;177m▌[38;2;234;218;184;48;2;232;216;182m▘[0m
[38;2;241;226;195;48;2;245;232;200m▌[38;2;213;193;157;48;2;197;115;73m▌[38;2;211;121;76;48;2;215;127;82m▖[38;2;221;125;79;48;2;221;122;77m▖[38;2;217;118;73;48;2;217;113;70m▌[38;2;207;111;67;48;2;231;124;79m▌[38;2;252;133;87;48;2;248;127;81m▛[38;2;251;133;87;48;2;249;127;83m▘[38;2;248;127;83;48;2;250;118;78m▌[38;2;232;113;74;48;2;204;182;145m▌[38;2;221;210;176;48;2;225;215;181m▝[38;2;220;211;176;48;2;226;215;180m▀[38;2;220;211;176;48;2;228;218;184m▀[38;2;224;215;182;48;2;221;213;179m▖[38;2;223;214;180;48;2;222;213;178m▝[38;2;220;212;177;48;2;223;214;180m▖[38;2;228;215;180;48;2;223;213;178m▝[38;2;224;214;179;48;2;225;215;180m▝[38;2;226;216;182;48;2;225;214;179m▖[38;2;224;214;179;48;2;227;216;182m▌[38;2;224;214;179;48;2;225;215;180m▖[38;2;225;215;180;48;2;227;216;182m▛[38;2;222;212;177;48;2;224;215;181m▀[38;2;220;211;177;48;2;223;214;179m▀[38;2;219;210;176;48;2;223;213;179m▌[38;2;221;211;176;48;2;224;215;180m▘[38;2;220;216;181;48;2;222;212;177m▀[38;2;219;209;173;48;2;222;214;179m▝[38;2;217;202;166;48;2;223;214;180m▀[38;2;211;191;154;48;2;222;215;181m▀[38;2;207;185;146;48;2;221;214;179m▀[38;2;209;177;136;48;2;220;212;177m▀[38;2;202;168;123;48;2;217;208;172m▀[38;2;120;103;76;48;2;220;206;168m▀[38;2;84;76;59;48;2;203;189;154m▀[38;2;86;76;60;48;2;181;169;135m▀[38;2;92;83;66;48;2;162;150;119m▀[38;2;96;85;67;48;2;161;148;117m▀[38;2;81;73;58;48;2;166;149;116m▀[38;2;94;74;53;48;2;173;149;112m▀[38;2;173;116;63;48;2;197;159;110m▀[38;2;102;77;52;48;2;156;126;85m▝[38;2;65;61;49;48;2;140;128;100m▀[38;2;78;71;57;48;2;140;129;103m▀[38;2;72;67;53;48;2;147;136;109m▀[38;2;70;63;50;48;2;167;155;123m▀[38;2;67;62;49;48;2;193;180;145m▀[38;2;88;80;63;48;2;214;201;165m▀[38;2;189;167;124;48;2;217;206;172m▀[38;2;201;187;150;48;2;213;203;168m▀[38;2;203;187;150;48;2;213;203;169m▀[38;2;203;191;156;48;2;213;202;167m▀[38;2;167;151;113;48;2;224;209;175m▌[38;2;236;220;186;48;2;233;218;183m▖[0m
[38;2;241;226;193;48;2;246;232;200m▌[38;2;219;202;166;48;2;192;115;72m▌[38;2;215;121;78;48;2;214;123;79m▖[38;2;222;126;81;48;2;218;120;75m▀[38;2;224;121;77;48;2;217;115;72m▘[38;2;206;109;65;48;2;232;120;75m▌[38;2;247;126;80;48;2;251;130;84m▝[38;2;251;132;86;48;2;249;128;83m▖[38;2;249;127;83;48;2;250;119;79m▌[38;2;232;112;73;48;2;205;181;140m▌[38;2;235;223;188;48;2;233;217;179m▘[38;2;239;223;187;48;2;235;217;179m▝[38;2;238;222;186;48;2;235;218;180m▛[38;2;231;217;181;48;2;230;215;177m▀[38;2;235;222;187;48;2;224;214;179m▖[38;2;220;212;177;48;2;223;213;179m▖[38;2;224;214;178;48;2;226;215;180m▛[38;2;223;214;179;48;2;226;215;180m▝[38;2;225;215;180;48;2;226;216;180m▀[38;2;223;213;178;48;2;224;214;178m▘[38;2;227;216;182;48;2;225;215;180m▘[38;2;226;215;180;48;2;225;216;182m▘[38;2;226;216;183;48;2;227;217;183m▘[38;2;225;215;180;48;2;227;217;183m▝[38;2;225;214;180;48;2;224;214;180m▖[38;2;224;214;180;48;2;226;215;182m▀[38;2;227;216;182;48;2;224;214;180m▖[38;2;227;217;183;48;2;224;214;179m▝[38;2;224;214;179;48;2;222;212;178m▌[38;2;220;210;175;48;2;222;212;176m▀[38;2;223;211;176;48;2;224;213;177m▀[38;2;223;211;176;48;2;225;213;178m▘[38;2;223;212;177;48;2;225;213;177m▛[38;2;224;214;179;48;2;224;212;176m▝[38;2;228;217;183;48;2;224;213;178m▝[38;2;229;219;184;48;2;223;211;175m▀[38;2;229;219;183;48;2;220;209;174m▀[38;2;228;218;183;48;2;220;209;175m▀[38;2;225;215;179;48;2;222;210;175m▀[38;2;227;216;181;48;2;218;207;172m▀[38;2;221;212;177;48;2;217;208;172m▝[38;2;228;217;181;48;2;222;210;174m▀[38;2;229;216;180;48;2;221;208;172m▀[38;2;229;217;180;48;2;219;206;171m▀[38;2;231;218;181;48;2;219;206;171m▀[38;2;230;217;181;48;2;219;206;170m▀[38;2;224;211;175;48;2;217;204;168m▀[38;2;217;205;170;48;2;214;203;167m▀[38;2;217;204;169;48;2;214;203;167m▌[38;2;214;202;167;48;2;214;201;166m▞[38;2;214;202;167;48;2;212;201;165m▌[38;2;210;200;164;48;2;214;202;166m▌[38;2;159;145;107;48;2;221;206;171m▌[38;2;235;219;183;48;2;231;215;180m▌[0m
[38;2;242;227;195;48;2;246;232;200m▌[38;2;222;206;172;48;2;194;115;73m▌[38;2;217;121;77;48;2;218;125;81m▞[38;2;217;119;75;48;2;222;126;80m▀[38;2;220;119;75;48;2;212;112;69m▌[38;2;205;112;68;48;2;228;118;74m▌[38;2;255;137;93;48;2;252;133;87m▖[38;2;252;134;89;48;2;250;127;84m▌[38;2;249;120;79;48;2;251;126;84m▀[38;2;239;116;75;48;2;220;188;149m▌[38;2;238;225;189;48;2;236;219;181m▌[38;2;241;226;190;48;2;244;229;195m▛[38;2;239;223;187;48;2;234;216;177m▀[38;2;233;218;182;48;2;239;224;191m▝[38;2;233;220;185;48;2;225;213;177m▝[38;2;234;222;188;48;2;227;215;180m▌[38;2;224;214;178;48;2;230;217;180m▀[38;2;226;215;180;48;2;227;214;178m▀[38;2;225;215;180;48;2;227;215;179m▀[38;2;225;214;178;48;2;227;215;180m▞[38;2;229;216;181;48;2;226;214;179m▖[38;2;224;214;179;48;2;226;216;180m▝[38;2;227;217;182;48;2;226;215;180m▞[38;2;226;215;180;48;2;225;215;179m▝[38;2;226;215;180;48;2;228;217;182m▛[38;2;229;218;184;48;2;227;216;181m▘[38;2;225;214;179;48;2;228;216;181m▀[38;2;227;215;180;48;2;225;214;179m▖[38;2;222;211;176;48;2;224;214;179m▞[38;2;229;216;181;48;2;224;213;177m▖[38;2;223;212;176;48;2;228;216;181m▛[38;2;224;211;176;48;2;226;214;178m▝[38;2;224;212;177;48;2;228;215;180m▘[38;2;226;213;178;48;2;227;214;178m▝[38;2;224;212;176;48;2;226;213;178m▝[38;2;223;210;175;48;2;225;212;177m▖[38;2;223;210;175;48;2;224;213;178m▀[38;2;223;212;176;48;2;223;211;175m▛[38;2;221;210;174;48;2;223;211;176m▝[38;2;223;211;175;48;2;220;210;175m▘[38;2;217;207;170;48;2;220;209;174m▘[38;2;224;212;177;48;2;223;210;176m▀[38;2;222;209;173;48;2;223;211;174m▞[38;2;220;208;173;48;2;222;210;175m▀[38;2;221;208;172;48;2;224;210;175m▀[38;2;219;206;169;48;2;221;208;172m▝[38;2;220;208;172;48;2;218;205;169m▖[38;2;217;205;169;48;2;218;206;171m▀[38;2;217;204;168;48;2;218;205;170m▀[38;2;218;206;171;48;2;215;203;168m▖[38;2;216;204;169;48;2;212;201;165m▖[38;2;211;200;166;48;2;208;199;164m▘[38;2;160;147;110;48;2;221;206;173m▌[38;2;236;220;186;48;2;233;217;183m▌[0m
[38;2;241;226;194;48;2;245;230;198m▌[38;2;227;212;178;48;2;198;121;79m▌[38;2;232;122;77;48;2;150;113;80m▀[38;2;165;113;78;48;2;225;125;79m▖[38;2;227;120;73;48;2;136;114;81m▀[38;2;161;109;74;48;2;225;115;72m▖[38;2;254;133;89;48;2;250;130;85m▌[38;2;251;129;85;48;2;251;132;88m▞[38;2;251;129;85;48;2;251;124;83m▌[38;2;240;115;74;48;2;221;186;145m▌[38;2;243;231;197;48;2;232;214;174m▘[38;2;242;226;191;48;2;238;221;184m▖[38;2;240;223;187;48;2;235;218;178m▞[38;2;242;226;191;48;2;235;216;177m▀[38;2;238;223;186;48;2;244;228;193m▛[38;2;238;222;184;48;2;234;217;176m▌[38;2;237;219;180;48;2;237;221;183m▘[38;2;233;217;178;48;2;235;221;184m▘[38;2;230;217;179;48;2;233;217;181m▛[38;2;228;212;173;48;2;229;216;180m▖[38;2;233;219;184;48;2;230;217;182m▖[38;2;230;218;183;48;2;229;216;181m▀[38;2;231;219;184;48;2;230;218;183m▌[38;2;231;218;183;48;2;231;219;184m▌[38;2;228;215;179;48;2;230;217;181m▝[38;2;230;217;183;48;2;231;218;182m▘[38;2;229;216;181;48;2;231;218;183m▝[38;2;228;216;180;48;2;229;217;182m▀[38;2;229;217;182;48;2;228;216;181m▞[38;2;225;213;177;48;2;228;215;179m▝[38;2;227;214;178;48;2;228;215;179m▌[38;2;226;213;177;48;2;227;215;179m▛[38;2;228;215;179;48;2;226;214;178m▘[38;2;229;215;181;48;2;227;214;179m▖[38;2;224;212;176;48;2;227;214;179m▝[38;2;225;212;177;48;2;227;214;179m▀[38;2;223;211;176;48;2;225;212;177m▘[38;2;222;210;173;48;2;224;212;177m▖[38;2;221;210;175;48;2;225;212;176m▀[38;2;219;209;174;48;2;222;210;174m▀[38;2;222;209;174;48;2;225;211;175m▛[38;2;226;213;178;48;2;224;211;176m▖[38;2;224;211;176;48;2;221;209;174m▖[38;2;222;209;174;48;2;220;207;172m▘[38;2;221;208;173;48;2;224;211;175m▌[38;2;222;209;173;48;2;222;208;172m▞[38;2;222;208;171;48;2;219;205;169m▖[38;2;217;205;169;48;2;220;207;172m▌[38;2;218;205;170;48;2;220;207;172m▀[38;2;219;207;172;48;2;209;194;155m▛[38;2;189;175;134;48;2;214;202;167m▖[38;2;211;201;166;48;2;219;207;172m▛[38;2;170;155;115;48;2;221;206;172m▌[38;2;238;222;189;48;2;234;219;185m▌[0m
[38;2;242;227;195;48;2;245;231;200m▌[38;2;230;214;182;48;2;198;119;78m▌[38;2;158;112;81;48;2;72;121;102m▖[38;2;123;117;92;48;2;218;115;73m▌[38;2;162;117;83;48;2;71;116;95m▖[38;2;105;111;86;48;2;225;118;77m▌[38;2;253;133;89;48;2;250;129;86m▌[38;2;252;133;90;48;2;251;129;85m▌[38;2;251;130;88;48;2;250;124;83m▖[38;2;241;112;73;48;2;222;179;141m▌[38;2;241;228;191;48;2;227;207;165m▛[38;2;232;213;172;48;2;240;223;186m▖[38;2;239;223;186;48;2;242;226;191m▌[38;2;235;217;178;48;2;243;227;193m▝[38;2;240;224;189;48;2;235;219;181m▀[38;2;243;228;194;48;2;237;220;182m▀[38;2;232;214;173;48;2;241;225;189m▘[38;2;240;224;188;48;2;235;219;181m▌[38;2;234;218;179;48;2;239;224;187m▀[38;2;229;213;174;48;2;237;223;186m▀[38;2;233;217;178;48;2;236;221;185m▌[38;2;234;221;186;48;2;235;220;182m▀[38;2;234;221;187;48;2;238;224;190m▀[38;2;234;221;186;48;2;239;225;190m▀[38;2;235;221;186;48;2;239;225;190m▀[38;2;233;220;184;48;2;238;224;190m▀[38;2;233;220;184;48;2;237;223;188m▀[38;2;232;219;184;48;2;236;223;189m▀[38;2;232;219;184;48;2;237;223;188m▀[38;2;232;219;183;48;2;236;222;187m▀[38;2;232;219;184;48;2;236;222;186m▀[38;2;232;219;184;48;2;235;221;187m▀[38;2;231;217;181;48;2;236;222;187m▀[38;2;231;217;182;48;2;234;221;186m▀[38;2;229;216;181;48;2;234;221;186m▀[38;2;230;216;182;48;2;234;220;185m▀[38;2;227;214;179;48;2;233;220;185m▀[38;2;229;215;180;48;2;234;219;184m▀[38;2;228;215;179;48;2;232;218;183m▀[38;2;228;214;179;48;2;231;217;181m▀[38;2;226;213;178;48;2;230;216;180m▀[38;2;227;214;178;48;2;230;216;180m▀[38;2;225;212;177;48;2;228;214;179m▝[38;2;223;210;175;48;2;229;214;178m▀[38;2;225;211;175;48;2;228;214;178m▀[38;2;224;210;175;48;2;229;214;179m▀[38;2;222;208;172;48;2;225;211;175m▝[38;2;221;208;173;48;2;224;210;174m▀[38;2;220;207;172;48;2;223;209;174m▝[38;2;222;208;172;48;2;206;189;148m▌[38;2;206;190;149;48;2;218;205;169m▌[38;2;218;205;169;48;2;224;211;175m▌[38;2;190;172;129;48;2;222;206;170m▌[38;2;237;222;188;48;2;234;219;185m▌[0m
[38;2;241;227;196;48;2;244;230;199m▌[38;2;235;219;186;48;2;122;131;101m▌[38;2;94;119;98;48;2;66;118;98m▘[38;2;101;113;88;48;2;71;120;100m▝[38;2;84;116;92;48;2;69;116;94m▘[38;2;67;115;96;48;2;178;120;86m▌[38;2;255;138;91;48;2;249;134;90m▌[38;2;251;131;85;48;2;252;131;88m▌[38;2;251;131;88;48;2;249;123;82m▌[38;2;242;108;70;48;2;225;178;138m▌[38;2;232;213;172;48;2;235;221;183m▝[38;2;245;230;198;48;2;235;218;179m▖[38;2;238;222;185;48;2;233;216;178m▀[38;2;241;226;191;48;2;235;218;181m▝[38;2;232;214;174;48;2;240;225;189m▝[38;2;231;213;172;48;2;237;220;183m▌[38;2;235;218;180;48;2;237;222;187m▀[38;2;234;217;177;48;2;239;224;189m▀[38;2;236;219;181;48;2;242;227;191m▀[38;2;237;221;182;48;2;240;225;188m▘[38;2;238;224;188;48;2;242;227;193m▝[38;2;239;224;187;48;2;243;227;193m▀[38;2;240;225;190;48;2;239;224;188m▛[38;2;239;225;190;48;2;239;224;187m▀[38;2;239;225;190;48;2;238;224;187m▀[38;2;238;224;189;48;2;240;225;190m▝[38;2;238;224;189;48;2;237;222;185m▀[38;2;237;224;189;48;2;240;226;192m▀[38;2;238;224;189;48;2;235;219;182m▀[38;2;238;223;189;48;2;235;219;182m▀[38;2;234;218;179;48;2;237;221;185m▖[38;2;237;223;188;48;2;233;217;179m▀[38;2;237;223;188;48;2;238;224;189m▘▀[38;2;237;223;188;48;2;238;224;190m▀[38;2;239;225;191;48;2;238;223;189m▖[38;2;236;222;187;48;2;237;223;188m▝[38;2;235;220;185;48;2;237;223;189m▀[38;2;235;221;186;48;2;237;223;188m▀[38;2;234;219;185;48;2;236;222;187m▀[38;2;234;220;185;48;2;236;221;187m▀[38;2;233;219;184;48;2;235;220;185m▀[38;2;233;218;184;48;2;234;219;184m▝[38;2;232;217;182;48;2;233;218;182m▀[38;2;231;216;181;48;2;233;219;184m▀[38;2;231;217;182;48;2;234;219;185m▀[38;2;229;214;179;48;2;231;216;181m▝[38;2;226;212;177;48;2;230;215;179m▀[38;2;226;212;176;48;2;228;213;178m▘[38;2;224;209;172;48;2;213;194;152m▌[38;2;214;196;156;48;2;220;207;172m▌[38;2;224;210;175;48;2;230;216;181m▌[38;2;207;189;147;48;2;223;208;172m▌[38;2;238;223;190;48;2;235;220;186m▌[0m
[38;2;244;230;199;48;2;241;228;197m▝[38;2;236;222;189;48;2;102;132;105m▌[38;2;66;122;101;48;2;67;117;96m▌[38;2;71;123;102;48;2;68;116;96m▌[38;2;70;120;99;48;2;70;117;94m▖[38;2;64;120;100;48;2;173;124;90m▌[38;2;255;138;90;48;2;249;133;88m▌[38;2;251;128;83;48;2;252;132;89m▌[38;2;250;123;83;48;2;250;129;86m▝[38;2;243;109;70;48;2;224;171;130m▌[38;2;234;222;184;48;2;234;214;176m▌[38;2;242;227;193;48;2;235;218;180m▌[38;2;241;226;191;48;2;232;214;174m▀[38;2;232;216;177;48;2;237;221;185m▀[38;2;239;222;186;48;2;240;224;189m▞[38;2;240;225;189;48;2;236;219;180m▘[38;2;237;222;184;48;2;240;224;189m▀[38;2;244;230;197;48;2;240;224;189m▝[38;2;240;224;188;48;2;242;226;192m▌[38;2;242;226;191;48;2;238;221;183m▛[38;2;242;227;192;48;2;236;219;181m▀[38;2;244;229;195;48;2;237;221;184m▀[38;2;245;230;196;48;2;238;222;184m▀[38;2;244;229;196;48;2;237;221;184m▀[38;2;240;224;187;48;2;245;230;197m▖[38;2;245;231;198;48;2;244;229;196m▀[38;2;245;231;198;48;2;244;229;195m▘[38;2;245;230;197;48;2;244;228;195m▀[38;2;244;229;195;48;2;243;228;194m▌[38;2;244;229;195;48;2;242;228;193m▀[38;2;244;229;195;48;2;242;227;193m▀[38;2;235;218;180;48;2;242;227;192m▝[38;2;229;212;172;48;2;241;226;192m▌[38;2;240;225;190;48;2;241;226;192m▀[38;2;240;224;188;48;2;240;225;191m▘[38;2;240;225;191;48;2;239;225;190m▌[38;2;240;224;190;48;2;240;224;191m▀[38;2;239;224;191;48;2;239;224;190m▝[38;2;239;224;189;48;2;236;220;185m▛[38;2;233;217;181;48;2;238;224;189m▖[38;2;237;221;186;48;2;238;223;189m▀[38;2;237;221;186;48;2;236;220;184m▌[38;2;234;219;183;48;2;235;220;185m▝[38;2;234;219;183;48;2;230;213;175m▛[38;2;230;214;178;48;2;220;201;159m▀[38;2;222;204;164;48;2;231;215;178m▖[38;2;233;217;181;48;2;234;219;184m▞[38;2;231;216;180;48;2;221;201;161m▛[38;2;232;218;182;48;2;222;183;144m▀[38;2;232;221;183;48;2;218;164;126m▀[38;2;229;217;180;48;2;223;166;126m▀[38;2;231;220;184;48;2;217;180;141m▀[38;2;207;182;141;48;2;221;204;169m▌[38;2;238;223;190;48;2;234;219;185m▌[0m
[38;2;242;228;196;48;2;241;227;195m▞[38;2;244;228;194;48;2;117;145;114m▌[38;2;70;121;99;48;2;59;120;98m▀[38;2;72;121;100;48;2;62;121;100m▀[38;2;73;119;97;48;2;62;118;96m▀[38;2;62;122;100;48;2;170;127;95m▌[38;2;255;135;89;48;2;249;131;87m▌[38;2;250;128;84;48;2;251;130;86m▌[38;2;249;124;81;48;2;250;128;85m▞[38;2;245;109;69;48;2;220;163;121m▌[38;2;237;224;188;48;2;234;215;178m▛[38;2;247;233;203;48;2;242;226;192m▖[38;2;237;220;182;48;2;229;213;175m▛[38;2;224;208;169;48;2;241;226;191m▖[38;2;238;221;183;48;2;234;218;178m▀[38;2;243;227;192;48;2;235;218;179m▝[38;2;243;228;193;48;2;235;218;179m▘[38;2;228;210;167;48;2;237;221;184m▘[38;2;233;216;177;48;2;237;221;184m▞[38;2;242;227;192;48;2;237;220;182m▌[38;2;236;219;181;48;2;239;223;186m▀[38;2;244;229;195;48;2;238;221;183m▞[38;2;239;223;185;48;2;245;229;195m▛[38;2;240;225;189;48;2;233;216;177m▛[38;2;244;230;197;48;2;239;224;188m▝[38;2;240;225;189;48;2;243;230;196m▖[38;2;245;231;198;48;2;240;225;189m▀[38;2;243;229;196;48;2;245;231;199m▛[38;2;244;230;197;48;2;243;228;195m▖[38;2;243;228;194;48;2;241;226;193m▀[38;2;242;227;194;48;2;240;226;191m▀[38;2;240;227;192;48;2;239;225;191m▝[38;2;230;214;173;48;2;237;221;185m▘[38;2;243;227;194;48;2;237;220;184m▀[38;2;242;227;194;48;2;232;213;174m▀[38;2;242;226;192;48;2;235;218;180m▀[38;2;240;223;188;48;2;242;226;193m▖[38;2;241;225;190;48;2;234;216;177m▛[38;2;237;222;186;48;2;226;208;169m▘[38;2;215;197;155;48;2;229;212;173m▘[38;2;233;217;179;48;2;237;221;185m▌[38;2;238;222;187;48;2;239;223;189m▝[38;2;238;222;188;48;2;236;219;182m▛[38;2;237;221;186;48;2;229;212;173m▘[38;2;229;211;171;48;2;233;217;180m▛[38;2;235;218;180;48;2;228;210;171m▖[38;2;233;216;178;48;2;236;220;184m▌[38;2;236;221;187;48;2;228;207;167m▀[38;2;231;208;170;48;2;217;181;142m▌[38;2;219;137;93;48;2;215;175;136m▀[38;2;216;134;88;48;2;213;169;129m▀[38;2;199;131;86;48;2;217;179;138m▘[38;2;204;176;135;48;2;219;203;168m▌[38;2;239;223;190;48;2;234;220;186m▌[0m
[38;2;241;227;195;48;2;243;228;196m▀[38;2;241;229;196;48;2;191;146;112m▌[38;2;117;113;85;48;2;253;121;82m▀[38;2;116;113;86;48;2;253;120;82m▀[38;2;119;117;89;48;2;255;126;87m▀[38;2;149;121;90;48;2;254;123;83m▀[38;2;233;125;81;48;2;247;129;86m▖[38;2;253;135;89;48;2;250;128;84m▖[38;2;249;127;84;48;2;248;124;81m▞[38;2;246;110;70;48;2;221;160;120m▌[38;2;234;224;188;48;2;230;215;176m▖[38;2;238;223;188;48;2;240;225;191m▌[38;2;230;214;175;48;2;238;223;188m▝[38;2;231;214;174;48;2;241;226;191m▀[38;2;240;225;191;48;2;234;218;180m▌[38;2;239;224;188;48;2;234;218;180m▀[38;2;239;224;188;48;2;231;214;173m▛[38;2;232;216;178;48;2;241;226;191m▛[38;2;243;228;193;48;2;238;222;185m▞[38;2;245;231;198;48;2;235;219;182m▘[38;2;231;215;176;48;2;237;221;185m▌[38;2;236;219;181;48;2;245;230;196m▛[38;2;235;218;179;48;2;241;225;191m▘[38;2;237;221;184;48;2;234;218;181m▘[38;2;234;218;178;48;2;233;216;177m▝[38;2;232;215;174;48;2;237;220;183m▘[38;2;232;216;177;48;2;240;225;190m▘[38;2;236;221;185;48;2;229;212;172m▀[38;2;233;223;187;48;2;239;197;157m▛[38;2;234;231;198;48;2;235;185;145m▀[38;2;233;231;198;48;2;238;191;151m▀[38;2;235;231;198;48;2;234;188;149m▀[38;2;237;233;200;48;2;228;181;142m▀[38;2;234;229;197;48;2;227;184;145m▀[38;2;228;221;185;48;2;229;194;156m▀[38;2;230;218;180;48;2;226;200;162m▀[38;2;235;221;184;48;2;226;204;165m▀[38;2;238;221;185;48;2;231;216;180m▀[38;2;225;207;166;48;2;234;217;180m▝[38;2;229;211;172;48;2;223;206;166m▛[38;2;230;212;174;48;2;235;219;182m▞[38;2;238;222;187;48;2;237;220;184m▀[38;2;232;215;175;48;2;236;219;182m▖[38;2;229;212;171;48;2;225;207;167m▀[38;2;233;216;178;48;2;230;212;173m▌[38;2;224;205;163;48;2;229;211;171m▖[38;2;233;216;179;48;2;228;210;170m▛[38;2;235;219;185;48;2;229;210;173m▀[38;2;210;151;105;48;2;226;200;161m▝[38;2;203;123;80;48;2;225;194;154m▀[38;2;207;124;79;48;2;228;186;146m▀[38;2;200;135;91;48;2;221;185;145m▘[38;2;208;183;142;48;2;218;201;165m▌[38;2;238;223;189;48;2;233;219;185m▌[0m
[38;2;242;227;195;48;2;243;228;196m▖[38;2;241;226;197;48;2;231;146;111m▌[38;2;244;123;85;48;2;255;122;86m▀[38;2;245;124;86;48;2;255;123;84m▀[38;2;246;129;90;48;2;255;131;90m▀[38;2;247;126;86;48;2;255;129;87m▀[38;2;237;126;83;48;2;248;132;88m▌[38;2;252;134;90;48;2;252;135;92m▛[38;2;251;134;91;48;2;250;128;85m▖[38;2;250;117;76;48;2;221;154;111m▌[38;2;232;218;181;48;2;240;227;193m▀[38;2;245;230;199;48;2;236;220;183m▌[38;2;228;210;168;48;2;236;220;183m▝[38;2;243;228;195;48;2;234;218;180m▌[38;2;226;209;168;48;2;237;222;186m▘[38;2;239;224;190;48;2;244;229;196m▛[38;2;235;219;181;48;2;242;227;193m▛[38;2;245;230;196;48;2;240;224;189m▀[38;2;242;227;193;48;2;236;220;182m▀[38;2;240;225;191;48;2;237;221;184m▛[38;2;236;220;183;48;2;227;210;170m▛[38;2;232;216;179;48;2;239;223;187m▌[38;2;240;224;189;48;2;235;219;181m▝[38;2;234;218;181;48;2;243;228;195m▝[38;2;237;221;184;48;2;231;214;175m▌[38;2;238;222;185;48;2;230;213;172m▌[38;2;232;216;178;48;2;240;224;189m▀[38;2;240;224;189;48;2;234;218;180m▖[38;2;232;192;153;48;2;208;147;108m▌[38;2;176;109;75;48;2;213;148;106m▀[38;2;175;111;76;48;2;212;150;106m▀[38;2;187;112;74;48;2;224;164;119m▘[38;2;234;181;141;48;2;232;203;162m▀[38;2;231;188;149;48;2;229;212;172m▀[38;2;231;197;157;48;2;227;214;174m▀[38;2;228;204;165;48;2;232;217;179m▀[38;2;238;220;185;48;2;240;225;190m▛[38;2;239;223;188;48;2;230;213;174m▖[38;2;229;212;173;48;2;232;215;177m▌[38;2;227;210;171;48;2;225;208;167m▀[38;2;227;210;171;48;2;231;215;177m▌[38;2;233;216;179;48;2;237;220;184m▖[38;2;234;216;178;48;2;235;218;181m▌[38;2;239;222;186;48;2;234;217;180m▖[38;2;229;212;172;48;2;232;214;176m▖[38;2;239;223;188;48;2;228;210;171m▖[38;2;237;221;186;48;2;231;213;176m▘[38;2;233;217;183;48;2;229;209;172m▖[38;2;186;143;102;48;2;229;179;135m▝[38;2;214;128;85;48;2;235;179;138m▀[38;2;223;165;123;48;2;230;220;185m▀[38;2;221;192;155;48;2;231;217;183m▀[38;2;210;182;141;48;2;210;194;156m▘[38;2;237;223;189;48;2;232;218;183m▌[0m
[38;2;241;227;194;48;2;239;225;192m▌[38;2;248;230;197;48;2;173;167;133m▌[38;2;145;116;87;48;2;59;119;95m▀[38;2;148;116;87;48;2;59;118;98m▀[38;2;150;119;88;48;2;58;115;94m▀[38;2;52;116;95;48;2;154;117;86m▖[38;2;250;135;92;48;2;248;126;83m▝[38;2;251;133;89;48;2;251;128;86m▛[38;2;250;127;85;48;2;248;120;80m▘[38;2;248;111;71;48;2;227;149;106m▌[38;2;223;211;171;48;2;234;219;183m▖[38;2;245;231;199;48;2;238;223;188m▌[38;2;239;224;189;48;2;231;215;177m▝[38;2;234;218;180;48;2;240;225;191m▞[38;2;239;225;190;48;2;231;215;176m▀[38;2;232;215;177;48;2;237;222;186m▝[38;2;234;218;180;48;2;240;225;190m▛[38;2;235;219;181;48;2;233;216;176m▌[38;2;234;218;180;48;2;239;223;187m▞[38;2;233;216;177;48;2;238;222;185m▖[38;2;236;220;182;48;2;241;227;192m▞[38;2;238;221;184;48;2;235;218;178m▛[38;2;238;222;187;48;2;237;221;183m▀[38;2;240;224;189;48;2;238;223;188m▝[38;2;239;224;189;48;2;232;216;178m▝[38;2;238;223;187;48;2;232;216;177m▘[38;2;236;220;183;48;2;231;215;176m▌[38;2;224;206;166;48;2;233;217;179m▘[38;2;241;225;190;48;2;233;221;182m▝[38;2;239;194;152;48;2;239;232;198m▀[38;2;238;186;142;48;2;244;238;207m▀[38;2;233;181;137;48;2;244;237;207m▀[38;2;234;178;134;48;2;242;237;205m▀[38;2;226;186;145;48;2;243;236;204m▀[38;2;226;208;167;48;2;239;226;190m▀[38;2;229;212;173;48;2;235;220;183m▀[38;2;238;222;186;48;2;233;216;178m▘[38;2;235;218;181;48;2;230;213;174m▌[38;2;223;206;165;48;2;227;209;170m▘[38;2;235;218;182;48;2;228;211;171m▝[38;2;222;205;166;48;2;234;218;182m▖[38;2;234;218;180;48;2;236;219;183m▝[38;2;228;210;170;48;2;234;217;180m▀[38;2;229;211;173;48;2;234;218;182m▝[38;2;225;207;168;48;2;233;217;179m▘[38;2;236;220;184;48;2;233;217;180m▘[38;2;228;205;166;48;2;234;218;183m▝[38;2;227;192;152;48;2;231;215;178m▀[38;2;193;158;121;48;2;219;195;157m▝[38;2;222;186;150;48;2;228;208;170m▘[38;2;228;211;175;48;2;237;223;189m▛[38;2;226;208;170;48;2;236;221;186m▘[38;2;215;194;154;48;2;209;191;152m▖[38;2;237;223;189;48;2;232;217;182m▌[0m
[38;2;238;224;191;48;2;240;227;194m▝[38;2;249;231;198;48;2;174;181;147m▌[38;2;67;120;97;48;2;74;122;100m▌[38;2;71;118;96;48;2;71;122;102m▀[38;2;67;117;96;48;2;71;117;96m▌[38;2;63;119;99;48;2;132;117;90m▌[38;2;255;129;86;48;2;247;126;83m▌[38;2;249;128;85;48;2;250;129;87m▖[38;2;249;123;83;48;2;247;119;79m▌[38;2;250;114;75;48;2;220;138;96m▌[38;2;224;212;173;48;2;239;222;187m▌[38;2;244;230;200;48;2;231;214;175m▌[38;2;231;214;173;48;2;231;215;176m▝[38;2;240;225;191;48;2;230;213;173m▛[38;2;232;216;177;48;2;239;224;189m▌[38;2;238;222;186;48;2;235;219;182m▛[38;2;237;221;185;48;2;233;215;177m▀[38;2;243;229;195;48;2;237;221;184m▝[38;2;231;214;174;48;2;236;220;183m▌[38;2;241;225;190;48;2;235;217;179m▞[38;2;238;222;186;48;2;231;214;176m▞[38;2;225;208;167;48;2;236;221;183m▖[38;2;239;224;189;48;2;231;215;175m▖[38;2;227;210;170;48;2;235;220;184m▖[38;2;242;227;193;48;2;240;225;189m▀[38;2;237;222;186;48;2;239;223;188m▝[38;2;225;208;167;48;2;238;223;187m▝[38;2;239;224;190;48;2;243;193;154m▛[38;2;235;162;121;48;2;232;116;71m▀[38;2;231;156;113;48;2;222;126;83m▀[38;2;234;157;115;48;2;235;138;94m▀[38;2;236;165;121;48;2;209;119;75m▀[38;2;238;158;114;48;2;199;117;77m▀[38;2;234;162;119;48;2;207;122;79m▀[38;2;234;189;149;48;2;232;209;171m▀[38;2;229;193;153;48;2;233;215;179m▀[38;2;231;207;169;48;2;237;221;186m▀[38;2;226;197;155;48;2;233;218;181m▀[38;2;235;219;184;48;2;231;213;175m▝[38;2;227;210;171;48;2;233;217;180m▀[38;2;234;218;182;48;2;230;214;176m▀[38;2;232;216;179;48;2;235;218;182m▌[38;2;234;218;181;48;2;235;218;182m▝[38;2;232;216;178;48;2;236;219;184m▞[38;2;234;218;182;48;2;233;217;180m▞[38;2;232;215;177;48;2;234;218;180m▞[38;2;233;216;179;48;2;228;210;170m▝[38;2;229;211;172;48;2;232;214;177m▘[38;2;233;216;178;48;2;231;212;175m▞[38;2;232;215;178;48;2;230;204;164m▛[38;2;226;203;164;48;2;216;178;134m▀[38;2;218;186;144;48;2;227;202;164m▛[38;2;196;157;113;48;2;210;191;154m▘[38;2;238;224;192;48;2;233;218;184m▌[0m
[38;2;242;227;195;48;2;239;225;193m▌[38;2;249;231;199;48;2;182;187;155m▌[38;2;69;123;101;48;2;72;124;102m▌[38;2;73;125;105;48;2;69;122;102m▀[38;2;68;120;100;48;2;69;118;98m▌[38;2;66;121;99;48;2;118;123;98m▌[38;2;251;134;90;48;2;249;130;86m▌[38;2;249;131;87;48;2;251;133;89m▀[38;2;246;117;78;48;2;249;125;83m▝[38;2;248;111;72;48;2;223;132;91m▌[38;2;242;226;194;48;2;233;219;180m▝[38;2;244;228;194;48;2;234;218;180m▌[38;2;230;213;174;48;2;235;221;186m▌[38;2;232;217;181;48;2;230;209;159m▀[38;2;240;226;193;48;2;234;217;176m▘[38;2;231;214;174;48;2;234;217;179m▝[38;2;234;218;180;48;2;239;224;188m▘[38;2;240;225;190;48;2;243;229;198m▛[38;2;236;219;182;48;2;226;209;169m▛[38;2;228;210;170;48;2;235;219;181m▞[38;2;239;223;188;48;2;235;219;181m▖[38;2;239;223;188;48;2;236;220;183m▀[38;2;235;219;181;48;2;239;223;189m▞[38;2;236;220;184;48;2;238;222;186m▘[38;2;241;225;191;48;2;237;222;185m▝[38;2;236;220;183;48;2;238;222;187m▞[38;2;238;222;186;48;2;240;225;192m▝[38;2;237;222;187;48;2;240;206;168m▌[38;2;233;142;99;48;2;220;108;64m▌[38;2;228;180;140;48;2;226;113;67m▀[38;2;226;206;167;48;2;202;122;77m▀[38;2;201;130;86;48;2;188;123;82m▀[38;2;186;125;86;48;2;201;128;86m▀[38;2;190;117;76;48;2;213;156;111m▌[38;2;233;218;181;48;2;226;211;172m▀[38;2;238;222;186;48;2;233;217;179m▝[38;2;234;217;181;48;2;237;221;186m▛[38;2;230;213;175;48;2;225;208;167m▛[38;2;233;217;180;48;2;227;211;171m▀[38;2;233;217;179;48;2;227;209;170m▌[38;2;225;207;168;48;2;209;181;140m▛[38;2;234;217;181;48;2;205;180;141m▀[38;2;227;209;173;48;2;233;216;178m▖[38;2;233;216;179;48;2;224;204;165m▛[38;2;233;217;180;48;2;222;199;158m▀[38;2;234;218;181;48;2;217;188;145m▀[38;2;236;222;186;48;2;225;194;154m▀[38;2;228;214;176;48;2;237;179;140m▀[38;2;225;207;167;48;2;233;171;130m▀[38;2;229;215;178;48;2;225;154;112m▀[38;2;228;207;169;48;2;217;165;124m▀[38;2;226;198;159;48;2;213;169;127m▀[38;2;212;175;133;48;2;216;198;161m▌[38;2;236;222;189;48;2;233;218;184m▌[0m
[38;2;240;226;194;48;2;238;224;190m▛[38;2;246;229;196;48;2;195;195;161m▌[38;2;78;129;106;48;2;73;125;104m▖[38;2;75;127;105;48;2;72;125;105m▌[38;2;68;119;100;48;2;72;122;100m▘[38;2;66;122;100;48;2;113;126;99m▌[38;2;248;136;94;48;2;249;129;88m▘[38;2;250;132;88;48;2;248;126;82m▀[38;2;248;124;82;48;2;246;120;79m▌[38;2;247;112;74;48;2;228;132;92m▌[38;2;238;222;186;48;2;222;199;141m▘[38;2;230;205;144;48;2;240;225;192m▘[38;2;249;232;200;48;2;209;197;148m▀[38;2;244;211;143;48;2;182;173;119m▀[38;2;244;230;198;48;2;228;207;154m▝[38;2;241;226;191;48;2;233;218;180m▀[38;2;233;217;178;48;2;241;226;193m▝[38;2;244;229;198;48;2;238;223;189m▝[38;2;238;224;191;48;2;234;217;179m▖[38;2;235;219;181;48;2;239;223;189m▌[38;2;236;220;184;48;2;223;205;164m▘[38;2;236;221;185;48;2;246;232;201m▛[38;2;239;223;188;48;2;225;207;165m▀[38;2;238;220;181;48;2;200;194;155m▛[38;2;154;165;128;48;2;237;219;180m▖[38;2;226;203;149;48;2;230;213;175m▖[38;2;238;222;185;48;2;220;193;128m▛[38;2;218;191;126;48;2;234;215;172m▖[38;2;227;144;96;48;2;222;197;159m▝[38;2;228;152;107;48;2;231;220;184m▀[38;2;199;150;113;48;2;223;210;172m▀[38;2;141;131;100;48;2;213;191;150m▀[38;2;117;141;113;48;2;181;177;138m▀[38;2;209;180;138;48;2;141;147;113m▞[38;2;211;197;158;48;2;230;209;166m▞[38;2;223;202;162;48;2;209;190;150m▛[38;2;228;208;172;48;2;205;182;142m▀[38;2;227;208;169;48;2;215;196;153m▝[38;2;225;205;156;48;2;236;217;180m▖[38;2;234;216;180;48;2;231;205;160m▀[38;2;226;206;168;48;2;234;206;158m▀[38;2;234;212;174;48;2;205;194;151m▀[38;2;222;204;167;48;2;238;218;177m▘[38;2;231;213;176;48;2;222;202;152m▀[38;2;235;219;185;48;2;229;205;152m▀[38;2;221;191;153;48;2;233;211;168m▝[38;2;212;187;143;48;2;220;143;99m▌[38;2;238;109;66;48;2;222;111;72m▛[38;2;232;103;61;48;2;223;108;66m▀[38;2;212;99;57;48;2;230;101;59m▖[38;2;233;144;104;48;2;210;174;134m▌[38;2;207;169;128;48;2;211;174;134m▘[38;2;212;178;137;48;2;220;201;165m▌[38;2;235;221;188;48;2;233;218;184m▌[0m
[38;2;240;225;192;48;2;238;223;190m▌[38;2;244;228;195;48;2;201;196;161m▌[38;2;80;128;103;48;2;69;121;100m▌[38;2;72;123;102;48;2;69;118;97m▀[38;2;65;116;95;48;2;64;111;91m▀[38;2;62;117;94;48;2;109;117;90m▌[38;2;244;123;83;48;2;251;132;90m▛[38;2;249;131;88;48;2;248;128;84m▞[38;2;249;124;83;48;2;247;120;80m▛[38;2;250;116;78;48;2;230;128;87m▌[38;2;205;195;159;48;2;210;210;178m▌[38;2;223;215;181;48;2;151;161;124m▌[38;2;93;124;90;48;2;77;117;88m▘[38;2;80;118;89;48;2;167;170;135m▌[38;2;218;209;175;48;2;199;198;163m▛[38;2;210;200;163;48;2;220;195;152m▌[38;2;223;195;152;48;2;231;209;168m▌[38;2;240;225;192;48;2;228;206;152m▌[38;2;226;200;138;48;2;234;216;179m▛[38;2;221;204;163;48;2;239;223;189m▘[38;2;222;204;161;48;2;239;223;189m▀[38;2;238;222;186;48;2;240;224;190m▀[38;2;224;206;164;48;2;237;221;186m▀[38;2;195;191;155;48;2;243;227;193m▝[38;2;165;173;138;48;2;242;225;190m▘[38;2;227;207;157;48;2;242;227;195m▘[38;2;235;219;185;48;2;244;229;198m▀[38;2;228;211;171;48;2;242;226;194m▘[38;2;231;215;181;48;2;243;228;196m▀[38;2;237;221;187;48;2;242;227;195m▀[38;2;237;220;185;48;2;243;227;194m▀[38;2;231;216;182;48;2;241;227;194m▝[38;2;219;205;169;48;2;243;227;193m▘[38;2;171;173;136;48;2;244;227;191m▝[38;2;208;201;167;48;2;240;224;189m▘[38;2;188;181;142;48;2;232;219;185m▀[38;2;225;212;176;48;2;241;225;190m▘[38;2;157;157;116;48;2;216;204;166m▝[38;2;221;209;175;48;2;209;198;156m▖[38;2;210;183;134;48;2;228;210;173m▀[38;2;211;184;142;48;2;230;211;175m▀[38;2;206;194;158;48;2;106;132;102m▖[38;2;149;162;122;48;2;189;186;149m▘[38;2;112;142;114;48;2;84;126;97m▞[38;2;156;154;120;48;2;214;180;138m▖[38;2;207;175;133;48;2;203;174;116m▌[38;2;226;207;153;48;2;229;159;112m▌[38;2;220;110;69;48;2;238;114;72m▝[38;2;212;105;63;48;2;230;113;69m▝[38;2;208;100;60;48;2;229;106;65m▘[38;2;229;138;97;48;2;211;175;136m▌[38;2;206;168;128;48;2;226;182;143m▛[38;2;220;182;142;48;2;219;200;163m▌[38;2;234;220;186;48;2;232;217;183m▌[0m
[38;2;239;226;194;48;2;238;224;191m▖[38;2;244;228;196;48;2;195;190;155m▌[38;2;77;125;101;48;2;67;117;97m▌[38;2;69;116;94;48;2;67;118;96m▌[38;2;62;111;90;48;2;67;113;92m▌[38;2;61;112;90;48;2;103;114;88m▌[38;2;237;118;79;48;2;247;124;83m▌[38;2;249;133;91;48;2;246;128;84m▝[38;2;248;128;86;48;2;246;124;82m▀[38;2;248;114;75;48;2;231;128;86m▌[38;2;206;190;151;48;2;218;211;179m▘[38;2;219;209;173;48;2;246;231;199m▛[38;2;154;163;126;48;2;230;209;170m▀[38;2;199;190;151;48;2;246;231;199m▌[38;2;194;176;141;48;2;230;207;173m▝[38;2;232;204;168;48;2;244;232;201m▌[38;2;244;230;198;48;2;242;227;195m▀[38;2;239;225;193;48;2;242;227;195m▝[38;2;240;226;197;48;2;242;227;194m▘[38;2;243;227;195;48;2;241;226;194m▀[38;2;243;228;194;48;2;242;227;194m▘[38;2;243;228;194;48;2;241;226;193m▀[38;2;242;226;193;48;2;243;228;196m▖[38;2;242;227;195;48;2;243;228;195m▀[38;2;241;227;195;48;2;242;227;195m▘[38;2;242;227;194;48;2;242;227;195m▘[38;2;241;226;193;48;2;242;226;194m▝[38;2;242;228;196;48;2;241;226;193m▖[38;2;241;226;191;48;2;240;225;191m▘[38;2;241;226;192;48;2;240;225;191m▀[38;2;240;225;190;48;2;241;225;191m▌[38;2;241;226;193;48;2;240;225;191m▀[38;2;241;226;193;48;2;240;225;192m▖[38;2;241;225;192;48;2;240;225;191m▌[38;2;242;226;193;48;2;240;225;191m▝[38;2;244;228;194;48;2;239;224;190m▘[38;2;239;223;189;48;2;240;224;191m▞[38;2;245;228;195;48;2;239;224;190m▝[38;2;238;222;187;48;2;239;224;191m▀[38;2;241;226;192;48;2;238;222;189m▀[38;2;245;229;195;48;2;238;222;189m▝[38;2;173;177;143;48;2;244;226;192m▀[38;2;223;209;172;48;2;240;224;190m▀[38;2;168;171;135;48;2;228;208;168m▀[38;2;148;153;118;48;2;197;192;159m▀[38;2;143;150;116;48;2;211;201;167m▘[38;2;232;223;189;48;2;233;163;120m▌[38;2;238;111;68;48;2;241;121;81m▌[38;2;224;110;69;48;2;216;106;64m▘[38;2;235;112;70;48;2;237;109;66m▌[38;2;230;151;109;48;2;217;198;161m▌[38;2;213;176;136;48;2;225;210;175m▀[38;2;216;198;160;48;2;210;182;142m▞[38;2;235;221;188;48;2;231;216;181m▌[0m
[38;2;237;222;189;48;2;236;220;185m▛[38;2;242;228;195;48;2;202;192;156m▌[38;2;79;120;95;48;2;64;112;91m▌[38;2;69;116;93;48;2;67;112;88m▀[38;2;64;108;83;48;2;67;111;87m▖[38;2;61;111;87;48;2;108;120;93m▌[38;2;239;127;85;48;2;245;123;82m▖[38;2;246;124;83;48;2;248;126;85m▖[38;2;247;122;81;48;2;244;115;77m▌[38;2;247;112;75;48;2;234;132;91m▌[38;2;233;217;183;48;2;243;229;198m▌[38;2;243;228;196;48;2;240;226;193m▘[38;2;228;213;177;48;2;242;227;195m▀[38;2;231;216;181;48;2;242;227;194m▘[38;2;243;234;204;48;2;241;227;195m▝[38;2;243;231;200;48;2;241;227;194m▘[38;2;242;227;194;48;2;241;226;193m▀[38;2;241;226;193;48;2;240;225;192m▀[38;2;241;226;194;48;2;239;225;192m▀[38;2;241;226;194;48;2;239;225;191m▀[38;2;241;227;194;48;2;237;225;191m▀[38;2;241;226;194;48;2;237;224;191m▀[38;2;240;226;193;48;2;237;225;191m▀[38;2;241;226;193;48;2;235;224;191m▀[38;2;240;226;194;48;2;235;223;190m▀[38;2;240;226;193;48;2;235;223;191m▀[38;2;240;226;193;48;2;235;223;190m▀[38;2;240;225;192;48;2;235;223;190m▀[38;2;239;225;192;48;2;235;223;189m▀[38;2;240;225;192;48;2;237;223;190m▀[38;2;240;225;191;48;2;236;223;190m▀[38;2;239;225;191;48;2;236;223;189m▛[38;2;239;224;190;48;2;235;222;188m▀[38;2;240;224;191;48;2;235;222;188m▀[38;2;239;224;191;48;2;236;223;188m▀[38;2;239;224;192;48;2;236;223;190m▀[38;2;238;223;190;48;2;236;222;188m▀[38;2;238;224;190;48;2;236;223;189m▀[38;2;238;223;190;48;2;236;222;189m▀[38;2;238;223;189;48;2;236;221;188m▀[38;2;237;222;188;48;2;235;221;187m▀[38;2;236;221;187;48;2;235;220;186m▌[38;2;236;221;186;48;2;235;219;185m▀[38;2;231;216;181;48;2;234;220;185m▝[38;2;215;203;168;48;2;235;220;185m▘[38;2;224;211;175;48;2;233;218;183m▘[38;2;233;225;191;48;2;232;167;125m▌[38;2;238;112;70;48;2;236;119;78m▌[38;2;220;108;68;48;2;195;98;60m▀[38;2;233;116;75;48;2;238;114;71m▖[38;2;232;154;111;48;2;231;221;187m▌[38;2;230;214;179;48;2;233;218;184m▖[38;2;220;204;166;48;2;197;178;139m▌[38;2;235;221;188;48;2;231;216;182m▌[0m
[38;2;238;224;191;48;2;236;221;188m▌[38;2;241;225;192;48;2;202;193;157m▌[38;2;80;119;91;48;2;64;108;83m▘[38;2;61;104;81;48;2;65;109;85m▖[38;2;61;104;79;48;2;64;106;82m▌[38;2;60;106;84;48;2;95;115;89m▌[38;2;233;125;85;48;2;246;124;82m▌[38;2;245;128;86;48;2;246;127;84m▖[38;2;247;125;84;48;2;243;119;79m▀[38;2;244;109;71;48;2;229;125;85m▌[38;2;229;214;178;48;2;239;226;193m▌[38;2;235;222;188;48;2;238;224;191m▖[38;2;239;224;191;48;2;234;222;189m▀[38;2;238;224;190;48;2;232;222;189m▀[38;2;237;225;191;48;2;230;220;188m▀[38;2;236;223;190;48;2;231;222;189m▀[38;2;235;223;189;48;2;230;221;187m▀[38;2;234;222;188;48;2;229;220;187m▀[38;2;233;222;189;48;2;229;220;188m▀[38;2;232;222;188;48;2;227;220;187m▀[38;2;232;222;188;48;2;229;220;187m▀[38;2;231;222;189;48;2;229;220;187m▀[38;2;231;222;189;48;2;227;219;187m▀[38;2;230;221;188;48;2;225;219;186m▀[38;2;231;222;188;48;2;225;218;185m▀[38;2;229;221;188;48;2;223;218;185m▀[38;2;228;220;187;48;2;222;217;184m▀[38;2;226;218;186;48;2;220;215;183m▀[38;2;227;219;186;48;2;222;217;184m▀[38;2;227;219;186;48;2;223;217;185m▀[38;2;228;219;187;48;2;224;217;185m▀[38;2;228;219;186;48;2;223;216;184m▀[38;2;227;218;184;48;2;222;216;183m▀[38;2;227;218;185;48;2;222;215;183m▀[38;2;228;219;185;48;2;221;214;182m▀[38;2;228;218;184;48;2;221;215;182m▀[38;2;228;218;184;48;2;220;214;181m▀[38;2;230;219;184;48;2;223;216;183m▀[38;2;230;219;185;48;2;222;215;181m▀[38;2;229;218;184;48;2;220;214;181m▀[38;2;230;218;184;48;2;219;213;180m▀[38;2;230;217;183;48;2;221;214;180m▀[38;2;230;217;183;48;2;222;213;178m▀[38;2;229;216;181;48;2;219;211;177m▀[38;2;228;215;180;48;2;221;212;178m▀[38;2;230;215;181;48;2;223;213;179m▀[38;2;224;219;185;48;2;227;164;121m▌[38;2;239;115;74;48;2;231;114;74m▀[38;2;210;101;62;48;2;230;115;74m▀[38;2;234;118;75;48;2;234;111;68m▌[38;2;226;149;108;48;2;224;217;184m▌[38;2;231;217;183;48;2;224;211;176m▝[38;2;213;199;162;48;2;187;170;132m▌[38;2;234;220;187;48;2;230;215;181m▌[0m
[38;2;236;221;189;48;2;231;216;180m▀[38;2;238;222;188;48;2;205;196;162m▌[38;2;75;116;90;48;2;62;108;87m▌[38;2;60;104;82;48;2;65;110;88m▀[38;2;62;103;80;48;2;63;107;85m▀[38;2;59;104;81;48;2;93;110;85m▌[38;2;230;121;80;48;2;242;120;78m▌[38;2;244;129;87;48;2;242;124;82m▘[38;2;240;119;78;48;2;239;114;75m▌[38;2;241;108;71;48;2;221;122;82m▌[38;2;230;217;183;48;2;207;195;160m▀[38;2;232;221;188;48;2;212;202;166m▀[38;2;231;221;188;48;2;213;202;166m▀[38;2;230;221;188;48;2;213;203;167m▀[38;2;227;220;187;48;2;211;201;167m▀[38;2;227;220;188;48;2;210;202;167m▀[38;2;227;219;187;48;2;212;205;169m▀[38;2;224;218;185;48;2;208;200;166m▀[38;2;225;219;187;48;2;209;201;165m▀[38;2;224;218;186;48;2;210;203;169m▀[38;2;227;220;188;48;2;212;204;170m▀[38;2;227;219;187;48;2;211;202;167m▀[38;2;227;219;185;48;2;207;200;166m▀[38;2;224;218;185;48;2;206;200;167m▀[38;2;223;218;186;48;2;207;200;167m▀[38;2;223;217;186;48;2;208;200;167m▀[38;2;222;217;185;48;2;208;200;165m▀[38;2;220;216;184;48;2;205;198;164m▀[38;2;221;216;185;48;2;204;198;164m▀[38;2;221;217;185;48;2;204;198;166m▀[38;2;223;218;185;48;2;204;197;164m▀[38;2;227;219;187;48;2;208;199;164m▀[38;2;224;218;185;48;2;209;201;165m▀[38;2;220;215;184;48;2;206;199;165m▀[38;2;218;214;183;48;2;208;200;167m▀[38;2;218;214;183;48;2;208;201;167m▀[38;2;217;213;182;48;2;207;201;166m▀[38;2;220;215;183;48;2;206;199;164m▀[38;2;218;213;183;48;2;205;198;164m▀[38;2;215;212;180;48;2;201;195;161m▀[38;2;216;212;181;48;2;201;195;161m▀[38;2;218;213;180;48;2;200;193;158m▀[38;2;220;212;179;48;2;202;195;161m▀[38;2;218;212;179;48;2;205;199;164m▀[38;2;217;212;179;48;2;205;197;163m▀[38;2;218;211;177;48;2;206;196;159m▀[38;2;215;206;172;48;2;205;196;160m▀[38;2;217;199;165;48;2;205;198;163m▀[38;2;219;199;165;48;2;202;195;161m▀[38;2;217;198;163;48;2;203;197;162m▀[38;2;216;205;171;48;2;201;192;157m▀[38;2;215;208;175;48;2;198;190;155m▀[38;2;205;197;161;48;2;188;175;138m▘[38;2;232;217;184;48;2;229;213;179m▌[0m
[38;2;214;198;160;48;2;206;188;147m▛[38;2;230;213;177;48;2;212;200;165m▌[38;2;83;120;94;48;2;62;109;87m▌[38;2;62;105;85;48;2;67;112;90m▌[38;2;63;104;79;48;2;63;106;82m▖[38;2;55;100;78;48;2;88;109;84m▌[38;2;222;113;74;48;2;240;118;76m▌[38;2;239;121;79;48;2;238;118;77m▌[38;2;236;113;73;48;2;233;108;70m▌[38;2;238;104;68;48;2;211;110;72m▌[38;2;196;185;149;48;2;221;210;176m▌[38;2;216;206;173;48;2;219;208;174m▀[38;2;216;206;173;48;2;218;207;174m▝▀[38;2;218;207;173;48;2;219;208;174m▌[38;2;219;209;175;48;2;220;209;177m▝[38;2;218;208;174;48;2;220;210;176m▀[38;2;217;207;172;48;2;218;208;174m▀[38;2;217;207;172;48;2;219;208;176m▘[38;2;219;209;176;48;2;218;208;175m▌[38;2;216;206;173;48;2;219;208;175m▌[38;2;218;209;177;48;2;219;208;175m▝[38;2;217;207;173;48;2;218;208;173m▌[38;2;218;209;176;48;2;217;207;175m▛[38;2;219;208;175;48;2;219;209;177m▖[38;2;218;208;175;48;2;217;207;174m▛[38;2;218;207;174;48;2;218;208;175m▝[38;2;218;208;175;48;2;217;206;173m▌[38;2;220;209;175;48;2;217;207;174m▀[38;2;219;208;176;48;2;217;207;175m▀[38;2;221;209;176;48;2;218;208;175m▀[38;2;218;208;174;48;2;217;205;171m▌[38;2;219;208;175;48;2;216;206;173m▛[38;2;214;204;171;48;2;216;206;172m▖[38;2;219;208;175;48;2;218;207;172m▖[38;2;219;208;174;48;2;217;207;173m▘[38;2;215;204;170;48;2;212;203;170m▀[38;2;210;201;167;48;2;213;203;168m▖[38;2;217;206;172;48;2;214;204;170m▀[38;2;214;204;170;48;2;215;205;171m▖[38;2;215;204;170;48;2;213;203;171m▀[38;2;211;201;167;48;2;212;202;168m▘[38;2;211;200;167;48;2;212;201;168m▀[38;2;212;201;167;48;2;211;200;166m▀[38;2;209;198;165;48;2;210;199;165m▀[38;2;211;199;164;48;2;210;197;163m▌[38;2;211;198;163;48;2;211;198;164m▌[38;2;207;196;161;48;2;209;197;162m▝[38;2;206;195;160;48;2;208;196;162m▛[38;2;204;194;160;48;2;206;195;161m▝[38;2;207;195;162;48;2;204;193;159m▖[38;2;203;192;158;48;2;207;196;163m▌[38;2;197;185;150;48;2;184;169;130m▌[38;2;230;215;181;48;2;226;211;176m▌[0m
[38;2;204;187;148;48;2;219;203;168m▀[38;2;230;214;179;48;2;221;205;168m▖[38;2;91;122;94;48;2;56;103;81m▌[38;2;59;102;81;48;2;64;108;88m▌[38;2;62;104;81;48;2;60;100;78m▀[38;2;58;98;76;48;2;73;101;79m▌[38;2;207;112;73;48;2;242;118;75m▌[38;2;237;117;77;48;2;236;115;73m▘[38;2;234;111;71;48;2;237;114;73m▀[38;2;238;108;70;48;2;209;98;61m▌[38;2;195;176;140;48;2;225;213;180m▌[38;2;220;208;174;48;2;221;207;174m▀[38;2;221;209;177;48;2;223;210;176m▀[38;2;222;210;177;48;2;219;207;174m▖[38;2;218;206;172;48;2;220;208;175m▘[38;2;219;209;176;48;2;218;207;175m▛[38;2;219;209;176;48;2;218;207;173m▘[38;2;218;207;173;48;2;217;206;173m▀[38;2;219;208;175;48;2;219;208;176m▘[38;2;218;208;176;48;2;216;206;174m▘[38;2;219;208;176;48;2;217;207;175m▝[38;2;218;208;176;48;2;217;206;174m▘[38;2;218;208;174;48;2;218;208;176m▝[38;2;216;207;174;48;2;216;206;175m▀[38;2;217;208;175;48;2;215;206;174m▀[38;2;217;207;174;48;2;213;204;172m▀[38;2;217;207;174;48;2;216;206;173m▀[38;2;217;207;175;48;2;215;205;172m▌[38;2;215;205;172;48;2;217;206;174m▖[38;2;215;207;175;48;2;215;205;172m▀[38;2;215;206;174;48;2;214;205;172m▀[38;2;216;206;173;48;2;215;205;171m▘[38;2;219;208;175;48;2;214;204;171m▘[38;2;216;205;173;48;2;213;203;171m▝[38;2;216;205;173;48;2;213;203;170m▀[38;2;217;206;173;48;2;213;202;169m▘[38;2;212;203;169;48;2;211;201;168m▘[38;2;213;203;170;48;2;211;201;168m▝[38;2;214;203;169;48;2;210;200;167m▀[38;2;214;203;171;48;2;211;200;167m▀[38;2;214;204;171;48;2;210;201;167m▘[38;2;213;203;169;48;2;210;199;165m▀[38;2;211;201;166;48;2;210;199;165m▀[38;2;212;201;168;48;2;211;200;166m▌[38;2;210;198;164;48;2;211;198;164m▖[38;2;213;200;165;48;2;212;198;163m▀[38;2;212;199;164;48;2;213;199;165m▞[38;2;209;196;162;48;2;210;197;163m▝▝▘[38;2;208;196;162;48;2;210;197;162m▝[38;2;209;196;161;48;2;214;200;166m▌[38;2;206;191;155;48;2;183;166;128m▌[38;2;225;210;176;48;2;223;207;173m▌[0m
[38;2;236;223;194;48;2;231;214;180m▌[38;2;234;218;186;48;2;220;202;166m▌[38;2;86;115;88;48;2;52;99;80m▌[38;2;56;98;78;48;2;61;106;86m▌[38;2;57;99;78;48;2;61;103;84m▀[38;2;58;98;79;48;2;70;99;80m▌[38;2;205;112;76;48;2;242;119;76m▌[38;2;236;118;76;48;2;239;121;79m▌[38;2;237;116;77;48;2;232;108;70m▌[38;2;235;108;71;48;2;210;95;61m▌[38;2;194;167;132;48;2;224;213;181m▌[38;2;214;202;170;48;2;208;198;166m▛[38;2;211;201;167;48;2;208;197;163m▀[38;2;211;200;164;48;2;212;201;168m▖[38;2;217;206;174;48;2;213;202;168m▝[38;2;220;207;175;48;2;216;205;172m▌[38;2;216;205;172;48;2;218;206;173m▀[38;2;215;203;169;48;2;216;205;171m▌[38;2;217;205;173;48;2;214;202;169m▛[38;2;212;201;168;48;2;215;204;171m▖[38;2;215;204;172;48;2;214;202;167m▛[38;2;217;205;171;48;2;212;202;167m▖[38;2;216;206;174;48;2;213;202;169m▝[38;2;212;202;170;48;2;211;200;165m▀[38;2;214;204;171;48;2;211;199;164m▀[38;2;211;200;166;48;2;213;202;170m▖[38;2;215;205;172;48;2;213;202;168m▘[38;2;212;203;171;48;2;212;201;168m▝[38;2;214;204;172;48;2;211;200;167m▘[38;2;214;204;171;48;2;211;201;169m▝[38;2;209;199;166;48;2;214;203;171m▛[38;2;213;203;171;48;2;212;202;170m▞[38;2;214;203;172;48;2;210;200;167m▌[38;2;212;202;170;48;2;208;199;166m▀[38;2;207;198;164;48;2;210;200;167m▝[38;2;208;197;163;48;2;209;199;165m▌[38;2;209;199;166;48;2;206;197;163m▘[38;2;209;200;168;48;2;210;200;167m▘[38;2;207;198;165;48;2;210;200;167m▀[38;2;207;196;163;48;2;208;198;164m▖[38;2;208;196;162;48;2;203;193;159m▖[38;2;210;200;166;48;2;206;195;161m▘[38;2;206;195;161;48;2;209;197;163m▘[38;2;209;197;164;48;2;204;193;159m▘[38;2;206;194;159;48;2;206;194;161m▝[38;2;203;191;156;48;2;206;193;159m▌[38;2;209;196;161;48;2;205;192;158m▛[38;2;205;192;157;48;2;199;186;150m▌[38;2;198;186;152;48;2;203;191;156m▖[38;2;209;195;161;48;2;205;192;157m▝[38;2;207;194;160;48;2;204;191;157m▀[38;2;203;190;155;48;2;211;196;161m▖[38;2;201;186;149;48;2;181;163;124m▌[38;2;220;202;166;48;2;216;198;160m▀[0m
[38;2;233;221;192;48;2;228;212;177m▌[38;2;218;203;168;48;2;229;214;180m▝[38;2;94;120;91;48;2;217;203;169m▀[38;2;51;96;76;48;2;146;153;122m▀[38;2;53;97;78;48;2;145;152;121m▀[38;2;53;93;76;48;2;145;152;122m▀[38;2;213;101;63;48;2;203;145;114m▀[38;2;232;108;69;48;2;214;144;113m▀[38;2;229;103;66;48;2;220;141;109m▀[38;2;221;96;62;48;2;213;143;111m▀[38;2;193;168;131;48;2;215;203;167m▌[38;2;210;198;165;48;2;210;193;157m▀[38;2;211;198;162;48;2;205;190;154m▛[38;2;211;198;162;48;2;206;191;154m▀[38;2;215;202;168;48;2;208;192;155m▀[38;2;215;203;169;48;2;207;192;155m▀[38;2;215;204;170;48;2;207;191;154m▀[38;2;217;204;170;48;2;208;192;155m▀[38;2;214;201;168;48;2;207;192;154m▀[38;2;213;201;168;48;2;205;190;153m▀[38;2;213;200;166;48;2;201;185;148m▀[38;2;211;199;164;48;2;201;185;149m▀[38;2;213;202;168;48;2;203;187;150m▀[38;2;207;196;162;48;2;202;188;152m▀[38;2;210;199;165;48;2;204;189;152m▀[38;2;209;198;165;48;2;199;184;147m▀[38;2;210;199;164;48;2;201;185;149m▀[38;2;207;195;160;48;2;197;182;147m▀[38;2;204;193;158;48;2;195;181;147m▀[38;2;204;193;159;48;2;198;184;149m▀[38;2;206;195;161;48;2;199;184;149m▀[38;2;209;197;163;48;2;202;187;150m▀[38;2;211;199;165;48;2;205;189;153m▀[38;2;207;195;162;48;2;204;189;153m▀[38;2;208;197;162;48;2;204;189;152m▀[38;2;207;197;162;48;2;205;191;155m▀[38;2;205;194;160;48;2;203;189;153m▀[38;2;203;193;158;48;2;201;187;151m▀[38;2;204;193;159;48;2;201;187;151m▀[38;2;201;190;156;48;2;201;186;151m▀[38;2;202;190;154;48;2;198;183;146m▀[38;2;201;189;155;48;2;198;182;144m▀[38;2;202;190;156;48;2;195;179;142m▀[38;2;199;188;154;48;2;195;180;143m▀[38;2;201;189;155;48;2;197;182;145m▀[38;2;199;186;151;48;2;197;181;145m▀[38;2;200;188;153;48;2;193;178;142m▀[38;2;198;187;153;48;2;192;177;143m▀[38;2;194;183;149;48;2;190;176;142m▀[38;2;196;184;149;48;2;190;176;140m▀[38;2;195;183;148;48;2;191;177;141m▀[38;2;196;182;146;48;2;192;176;139m▛[38;2;190;175;137;48;2;213;197;162m▀[38;2;219;202;167;48;2;216;199;164m▘[0m

 Utagawa Hiroshige: Kinryuzan Temple at Asakusa, 1856
