[38;2;239;215;184;48;2;233;207;174m▀[38;2;241;221;192;48;2;233;210;181m▀[38;2;240;217;186;48;2;233;212;182m▀[38;2;241;218;187;48;2;233;210;180m▀[38;2;242;219;187;48;2;234;210;178m▀[38;2;242;219;187;48;2;235;209;177m▀[38;2;242;218;185;48;2;235;209;177m▀[38;2;243;217;184;48;2;237;210;179m▀[38;2;242;213;179;48;2;236;209;177m▀[38;2;239;211;177;48;2;229;204;173m▛[38;2;241;212;178;48;2;237;210;177m▀[38;2;241;214;180;48;2;236;209;177m▀[38;2;240;214;180;48;2;236;209;177m▀[38;2;240;214;181;48;2;236;210;178m▀[38;2;240;214;180;48;2;236;210;178m▀[38;2;240;213;179;48;2;236;210;178m▀[38;2;241;213;180;48;2;237;211;180m▀[38;2;239;212;179;48;2;236;210;179m▀[38;2;239;213;179;48;2;235;209;178m▀[38;2;240;214;180;48;2;235;210;179m▀[38;2;239;213;180;48;2;234;208;177m▀[38;2;238;212;179;48;2;234;209;178m▀[38;2;240;213;182;48;2;234;210;179m▀[38;2;239;214;183;48;2;235;210;179m▀[38;2;238;214;183;48;2;234;209;179m▀[38;2;239;214;182;48;2;232;208;178m▀[38;2;240;215;184;48;2;235;210;179m▀[38;2;238;212;180;48;2;236;211;180m▀[38;2;239;214;182;48;2;235;211;179m▀[38;2;239;214;182;48;2;236;211;180m▀[38;2;238;213;181;48;2;237;211;180m▘[38;2;237;212;180;48;2;234;210;179m▀[38;2;238;212;180;48;2;234;209;179m▀[38;2;237;212;180;48;2;233;208;177m▀[38;2;237;213;182;48;2;232;208;178m▀[38;2;237;212;180;48;2;234;209;178m▀[38;2;237;211;179;48;2;234;210;179m▀[38;2;236;210;176;48;2;235;211;180m▀[38;2;236;209;175;48;2;234;209;178m▀[38;2;236;207;173;48;2;233;208;176m▀[38;2;236;207;172;48;2;235;210;178m▀[38;2;237;209;175;48;2;236;211;180m▀[38;2;236;208;173;48;2;235;210;178m▀[38;2;234;207;175;48;2;235;210;178m▛[38;2;235;208;175;48;2;233;208;177m▀[38;2;235;208;174;48;2;233;208;178m▀[38;2;234;207;175;48;2;186;167;142m▛[38;2;227;203;171;48;2;187;169;143m▀[38;2;233;209;176;48;2;198;178;151m▀[38;2;220;198;168;48;2;198;180;153m▀[38;2;224;201;170;48;2;202;183;157m▀[38;2;236;213;181;48;2;226;205;176m▀[38;2;237;213;181;48;2;228;206;175m▀[38;2;231;205;173;48;2;242;222;193m▌[0m
[38;2;233;207;175;48;2;228;205;173m▌[38;2;229;206;175;48;2;231;207;176m▌[38;2;236;212;181;48;2;230;209;179m▛[38;2;243;218;186;48;2;159;141;120m▀[38;2;242;219;187;48;2;149;131;113m▀[38;2;244;221;189;48;2;152;134;115m▀[38;2;243;220;189;48;2;153;134;115m▀[38;2;244;221;189;48;2;156;136;116m▀[38;2;241;218;187;48;2;155;134;115m▀[38;2;244;222;191;48;2;158;136;116m▀[38;2;244;221;189;48;2;161;138;118m▀[38;2;246;222;190;48;2;154;133;114m▀[38;2;245;222;190;48;2;156;134;114m▀[38;2;247;224;192;48;2;157;137;117m▀[38;2;251;225;193;48;2;135;128;118m▀[38;2;250;225;192;48;2;135;128;119m▀[38;2;249;224;192;48;2;134;127;117m▀[38;2;246;222;188;48;2;130;124;114m▀[38;2;246;222;189;48;2;128;122;113m▀[38;2;248;223;190;48;2;129;122;113m▀[38;2;247;223;190;48;2;129;122;113m▀[38;2;248;224;191;48;2;129;120;109m▀[38;2;249;224;191;48;2;135;127;117m▀[38;2;248;224;192;48;2;133;125;116m▀[38;2;250;225;192;48;2;134;125;115m▀[38;2;248;223;190;48;2;134;125;114m▀[38;2;244;220;188;48;2;159;147;131m▀[38;2;247;222;189;48;2;147;137;123m▀[38;2;242;218;186;48;2;183;168;145m▀[38;2;227;206;175;48;2;234;211;180m▖[38;2;234;212;181;48;2;204;185;158m▛[38;2;248;223;189;48;2;134;125;114m▀[38;2;250;225;192;48;2;135;126;115m▀[38;2;250;225;191;48;2;142;133;122m▀[38;2;248;223;189;48;2;140;132;121m▀[38;2;249;224;191;48;2;139;131;121m▀[38;2;247;223;190;48;2;138;129;118m▀[38;2;245;221;188;48;2;149;140;123m▀[38;2;243;219;187;48;2;164;152;130m▀[38;2;242;217;184;48;2;166;152;131m▀[38;2;232;208;178;48;2;221;200;167m▀[38;2;237;213;182;48;2;196;176;140m▀[38;2;238;214;183;48;2;182;164;128m▀[38;2;203;183;148;48;2;231;208;177m▖[38;2;243;218;185;48;2;156;143;126m▀[38;2;248;221;188;48;2;132;124;114m▀[38;2;225;202;171;48;2;131;123;113m▀[38;2;218;196;165;48;2;120;117;110m▀[38;2;227;204;173;48;2;125;122;114m▀[38;2;225;203;173;48;2;118;115;108m▀[38;2;223;202;172;48;2;124;116;107m▀[38;2;232;210;178;48;2;142;132;118m▀[38;2;225;203;172;48;2;229;207;175m▘[38;2;225;200;168;48;2;240;220;192m▌[0m
[38;2;233;208;178;48;2;235;211;179m▝[38;2;235;211;180;48;2;239;217;186m▛[38;2;157;137;116;48;2;102;84;73m▌[38;2;109;89;77;48;2;96;78;68m▖[38;2;87;69;60;48;2;101;81;69m▀[38;2;95;74;63;48;2;102;81;69m▛[38;2;97;74;62;48;2;106;82;69m▀[38;2;97;72;61;48;2;105;83;70m▀[38;2;94;69;58;48;2;101;78;67m▀[38;2;108;82;70;48;2;97;72;60m▖[38;2;97;70;58;48;2;100;77;65m▀[38;2;76;56;47;48;2;96;74;63m▝[38;2;92;67;56;48;2;95;74;64m▘[38;2;85;68;58;48;2;96;79;68m▝[38;2;57;64;72;48;2;81;88;90m▀[38;2;59;66;73;48;2;83;88;90m▀[38;2;63;70;77;48;2;83;87;89m▀[38;2;59;66;74;48;2;83;86;88m▀[38;2;60;67;74;48;2;86;86;87m▀[38;2;59;64;72;48;2;83;83;86m▀[38;2;87;89;92;48;2;62;65;70m▖[38;2;48;50;56;48;2;71;71;73m▀[38;2;56;58;65;48;2;114;112;108m▛[38;2;54;58;66;48;2;177;163;144m▀[38;2;113;105;98;48;2;51;51;56m▖[38;2;51;54;61;48;2;87;86;86m▘[38;2;175;161;140;48;2;100;99;96m▀[38;2;42;50;61;48;2;121;119;112m▝[38;2;105;104;102;48;2;75;78;82m▖[38;2;143;136;125;48;2;76;77;80m▀[38;2;140;132;121;48;2;78;79;82m▘[38;2;53;57;66;48;2;83;83;84m▀[38;2;43;44;51;48;2;67;70;74m▘[38;2;50;56;66;48;2;76;78;81m▀[38;2;51;56;65;48;2;76;78;81m▀[38;2;50;56;66;48;2;73;76;81m▀[38;2;51;57;67;48;2;82;84;86m▀[38;2;66;69;71;48;2;93;90;80m▘[38;2;89;87;80;48;2;95;93;84m▝[38;2;95;93;84;48;2;74;75;74m▌[38;2;178;164;143;48;2;89;96;94m▝[38;2;226;204;168;48;2;104;106;103m▀[38;2;200;179;145;48;2;135;132;120m▀[38;2;177;160;137;48;2;159;151;133m▘[38;2;63;64;69;48;2;112;114;106m▀[38;2;47;52;62;48;2;86;94;91m▀[38;2;45;52;61;48;2;99;101;94m▀[38;2;81;63;62;48;2;216;115;80m▀[38;2;84;63;64;48;2;183;96;69m▀[38;2;90;65;65;48;2;213;105;74m▀[38;2;53;53;62;48;2;85;76;76m▀[38;2;55;55;64;48;2;72;71;76m▀[38;2;107;105;98;48;2;211;190;160m▌[38;2;229;204;172;48;2;240;220;191m▌[0m
[38;2;239;215;183;48;2;236;210;180m▌[38;2;236;211;180;48;2;239;217;187m▌[38;2;158;132;112;48;2;103;80;68m▌[38;2;102;83;71;48;2;100;78;67m▛[38;2;96;75;65;48;2;98;76;65m▘[38;2;95;75;64;48;2;101;78;66m▀[38;2;100;78;66;48;2;105;81;68m▌[38;2;103;81;69;48;2;89;71;61m▛[38;2;97;77;65;48;2;87;72;62m▀[38;2;92;73;62;48;2;104;81;69m▞[38;2;90;72;62;48;2;136;106;89m▀[38;2;96;78;67;48;2;166;129;107m▀[38;2;105;88;78;48;2;180;141;117m▀[38;2;109;102;94;48;2;175;140;116m▀[38;2;112;107;100;48;2;164;132;109m▀[38;2;110;106;100;48;2;161;129;109m▀[38;2;110;104;99;48;2;157;129;110m▀[38;2;105;101;96;48;2;160;127;108m▀[38;2;104;100;96;48;2;150;123;106m▀[38;2;101;96;93;48;2;147;124;108m▀[38;2;146;121;106;48;2;93;87;83m▖[38;2;87;84;83;48;2;129;108;96m▀[38;2;82;74;71;48;2;134;122;113m▌[38;2;149;139;124;48;2;125;109;100m▘[38;2;92;87;84;48;2;138;118;106m▀[38;2;105;94;88;48;2;76;70;66m▞[38;2;198;183;159;48;2;138;122;110m▝[38;2;206;184;156;48;2;152;130;111m▀[38;2;162;141;122;48;2;106;95;87m▌[38;2;113;104;97;48;2;143;127;113m▛[38;2;99;94;91;48;2;145;130;115m▀[38;2;81;76;75;48;2;160;142;125m▀[38;2;85;81;80;48;2;145;128;113m▀[38;2;90;88;89;48;2;131;116;104m▀[38;2;85;85;85;48;2;125;111;99m▀[38;2;85;86;87;48;2;120;109;100m▀[38;2;119;110;99;48;2;92;90;85m▖[38;2;87;85;77;48;2;93;90;82m▀[38;2;91;90;81;48;2;88;86;78m▞[38;2;92;86;80;48;2;134;128;114m▌[38;2;112;128;122;48;2;159;168;141m▝[38;2;81;102;106;48;2;145;159;136m▀[38;2;141;155;134;48;2;83;103;103m▖[38;2;89;112;112;48;2;107;118;103m▀[38;2;111;139;131;48;2;132;144;121m▀[38;2;129;149;131;48;2;117;128;109m▝[38;2;140;162;141;48;2;158;165;143m▌[38;2;204;115;82;48;2;198;102;71m▌[38;2;173;89;65;48;2;189;95;67m▀[38;2;186;89;64;48;2;198;95;67m▘[38;2;91;82;80;48;2;129;112;98m▀[38;2;84;84;86;48;2;122;112;103m▀[38;2;133;127;114;48;2;209;187;157m▌[38;2;229;203;170;48;2;242;221;193m▌[0m
[38;2;239;215;183;48;2;234;208;177m▌[38;2;234;208;178;48;2;237;214;183m▌[38;2;152;127;107;48;2;102;76;65m▌[38;2;103;80;67;48;2;90;71;60m▛[38;2;100;76;64;48;2;84;67;57m▀[38;2;96;74;63;48;2;114;84;71m▛[38;2;91;72;61;48;2;154;105;86m▀[38;2;104;80;68;48;2;211;136;108m▀[38;2;153;110;90;48;2;234;148;116m▀[38;2;200;138;110;48;2;234;148;116m▀[38;2;218;148;117;48;2;229;144;112m▀[38;2;217;149;117;48;2;229;144;112m▀[38;2;212;148;118;48;2;231;145;114m▀[38;2;200;141;113;48;2;226;139;109m▀[38;2;189;136;110;48;2;226;139;109m▀[38;2;193;136;108;48;2;206;175;148m▌[38;2;221;197;167;48;2;192;166;138m▛[38;2;171;139;113;48;2;148;103;83m▛[38;2;189;139;114;48;2;158;110;88m▀[38;2;205;187;160;48;2;201;171;143m▀[38;2;208;185;155;48;2;110;95;82m▌[38;2;179;125;102;48;2;217;141;113m▛[38;2;115;88;74;48;2;203;137;113m▌[38;2;191;136;112;48;2;221;141;112m▀[38;2;185;133;110;48;2;220;140;112m▀[38;2;172;124;103;48;2;225;145;115m▀[38;2;168;115;94;48;2;117;90;76m▞[38;2;178;127;104;48;2;145;105;88m▀[38;2;121;93;78;48;2;179;123;100m▝[38;2;140;104;86;48;2;195;138;110m▘[38;2;208;189;162;48;2;186;163;134m▘[38;2;205;187;142;48;2;229;208;171m▌[38;2;199;172;146;48;2;194;134;106m▌[38;2;185;133;108;48;2;217;139;108m▀[38;2;178;130;105;48;2;211;135;106m▀[38;2;171;131;107;48;2;204;135;107m▀[38;2;148;116;95;48;2;85;82;75m▌[38;2;91;88;81;48;2;88;86;78m▞[38;2;94;91;83;48;2;83;80;73m▘[38;2;148;110;90;48;2;178;142;115m▌[38;2;150;164;139;48;2;128;146;130m▌[38;2;127;152;135;48;2;104;126;113m▀[38;2;150;166;139;48;2;133;151;128m▀[38;2;131;146;122;48;2;101;113;98m▀[38;2;131;156;135;48;2;99;133;125m▘[38;2;93;110;101;48;2;104;128;118m▖[38;2;132;149;132;48;2;92;120;118m▀[38;2;206;109;75;48;2;183;94;65m▌[38;2;192;97;67;48;2;186;96;67m▌[38;2;200;99;69;48;2;212;105;72m▌[38;2;169;132;105;48;2;201;140;106m▀[38;2;169;134;111;48;2;209;145;112m▀[38;2;174;138;114;48;2;213;193;163m▌[38;2;230;204;171;48;2;243;223;195m▌[0m
[38;2;242;218;187;48;2;237;211;179m▌[38;2;235;209;178;48;2;239;216;185m▌[38;2;149;129;109;48;2;93;70;59m▌[38;2;116;87;73;48;2;222;142;113m▀[38;2;161;108;89;48;2;242;150;119m▀[38;2;202;130;104;48;2;235;147;116m▘[38;2;240;152;121;48;2;235;146;115m▀[38;2;238;145;114;48;2;234;142;112m▘[38;2;231;140;109;48;2;235;143;112m▘[38;2;236;142;110;48;2;237;147;115m▌[38;2;236;146;114;48;2;238;146;115m▀[38;2;237;146;113;48;2;237;149;116m▖[38;2;238;150;118;48;2;213;142;112m▛[38;2;225;156;126;48;2;198;181;154m▀[38;2;227;149;118;48;2;148;124;103m▀[38;2;219;136;106;48;2;237;148;113m▖[38;2;231;148;115;48;2;243;155;120m▀[38;2;206;128;99;48;2;248;159;122m▀[38;2;245;151;116;48;2;184;121;95m▖[38;2;118;86;71;48;2;224;143;112m▖[38;2;220;146;116;48;2;125;96;81m▌[38;2;211;136;108;48;2;236;150;118m▘[38;2;132;93;76;48;2;211;137;110m▌[38;2;251;156;124;48;2;237;149;117m▖[38;2;233;147;116;48;2;242;150;117m▀[38;2;234;149;117;48;2;243;152;118m▀[38;2;231;151;119;48;2;243;153;119m▝[38;2;242;150;117;48;2;134;100;83m▖[38;2;245;155;121;48;2;169;117;93m▀[38;2;234;147;112;48;2;238;149;115m▀[38;2;209;148;119;48;2;223;139;107m▝[38;2;130;95;77;48;2;165;124;102m▖[38;2;229;140;108;48;2;235;147;114m▞[38;2;228;139;107;48;2;232;142;109m▝[38;2;226;139;108;48;2;229;143;110m▀[38;2;229;147;114;48;2;163;118;95m▛[38;2;125;104;88;48;2;90;89;82m▘[38;2;97;93;84;48;2;92;90;82m▖[38;2;100;89;78;48;2;213;137;106m▛[38;2;160;118;95;48;2;228;153;119m▀[38;2;179;187;146;48;2;128;149;125m▘[38;2;108;113;94;48;2;114;145;128m▀[38;2;156;169;137;48;2;112;135;119m▝[38;2;148;164;136;48;2;113;142;128m▀[38;2;119;144;129;48;2;102;129;119m▘[38;2;122;143;126;48;2;79;111;110m▀[38;2;83;111;109;48;2;108;126;116m▖[38;2;223;113;75;48;2;201;103;71m▝[38;2;172;88;61;48;2;186;91;62m▘[38;2;217;105;73;48;2;207;100;69m▘[38;2;207;132;99;48;2;228;149;112m▌[38;2;225;141;107;48;2;243;153;117m▛[38;2;194;143;116;48;2;208;189;160m▌[38;2;233;206;173;48;2;243;223;195m▌[0m
[38;2;242;218;186;48;2;236;210;179m▌[38;2;236;210;180;48;2;241;218;187m▌[38;2;150;129;109;48;2;103;78;66m▌[38;2;223;145;116;48;2;238;148;118m▌[38;2;233;144;115;48;2;237;149;118m▀[38;2;236;147;116;48;2;237;151;119m▛[38;2;237;146;114;48;2;237;149;116m▀[38;2;236;143;111;48;2;237;145;112m▌[38;2;238;145;113;48;2;239;149;116m▛[38;2;238;145;113;48;2;240;150;118m▘[38;2;238;149;117;48;2;240;148;116m▌[38;2;240;145;114;48;2;240;150;117m▖[38;2;240;150;118;48;2;243;153;119m▛[38;2;200;127;99;48;2;224;155;124m▝[38;2;223;182;151;48;2;188;127;101m▖[38;2;151;104;83;48;2;212;136;106m▌[38;2;198;131;103;48;2;217;141;111m▝[38;2;191;126;99;48;2;212;137;107m▝[38;2;185;121;96;48;2;228;143;112m▛[38;2;156;109;88;48;2;242;153;120m▀[38;2;197;133;107;48;2;121;92;77m▌[38;2;191;129;104;48;2;215;140;112m▌[38;2;162;111;90;48;2;130;100;84m▞[38;2;195;135;109;48;2;137;105;86m▛[38;2;216;141;112;48;2;169;120;98m▀[38;2;210;138;109;48;2;182;125;101m▀[38;2;181;121;97;48;2;192;131;106m▛[38;2;208;138;109;48;2;190;128;103m▀[38;2;107;91;77;48;2;200;134;107m▀[38;2;232;149;116;48;2;153;112;91m▝[38;2;233;147;113;48;2;164;117;94m▀[38;2;114;89;74;48;2;221;140;110m▌[38;2;178;119;95;48;2;225;142;112m▝[38;2;202;156;129;48;2;214;143;113m▘[38;2;232;145;111;48;2;203;127;99m▛[38;2;214;142;110;48;2;105;91;80m▌[38;2;84;82;74;48;2;89;87;80m▖[38;2;90;87;79;48;2;121;94;77m▛[38;2;243;155;120;48;2;206;134;105m▝[38;2;223;144;112;48;2;233;149;117m▀[38;2;210;153;118;48;2;235;148;113m▀[38;2;210;153;119;48;2;235;148;114m▀[38;2;191;139;111;48;2;238;150;115m▀[38;2;183;131;107;48;2;239;150;113m▀[38;2;187;135;108;48;2;229;145;110m▀[38;2;118;88;73;48;2;190;131;104m▌[38;2;114;87;71;48;2;199;137;105m▌[38;2;198;95;65;48;2;205;102;69m▞[38;2;180;88;61;48;2;173;86;61m▘[38;2;203;95;67;48;2;207;100;69m▀[38;2;237;151;111;48;2;208;131;98m▝[38;2;209;132;100;48;2;153;106;83m▀[38;2;163;120;97;48;2;210;190;160m▌[38;2;233;206;174;48;2;244;224;197m▌[0m
[38;2;241;218;187;48;2;236;209;178m▌[38;2;235;209;179;48;2;242;218;186m▌[38;2;146;127;108;48;2;103;78;65m▌[38;2;225;148;117;48;2;241;151;119m▌[38;2;238;153;120;48;2;238;149;116m▌[38;2;236;148;114;48;2;237;150;117m▀[38;2;238;149;115;48;2;239;152;118m▀[38;2;237;143;111;48;2;238;146;113m▘[38;2;237;146;115;48;2;238;149;117m▀[38;2;238;147;115;48;2;239;152;119m▛[38;2;239;147;116;48;2;239;150;118m▝[38;2;238;144;113;48;2;239;150;118m▘[38;2;242;152;118;48;2;240;152;118m▝[38;2;214;175;146;48;2;234;148;115m▝[38;2;166;129;105;48;2;229;158;126m▝[38;2;216;142;111;48;2;241;152;118m▘[38;2;243;155;121;48;2;236;152;119m▀[38;2;242;153;119;48;2;237;152;118m▀[38;2;241;150;116;48;2;236;150;118m▘[38;2;234;147;116;48;2;236;151;120m▘[38;2;237;152;121;48;2;132;95;79m▌[38;2;206;136;110;48;2;239;150;119m▌[38;2;243;220;189;48;2;205;156;128m▝[38;2;179;159;134;48;2;224;178;149m▝[38;2;200;151;123;48;2;234;150;118m▘[38;2;248;155;120;48;2;238;151;118m▀[38;2;249;159;123;48;2;238;152;117m▀[38;2;247;154;121;48;2;236;148;117m▀[38;2;247;156;121;48;2;238;147;114m▀[38;2;234;146;113;48;2;244;153;119m▞[38;2;203;134;105;48;2;131;102;85m▌[38;2;141;103;85;48;2;222;140;110m▀[38;2;183;122;98;48;2;148;107;88m▞[38;2;230;144;113;48;2;125;97;81m▀[38;2;232;146;112;48;2;141;106;87m▀[38;2;97;81;69;48;2;80;78;72m▘[38;2;89;86;78;48;2;84;82;76m▞[38;2;100;89;77;48;2;209;138;108m▌[38;2;231;150;117;48;2;237;153;118m▝[38;2;235;153;119;48;2;234;150;117m▞[38;2;234;153;118;48;2;235;156;121m▛[38;2;231;151;116;48;2;235;152;117m▀[38;2;232;153;118;48;2;234;154;118m▀[38;2;229;148;113;48;2;233;153;117m▝[38;2;242;155;117;48;2;175;119;93m▌[38;2;140;98;79;48;2;187;124;96m▘[38;2;142;103;80;48;2;227;151;114m▌[38;2;188;88;62;48;2;196;91;64m▞[38;2;151;76;55;48;2;170;80;58m▘[38;2;204;96;66;48;2;194;88;63m▀[38;2;175;124;97;48;2;223;203;172m▛[38;2;236;209;175;48;2;208;185;146m▞[38;2;187;166;132;48;2;218;194;163m▌[38;2;230;204;172;48;2;243;223;195m▌[0m
[38;2;241;218;187;48;2;235;210;179m▌[38;2;235;209;179;48;2;243;217;185m▌[38;2;144;128;109;48;2;97;76;65m▌[38;2;223;147;116;48;2;243;159;121m▌[38;2;240;157;122;48;2;239;152;118m▌[38;2;238;151;119;48;2;238;150;116m▝[38;2;237;149;117;48;2;238;152;119m▌[38;2;237;148;116;48;2;237;147;116m▌[38;2;238;151;120;48;2;238;147;117m▌[38;2;238;147;117;48;2;239;151;120m▌[38;2;238;150;119;48;2;239;154;122m▛[38;2;239;153;121;48;2;240;157;125m▌[38;2;239;153;120;48;2;240;156;123m▛[38;2;240;154;121;48;2;241;155;121m▌[38;2;239;153;120;48;2;240;155;121m▝[38;2;238;152;119;48;2;238;156;120m▀[38;2;238;153;120;48;2;238;155;122m▝[38;2;236;151;119;48;2;238;154;122m▝[38;2;238;153;121;48;2;237;151;119m▝[38;2;236;152;122;48;2;237;154;123m▝[38;2;232;150;120;48;2;137;99;82m▌[38;2;186;125;101;48;2;232;148;118m▌[38;2;166;109;89;48;2;233;148;119m▝[38;2;163;112;91;48;2;245;151;121m▌[38;2;239;151;118;48;2;239;151;121m▝[38;2;239;152;118;48;2;240;153;120m▘[38;2;241;154;121;48;2;240;158;124m▛[38;2;238;152;119;48;2;221;151;119m▛[38;2;228;181;148;48;2;205;157;127m▝[38;2;229;168;135;48;2;178;134;109m▀[38;2;114;91;77;48;2;171;121;98m▞[38;2;219;135;107;48;2;240;151;120m▘[38;2;247;156;122;48;2;235;151;119m▘[38;2;227;146;115;48;2;240;153;122m▀[38;2;142;105;86;48;2;72;73;67m▌[38;2;86;85;78;48;2;95;91;83m▀[38;2;84;82;75;48;2;153;112;92m▛[38;2;198;133;104;48;2;244;158;124m▘[38;2;237;156;121;48;2;235;154;120m▝[38;2;238;159;125;48;2;236;155;120m▖[38;2;237;159;125;48;2;235;156;121m▖[38;2;235;156;121;48;2;236;154;118m▌[38;2;235;154;118;48;2;235;153;117m▛[38;2;234;154;117;48;2;234;157;120m▛[38;2;228;149;113;48;2;135;97;78m▌[38;2;232;148;113;48;2;167;112;88m▖[38;2;253;168;124;48;2;169;117;91m▝[38;2;216;139;103;48;2;156;109;85m▘[38;2;141;94;73;48;2;189;126;97m▘[38;2;190;129;100;48;2;216;137;103m▖[38;2;218;144;109;48;2;182;119;90m▛[38;2;210;158;125;48;2;188;125;96m▘[38;2;172;134;109;48;2;225;201;169m▌[38;2;230;203;170;48;2;242;222;193m▌[0m
[38;2;239;217;186;48;2;231;205;173m▌[38;2;232;206;176;48;2;241;216;184m▌[38;2;141;125;105;48;2;89;71;60m▌[38;2;219;150;118;48;2;244;162;125m▌[38;2;239;158;124;48;2;239;156;122m▘[38;2;238;154;121;48;2;239;159;125m▛[38;2;239;155;124;48;2;240;158;126m▀[38;2;238;154;122;48;2;238;150;119m▖[38;2;238;148;118;48;2;238;151;120m▝[38;2;238;150;119;48;2;238;153;123m▘[38;2;241;158;125;48;2;239;155;123m▝[38;2;240;155;122;48;2;241;159;126m▌[38;2;241;160;126;48;2;240;157;123m▌[38;2;241;160;125;48;2;240;156;121m▛[38;2;240;155;120;48;2;239;155;120m▛[38;2;239;153;118;48;2;239;156;121m▝[38;2;239;154;121;48;2;240;157;125m▛[38;2;239;156;123;48;2;237;155;121m▀[38;2;238;153;120;48;2;239;156;123m▖[38;2;239;154;123;48;2;237;154;124m▌[38;2;248;159;128;48;2;155;111;92m▌[38;2;143;113;95;48;2;199;158;131m▌[38;2;191;140;115;48;2;225;143;115m▌[38;2;228;146;119;48;2;158;112;92m▝[38;2;246;159;126;48;2;239;155;122m▌[38;2;239;154;120;48;2;241;155;122m▌[38;2;241;157;124;48;2;242;154;122m▀[38;2;240;153;121;48;2;241;156;122m▛[38;2;225;143;111;48;2;241;155;121m▝[38;2;240;152;117;48;2;175;122;99m▌[38;2;124;98;82;48;2;233;146;115m▌[38;2;236;148;117;48;2;214;140;112m▛[38;2;236;146;116;48;2;212;160;132m▀[38;2;227;146;116;48;2;121;100;86m▛[38;2;93;80;70;48;2;88;87;78m▘[38;2;94;91;82;48;2;79;77;69m▀[38;2;103;93;81;48;2;206;139;112m▘[38;2;220;149;119;48;2;235;150;117m▘[38;2;238;153;120;48;2;230;157;123m▛[38;2;233;156;123;48;2;233;182;149m▛[38;2;213;161;129;48;2;235;157;121m▖[38;2;236;155;120;48;2;233;153;118m▛[38;2;234;152;117;48;2;237;153;118m▞[38;2;242;156;119;48;2;232;151;116m▞[38;2;226;149;113;48;2;139;100;80m▘[38;2;201;135;105;48;2;131;96;78m▌[38;2;137;98;79;48;2;220;141;108m▀[38;2;202;130;99;48;2;231;145;110m▘[38;2;222;144;110;48;2;234;147;111m▝[38;2;228;144;110;48;2;230;142;107m▘[38;2;196;128;97;48;2;230;142;105m▝[38;2;190;118;89;48;2;216;140;107m▘[38;2;170;135;111;48;2;214;193;162m▌[38;2;232;206;172;48;2;242;222;193m▌[0m
[38;2;239;217;187;48;2;229;203;171m▌[38;2;232;206;175;48;2;242;219;187m▌[38;2;135;120;102;48;2;89;72;60m▌[38;2;219;155;120;48;2;242;162;124m▌[38;2;237;154;119;48;2;238;157;122m▘[38;2;239;159;124;48;2;238;156;121m▘[38;2;238;154;121;48;2;237;152;118m▞[38;2;238;156;123;48;2;238;152;119m▘[38;2;239;152;119;48;2;237;148;115m▛[38;2;239;152;120;48;2;238;150;118m▀[38;2;239;154;121;48;2;237;150;117m▀[38;2;241;156;122;48;2;238;150;117m▀[38;2;241;156;123;48;2;240;155;121m▘[38;2;240;156;121;48;2;238;152;119m▀[38;2;238;151;117;48;2;239;153;119m▘[38;2;240;155;122;48;2;239;152;119m▀[38;2;237;151;118;48;2;239;154;121m▌[38;2;237;150;117;48;2;238;155;121m▀[38;2;237;151;118;48;2;237;154;121m▘[38;2;238;152;121;48;2;237;154;122m▖[38;2;246;157;126;48;2;183;125;102m▌[38;2;139;103;86;48;2;245;155;125m▌[38;2;250;161;130;48;2;238;150;121m▝[38;2;208;137;111;48;2;119;93;79m▌[38;2;217;142;113;48;2;241;152;121m▖[38;2;239;151;120;48;2;236;147;115m▀[38;2;240;151;119;48;2;238;146;114m▀[38;2;241;156;124;48;2;239;151;119m▖[38;2;237;149;117;48;2;244;154;121m▘[38;2;229;149;117;48;2;124;99;83m▘[38;2;191;128;103;48;2;224;143;114m▘[38;2;203;136;109;48;2;217;140;112m▖[38;2;202;138;112;48;2;111;94;82m▛[38;2;90;90;81;48;2;102;93;81m▞[38;2;99;95;84;48;2;94;92;81m▘[38;2;112;94;81;48;2;240;152;120m▛[38;2;223;151;120;48;2;211;192;163m▛[38;2;237;219;186;48;2;209;169;136m▖[38;2;194;160;126;48;2;154;131;106m▛[38;2;178;164;132;48;2;150;106;84m▀[38;2;189;166;137;48;2;208;139;109m▘[38;2;236;156;120;48;2;183;126;100m▛[38;2;215;142;110;48;2;147;105;85m▀[38;2;167;115;91;48;2;233;150;118m▛[38;2;116;86;71;48;2;189;129;101m▌[38;2;249;158;121;48;2;127;91;73m▌[38;2;183;122;95;48;2;239;152;115m▌[38;2;230;145;110;48;2;232;148;113m▛[38;2;230;145;110;48;2;229;144;109m▌[38;2;230;144;109;48;2;230;142;106m▌[38;2;227;139;102;48;2;228;142;105m▖[38;2;224;138;103;48;2;234;143;106m▌[38;2;181;130;103;48;2;214;194;164m▌[38;2;232;204;171;48;2;240;219;191m▌[0m
[38;2;242;222;194;48;2;231;209;180m▌[38;2;231;208;179;48;2;240;217;186m▌[38;2;149;132;113;48;2;84;64;53m▌[38;2;212;155;119;48;2;242;169;130m▌[38;2;237;160;123;48;2;238;167;130m▘[38;2;236;160;125;48;2;199;141;111m▛[38;2;228;155;123;48;2;240;160;126m▌[38;2;237;156;122;48;2;238;161;128m▀[38;2;237;150;117;48;2;238;158;127m▀[38;2;240;159;128;48;2;238;153;121m▖[38;2;238;153;120;48;2;239;156;126m▀[38;2;238;150;116;48;2;239;158;125m▀[38;2;238;155;122;48;2;240;162;128m▀[38;2;238;154;120;48;2;238;163;128m▀[38;2;239;152;119;48;2;239;160;127m▀[38;2;238;153;119;48;2;240;162;129m▀[38;2;238;154;121;48;2;239;161;129m▀[38;2;239;163;130;48;2;237;156;122m▖[38;2;237;154;120;48;2;237;158;125m▀[38;2;238;155;124;48;2;237;161;129m▀[38;2;243;160;127;48;2;192;129;104m▌[38;2;109;86;73;48;2;230;152;124m▌[38;2;237;153;125;48;2;235;150;121m▖[38;2;233;149;119;48;2;146;108;90m▌[38;2;155;111;91;48;2;206;154;124m▌[38;2;228;187;154;48;2;188;168;139m▀[38;2;232;193;158;48;2;206;163;132m▘[38;2;236;156;123;48;2;222;151;119m▛[38;2;213;144;114;48;2;147;113;94m▘[38;2;86;84;76;48;2;183;131;107m▀[38;2;110;95;82;48;2;209;140;113m▀[38;2;96;84;73;48;2;228;148;119m▀[38;2;175;123;101;48;2;81;80;72m▖[38;2;93;90;80;48;2;89;86;77m▛[38;2;95;91;80;48;2;89;88;79m▛[38;2;150;114;94;48;2;238;154;122m▖[38;2;225;155;123;48;2;248;157;125m▀[38;2;220;170;139;48;2;221;139;111m▀[38;2;218;154;122;48;2;187;128;103m▀[38;2;208;134;105;48;2;151;117;96m▀[38;2;122;94;77;48;2;164;119;96m▞[38;2;163;115;92;48;2;228;167;132m▀[38;2;198;134;105;48;2;240;158;122m▀[38;2;236;157;122;48;2;195;138;110m▛[38;2;129;95;76;48;2;234;157;122m▌[38;2;221;145;113;48;2;112;87;71m▌[38;2;210;139;107;48;2;238;155;119m▌[38;2;232;147;113;48;2;233;155;119m▀[38;2;231;146;112;48;2;233;153;117m▀[38;2;230;144;109;48;2;232;150;114m▀[38;2;228;141;105;48;2;230;147;110m▀[38;2;228;140;106;48;2;234;145;110m▛[38;2;176;124;99;48;2;215;195;164m▌[38;2;232;205;172;48;2;239;218;189m▌[0m
[38;2;241;219;190;48;2;229;203;171m▌[38;2;227;201;171;48;2;239;215;183m▌[38;2;160;142;121;48;2;88;69;57m▌[38;2;208;156;124;48;2;242;180;142m▌[38;2;239;173;138;48;2;225;167;135m▀[38;2;227;165;133;48;2;187;139;112m▌[38;2;173;134;109;48;2;229;167;135m▖[38;2;239;167;135;48;2;239;174;143m▀[38;2;239;166;135;48;2;239;172;141m▀[38;2;240;166;135;48;2;240;173;143m▀[38;2;240;168;137;48;2;240;174;143m▀[38;2;239;168;135;48;2;242;174;142m▀[38;2;238;172;139;48;2;226;173;142m▛[38;2;237;170;137;48;2;238;174;143m▀[38;2;238;170;137;48;2;238;174;142m▀[38;2;239;167;135;48;2;239;175;142m▘[38;2;236;169;136;48;2;236;173;140m▀[38;2;236;167;134;48;2;238;172;141m▀[38;2;236;168;136;48;2;240;173;140m▀[38;2;238;171;139;48;2;210;156;128m▛[38;2;241;169;137;48;2;197;148;122m▘[38;2;100;84;73;48;2;200;145;121m▌[38;2;234;159;130;48;2;240;168;140m▀[38;2;215;146;120;48;2;240;166;136m▝[38;2;128;104;89;48;2;194;140;114m▌[38;2;152;113;92;48;2;206;144;117m▀[38;2;210;159;129;48;2;236;169;137m▀[38;2;240;163;130;48;2;242;170;137m▝[38;2;250;174;139;48;2;241;167;135m▝[38;2;249;165;131;48;2;239;164;133m▀[38;2;245;158;127;48;2;237;161;130m▀[38;2;240;155;124;48;2;236;158;127m▀[38;2;247;165;133;48;2;147;112;94m▌[38;2;72;71;64;48;2;89;86;77m▖[38;2;93;91;82;48;2;90;87;78m▞[38;2;123;99;85;48;2;86;82;73m▝[38;2;155;116;98;48;2;216;156;127m▛[38;2;153;112;93;48;2;239;169;135m▀[38;2;139;100;83;48;2;227;157;127m▘[38;2;205;167;137;48;2;234;163;130m▝[38;2;182;152;126;48;2;237;172;138m▀[38;2;214;179;148;48;2;233;164;129m▘[38;2;235;165;129;48;2;231;160;126m▌[38;2;228;156;122;48;2;132;101;84m▌[38;2;167;122;99;48;2;242;168;133m▌[38;2;222;157;124;48;2;118;94;77m▌[38;2;210;152;120;48;2;239;166;131m▌[38;2;234;161;127;48;2;233;163;129m▀[38;2;233;159;124;48;2;233;163;129m▀[38;2;232;154;119;48;2;233;162;128m▀[38;2;232;152;115;48;2;233;159;122m▀[38;2;232;148;112;48;2;233;155;119m▀[38;2;179;128;102;48;2;216;194;163m▌[38;2;231;204;170;48;2;238;216;186m▌[0m
[38;2;241;220;190;48;2;231;206;175m▌[38;2;232;207;177;48;2;243;218;186m▌[38;2;163;146;124;48;2;90;72;61m▌[38;2;209;163;134;48;2;244;191;156m▌[38;2;190;149;123;48;2;214;174;145m▀[38;2;233;189;158;48;2;198;155;127m▖[38;2;206;162;134;48;2;241;193;162m▛[38;2;237;180;150;48;2;243;192;162m▀[38;2;239;178;149;48;2;241;189;159m▀[38;2;241;181;151;48;2;236;186;156m▀[38;2;240;180;150;48;2;241;190;160m▀[38;2;238;181;151;48;2;196;159;133m▛[38;2;239;184;153;48;2;241;194;162m▛[38;2;242;182;151;48;2;241;192;161m▀[38;2;241;181;149;48;2;241;191;159m▀[38;2;240;181;150;48;2;240;189;158m▀[38;2;238;176;145;48;2;239;186;155m▀[38;2;242;187;156;48;2;231;175;144m▖[38;2;206;166;137;48;2;219;182;152m▛[38;2;167;139;115;48;2;217;175;146m▝[38;2;174;155;128;48;2;220;170;143m▀[38;2;105;89;76;48;2;156;125;107m▘[38;2;249;192;162;48;2;240;178;149m▖[38;2;236;172;143;48;2;242;181;151m▘[38;2;177;135;113;48;2;121;103;87m▌[38;2;228;164;135;48;2;240;186;155m▀[38;2;241;175;143;48;2;241;182;153m▀[38;2;241;178;147;48;2;241;184;154m▀[38;2;241;176;146;48;2;242;183;154m▀[38;2;241;174;144;48;2;241;185;155m▀[38;2;240;173;140;48;2;240;180;150m▀[38;2;241;175;144;48;2;222;169;141m▛[38;2;251;180;147;48;2;124;106;91m▘[38;2;99;95;84;48;2;90;87;77m▝[38;2;89;86;77;48;2;68;66;59m▛[38;2;68;66;59;48;2;195;156;130m▘[38;2;250;187;153;48;2;233;186;155m▀[38;2;237;177;145;48;2;240;190;158m▀[38;2;242;191;159;48;2;234;176;145m▖[38;2;231;174;143;48;2;242;190;158m▛[38;2;243;190;159;48;2;235;175;144m▖[38;2;218;165;135;48;2;239;180;146m▌[38;2;236;177;143;48;2;246;192;158m▛[38;2;195;150;124;48;2;107;93;79m▌[38;2;222;162;133;48;2;240;183;150m▘[38;2;229;172;139;48;2;114;95;79m▌[38;2;202;154;125;48;2;240;178;145m▌[38;2;233;167;133;48;2;237;182;149m▀[38;2;234;165;132;48;2;232;174;141m▀[38;2;233;164;130;48;2;229;169;136m▀[38;2;232;164;127;48;2;235;174;138m▀[38;2;233;161;126;48;2;244;177;140m▀[38;2;181;136;109;48;2;212;189;158m▌[38;2;230;203;169;48;2;236;214;185m▌[0m
[38;2;243;222;193;48;2;233;209;178m▌[38;2;232;207;177;48;2;240;215;182m▌[38;2;166;148;124;48;2;91;73;61m▌[38;2;244;202;168;48;2;212;180;151m▝[38;2;237;199;167;48;2;221;191;161m▀[38;2;173;146;121;48;2;215;184;155m▝[38;2;228;191;162;48;2;169;143;121m▝[38;2;230;192;162;48;2;180;154;130m▘[38;2;187;157;132;48;2;228;193;164m▛[38;2;173;145;123;48;2;228;191;161m▘[38;2;239;198;167;48;2;238;203;172m▀[38;2;194;162;137;48;2;234;198;168m▝[38;2;246;205;173;48;2;188;159;133m▝[38;2;231;199;168;48;2;240;201;170m▖[38;2;240;197;165;48;2;240;204;172m▀[38;2;240;196;165;48;2;239;200;169m▀[38;2;239;195;163;48;2;238;199;168m▀[38;2;240;194;163;48;2;239;198;167m▀[38;2;243;194;163;48;2;238;197;166m▀▀[38;2;254;201;171;48;2;238;194;164m▝[38;2;203;170;145;48;2;118;105;91m▌[38;2;224;188;159;48;2;241;195;165m▖[38;2;237;191;161;48;2;196;164;138m▛[38;2;232;189;159;48;2;148;127;108m▌[38;2;171;145;122;48;2;250;204;171m▌[38;2;239;191;161;48;2;238;199;168m▀[38;2;241;191;161;48;2;240;200;169m▀[38;2;240;192;162;48;2;241;200;169m▀[38;2;241;192;161;48;2;238;196;165m▀[38;2;239;186;157;48;2;238;194;164m▀[38;2;247;198;167;48;2;198;164;138m▌[38;2;64;60;52;48;2;81;78;69m▖[38;2;83;79;70;48;2;79;75;66m▀[38;2;85;77;67;48;2;175;151;127m▛[38;2;244;207;174;48;2;239;200;168m▖[38;2;170;143;120;48;2;225;190;160m▝[38;2;216;181;152;48;2;192;165;138m▛[38;2;203;174;146;48;2;203;170;142m▖[38;2;247;203;170;48;2;198;168;141m▝[38;2;229;193;162;48;2;192;163;135m▌[38;2;201;169;140;48;2;237;196;163m▌[38;2;248;203;168;48;2;231;193;161m▝[38;2;134;117;99;48;2;193;165;139m▛[38;2;235;193;160;48;2;244;204;171m▝[38;2;228;190;159;48;2;110;98;83m▌[38;2;217;181;151;48;2;234;194;162m▛[38;2;222;181;151;48;2;188;155;130m▀[38;2;241;193;160;48;2;151;123;103m▀[38;2;246;195;160;48;2;125;102;86m▀[38;2;228;180;147;48;2;67;58;50m▀[38;2;177;138;110;48;2;32;31;29m▀[38;2;97;85;71;48;2;220;196;163m▌[38;2;225;199;165;48;2;234;211;181m▌[0m
[38;2;244;224;194;48;2;232;207;175m▌[38;2;231;204;172;48;2;240;215;183m▌[38;2;170;151;127;48;2;93;74;62m▌[38;2;176;154;130;48;2;205;182;155m▀[38;2;235;206;175;48;2;188;166;140m▝[38;2;238;208;176;48;2;191;169;143m▘[38;2;199;176;149;48;2;230;202;171m▘[38;2;212;187;158;48;2;238;208;176m▖[38;2;238;208;176;48;2;232;204;173m▛[38;2;239;206;175;48;2;235;206;175m▀[38;2;240;208;176;48;2;229;201;170m▛[38;2;242;210;178;48;2;214;188;159m▘[38;2;168;146;123;48;2;198;173;147m▝[38;2;169;150;127;48;2;191;166;140m▖[38;2;215;188;159;48;2;238;207;175m▌[38;2;241;210;177;48;2;238;205;172m▖[38;2;238;203;171;48;2;238;206;173m▀[38;2;241;210;176;48;2;237;203;171m▖[38;2;240;205;173;48;2;227;197;165m▀[38;2;237;201;170;48;2;237;206;174m▀[38;2;237;203;171;48;2;227;197;166m▛[38;2;248;212;180;48;2;144;129;111m▌[38;2;151;136;117;48;2;201;175;148m▖[38;2;190;165;138;48;2;227;196;165m▛[38;2;223;191;162;48;2;241;209;177m▀[38;2;117;106;89;48;2;199;173;146m▌[38;2;248;217;183;48;2;238;204;172m▖[38;2;237;204;171;48;2;214;187;157m▛[38;2;200;175;146;48;2;230;197;166m▖[38;2;208;179;150;48;2;191;167;140m▛[38;2;189;166;139;48;2;236;202;171m▖[38;2;231;198;168;48;2;96;86;73m▘[38;2;74;70;61;48;2;59;55;49m▝[38;2;68;64;56;48;2;51;47;41m▀[38;2;128;115;98;48;2;228;199;168m▌[38;2;236;204;172;48;2;229;200;168m▛[38;2;241;207;175;48;2;231;203;171m▀[38;2;232;202;170;48;2;239;207;174m▞[38;2;229;200;168;48;2;191;167;139m▖[38;2;197;172;144;48;2;220;192;161m▞[38;2;182;160;133;48;2;204;181;151m▛[38;2;194;168;140;48;2;213;186;156m▛[38;2;201;174;144;48;2;128;115;98m▛[38;2;200;174;146;48;2;81;75;65m▝[38;2;209;179;150;48;2;55;50;44m▀[38;2;135;116;99;48;2;45;42;38m▀[38;2;120;102;87;48;2;32;31;28m▀[38;2;64;56;49;48;2;33;31;29m▀[38;2;30;29;27;48;2;43;39;36m▀[38;2;27;27;26;48;2;52;49;43m▀[38;2;36;35;32;48;2;55;51;45m▀[38;2;45;41;37;48;2;58;55;48m▀[38;2;104;95;80;48;2;225;201;169m▌[38;2;223;198;165;48;2;232;210;180m▌[0m
[38;2;243;222;191;48;2;232;206;175m▌[38;2;231;205;173;48;2;241;215;182m▌[38;2;168;149;126;48;2;101;81;68m▌[38;2;201;178;151;48;2;182;162;136m▀[38;2;211;187;158;48;2;186;166;139m▘[38;2;199;177;149;48;2;182;160;134m▖[38;2;191;170;143;48;2;217;194;164m▘[38;2;160;142;119;48;2;194;172;144m▘[38;2;196;172;144;48;2;222;198;166m▀[38;2;240;214;181;48;2;230;204;172m▞[38;2;210;187;158;48;2;200;178;150m▘[38;2;182;163;136;48;2;217;194;163m▀[38;2;208;185;155;48;2;223;199;167m▀[38;2;199;177;149;48;2;206;184;154m▀[38;2;203;181;152;48;2;185;163;136m▛[38;2;209;183;153;48;2;234;207;174m▌[38;2;237;208;175;48;2;204;180;151m▀[38;2;201;179;149;48;2;221;196;164m▖[38;2;173;152;126;48;2;207;183;153m▝[38;2;225;198;166;48;2;198;174;145m▞[38;2;184;161;134;48;2;205;181;152m▝[38;2;174;152;127;48;2;204;178;149m▞[38;2;103;94;82;48;2;200;176;148m▌[38;2;242;213;179;48;2;225;198;167m▝[38;2;243;213;179;48;2;211;186;156m▀[38;2;191;170;142;48;2;89;81;69m▌[38;2;240;212;179;48;2;188;167;139m▀[38;2;211;185;155;48;2;226;200;168m▝[38;2;206;182;152;48;2;224;198;166m▝[38;2;209;185;155;48;2;204;180;150m▖[38;2;188;166;139;48;2;84;75;64m▛[38;2;91;82;70;48;2;41;38;34m▘[38;2;43;39;36;48;2;47;44;39m▖[38;2;48;44;39;48;2;164;147;124m▛[38;2;233;208;175;48;2;195;174;146m▖[38;2;214;190;159;48;2;196;174;146m▌[38;2;189;169;141;48;2;200;178;149m▝[38;2;230;204;172;48;2;187;168;140m▝[38;2;206;183;153;48;2;104;94;79m▛[38;2;186;167;140;48;2;74;68;58m▀[38;2;163;146;123;48;2;35;34;30m▀[38;2;95;86;73;48;2;40;37;33m▀[38;2;51;48;42;48;2;73;69;60m▛[38;2;34;32;29;48;2;56;52;46m▝[38;2;45;42;37;48;2;66;61;54m▀[38;2;49;45;39;48;2;67;63;55m▘[38;2;59;55;48;48;2;127;116;96m▛[38;2;73;68;58;48;2;213;190;155m▀[38;2;78;72;62;48;2;229;204;168m▀[38;2;103;95;81;48;2;64;62;55m▖[38;2;68;65;57;48;2;76;73;65m▀[38;2;72;69;61;48;2;75;72;65m▀[38;2;118;109;92;48;2;223;200;167m▌[38;2;225;199;166;48;2;233;211;181m▌[0m
[38;2;242;222;192;48;2;231;205;174m▌[38;2;230;205;174;48;2;240;214;181m▌[38;2;172;153;128;48;2;99;82;68m▌[38;2;119;109;92;48;2;179;160;134m▀[38;2;155;141;120;48;2;90;86;77m▛[38;2;202;179;150;48;2;125;116;101m▀[38;2;106;99;85;48;2;207;185;155m▖[38;2;230;204;172;48;2;188;169;142m▀[38;2;174;154;128;48;2;193;172;144m▖[38;2;204;180;151;48;2;189;167;139m▝[38;2;207;184;154;48;2;191;169;141m▀[38;2;194;173;144;48;2;208;185;155m▞[38;2;188;166;139;48;2;209;186;156m▀[38;2;201;180;150;48;2;197;176;148m▖[38;2;215;192;161;48;2;204;181;152m▀[38;2;186;166;139;48;2;212;189;159m▝[38;2;200;177;147;48;2;186;165;137m▞[38;2;189;168;140;48;2;133;120;100m▛[38;2;197;175;146;48;2;164;146;121m▀[38;2;176;156;130;48;2;198;176;147m▞[38;2;189;167;140;48;2;199;177;148m▀[38;2;197;176;147;48;2;177;157;131m▛[38;2;154;138;116;48;2;109;99;84m▞[38;2;186;166;139;48;2;200;178;149m▞[38;2;211;188;157;48;2;205;183;152m▀[38;2;100;91;77;48;2;217;193;162m▝[38;2;77;71;61;48;2;205;182;152m▌[38;2;207;184;153;48;2;193;171;143m▌[38;2;197;176;147;48;2;190;169;141m▌[38;2;217;193;161;48;2;177;158;131m▘[38;2;192;172;143;48;2;76;70;60m▌[38;2;35;33;30;48;2;40;38;34m▘[38;2;42;39;35;48;2;39;37;33m▝[38;2;109;99;83;48;2;35;32;30m▝[38;2;176;158;132;48;2;48;45;40m▀[38;2;150;135;114;48;2;35;33;30m▀[38;2;96;88;74;48;2;34;33;30m▀[38;2;78;71;61;48;2;48;45;40m▘[38;2;38;36;33;48;2;63;59;52m▀[38;2;49;47;41;48;2;70;65;58m▀[38;2;62;57;50;48;2;72;69;61m▀[38;2;67;63;56;48;2;73;69;62m▀[38;2;69;66;58;48;2;73;70;63m▘[38;2;71;67;59;48;2;77;73;65m▀[38;2;74;71;63;48;2;77;74;67m▀[38;2;78;76;67;48;2;75;72;64m▖[38;2;106;97;83;48;2;71;68;61m▝[38;2;130;119;95;48;2;72;71;65m▀[38;2;148;135;112;48;2;71;70;64m▀[38;2;100;93;80;48;2;74;73;66m▘[38;2;77;74;67;48;2;69;69;63m▀[38;2;80;78;70;48;2;74;73;66m▘[38;2;126;116;98;48;2;231;205;172m▌[38;2;221;196;163;48;2;232;209;179m▌[0m
[38;2;244;224;194;48;2;232;206;174m▌[38;2;229;204;173;48;2;238;213;180m▌[38;2;185;164;137;48;2;100;82;69m▌[38;2;179;162;136;48;2;167;151;126m▌[38;2;190;171;144;48;2;172;156;132m▀[38;2;111;106;94;48;2;89;85;77m▖[38;2;139;129;111;48;2;101;98;89m▝[38;2;176;160;135;48;2;194;175;147m▛[38;2;187;168;141;48;2;223;200;168m▌[38;2;204;183;153;48;2;184;166;139m▀[38;2;204;183;154;48;2;123;113;97m▌[38;2;89;87;77;48;2;186;168;142m▖[38;2;199;178;149;48;2;187;168;141m▀[38;2;201;180;151;48;2;181;163;136m▌[38;2;189;170;142;48;2;215;193;162m▌[38;2;195;174;146;48;2;181;163;137m▀[38;2;211;189;158;48;2;181;162;136m▝[38;2;191;172;143;48;2;156;143;121m▀[38;2;164;151;129;48;2;113;107;95m▝[38;2;170;153;128;48;2;194;174;146m▌[38;2;172;154;128;48;2;189;169;142m▖[38;2;196;175;147;48;2;212;188;158m▌[38;2;213;190;159;48;2;77;70;60m▌[38;2;89;81;69;48;2;197;176;148m▖[38;2;201;180;150;48;2;190;170;142m▝[38;2;205;183;153;48;2;181;161;135m▀[38;2;150;134;114;48;2;42;39;35m▌[38;2;91;83;71;48;2;187;167;140m▖[38;2;175;156;131;48;2;194;173;145m▌[38;2;172;155;129;48;2;102;93;79m▛[38;2;80;73;63;48;2;39;37;33m▘[38;2;40;37;34;48;2;44;41;36m▀[38;2;39;37;33;48;2;50;46;41m▀[38;2;42;39;35;48;2;57;54;47m▀[38;2;44;41;37;48;2;65;60;54m▀[38;2;55;52;46;48;2;69;66;59m▀[38;2;62;58;51;48;2;75;72;64m▀[38;2;68;65;57;48;2;77;73;66m▀[38;2;73;69;62;48;2;82;79;70m▀[38;2;75;72;64;48;2;85;82;72m▀[38;2;79;76;68;48;2;84;81;72m▀[38;2;87;84;75;48;2;78;75;66m▖[38;2;77;73;65;48;2;85;82;73m▛[38;2;83;80;71;48;2;80;77;70m▌[38;2;83;80;72;48;2;73;72;66m▀[38;2;83;81;73;48;2;76;74;67m▘[38;2;78;75;68;48;2;97;92;81m▛[38;2;73;72;66;48;2;137;125;107m▀[38;2;76;74;67;48;2;162;146;122m▀[38;2;88;85;75;48;2;177;159;132m▀[38;2;116;108;92;48;2;201;178;149m▀[38;2;159;144;120;48;2;192;171;138m▀[38;2;180;161;130;48;2;220;197;165m▌[38;2;222;196;163;48;2;230;207;177m▌[0m
[38;2;246;226;197;48;2;231;207;176m▌[38;2;230;205;174;48;2;238;214;182m▌[38;2;167;149;125;48;2;92;77;65m▌[38;2;150;137;117;48;2;86;82;72m▀[38;2;95;90;79;48;2;152;139;119m▛[38;2;99;94;84;48;2;162;149;127m▘[38;2;129;119;102;48;2;176;160;135m▘[38;2;226;204;172;48;2;141;129;110m▘[38;2;142;130;111;48;2;177;163;139m▛[38;2;126;116;98;48;2;190;172;146m▌[38;2;167;152;127;48;2;203;184;155m▞[38;2;117;110;95;48;2;76;75;69m▛[38;2;160;146;124;48;2;109;102;89m▀[38;2;131;121;103;48;2;156;143;122m▖[38;2;154;142;121;48;2;126;115;96m▛[38;2;141;131;112;48;2;177;165;143m▛[38;2;184;170;144;48;2;120;112;97m▖[38;2;132;121;103;48;2;146;135;117m▘[38;2;149;134;112;48;2;177;161;137m▝[38;2;142;128;107;48;2;195;176;147m▘[38;2;213;190;160;48;2;177;158;132m▀[38;2;169;152;127;48;2;202;181;152m▝[38;2;189;171;144;48;2;72;67;59m▌[38;2;75;69;61;48;2;174;158;131m▌[38;2;172;154;129;48;2;178;160;135m▘[38;2;186;168;141;48;2;172;155;130m▌[38;2;209;188;158;48;2;92;84;72m▘[38;2;95;87;74;48;2;39;37;34m▝[38;2;128;116;98;48;2;46;43;39m▀[38;2;41;39;35;48;2;63;58;51m▝[38;2;52;49;43;48;2;70;66;59m▀[38;2;61;57;50;48;2;73;70;62m▀[38;2;68;64;56;48;2;77;74;67m▀[38;2;73;70;62;48;2;80;77;68m▀[38;2;76;73;65;48;2;81;78;70m▀[38;2;77;74;66;48;2;82;79;71m▀[38;2;83;79;71;48;2;88;85;76m▀[38;2;85;82;73;48;2;86;83;75m▀[38;2;86;83;74;48;2;86;83;76m▀[38;2;89;86;77;48;2;84;81;73m▀[38;2;86;83;75;48;2;98;93;83m▛[38;2;80;78;70;48;2;99;94;81m▀[38;2;81;79;71;48;2;138;127;106m▀[38;2;98;93;82;48;2;163;148;123m▀[38;2;128;118;100;48;2;188;169;140m▀[38;2;207;186;153;48;2;146;134;112m▖[38;2;82;78;69;48;2;174;159;132m▌[38;2;203;181;150;48;2;174;157;128m▀[38;2;216;193;160;48;2;231;209;173m▛[38;2;170;152;124;48;2;189;171;139m▌[38;2;186;168;135;48;2;103;93;74m▛[38;2;214;191;141;48;2;109;103;85m▀[38;2;159;143;112;48;2;226;201;168m▌[38;2;224;199;165;48;2;230;207;177m▌[0m
[38;2;244;225;195;48;2;231;207;176m▌[38;2;229;205;174;48;2;242;218;185m▌[38;2;158;143;121;48;2;79;67;58m▌[38;2;113;105;91;48;2;183;170;144m▌[38;2;133;123;105;48;2;183;171;145m▝[38;2;160;151;130;48;2;113;105;91m▖[38;2;61;58;53;48;2;108;102;88m▖[38;2;201;185;156;48;2;171;161;136m▝[38;2;201;186;157;48;2;160;150;127m▝[38;2;151;141;119;48;2;91;89;80m▀[38;2;145;136;118;48;2;78;76;68m▀[38;2;106;102;89;48;2;156;150;126m▀[38;2;187;175;149;48;2;99;102;97m▛[38;2;98;105;101;48;2;173;162;139m▖[38;2;83;80;71;48;2;155;146;126m▖[38;2;156;141;119;48;2;109;104;92m▞[38;2;87;78;69;48;2;203;184;154m▖[38;2;212;193;161;48;2;116;115;108m▛[38;2;100;110;110;48;2;178;164;140m▖[38;2;179;165;141;48;2;129;122;108m▞[38;2;205;189;160;48;2;138;128;114m▌[38;2;57;73;84;48;2;202;185;157m▖[38;2;208;191;162;48;2;91;85;73m▌[38;2;131;122;102;48;2;48;45;41m▝[38;2;151;139;118;48;2;62;58;52m▀[38;2;83;77;65;48;2;59;56;49m▘[38;2;48;46;41;48;2;73;70;62m▀[38;2;67;62;55;48;2;79;75;67m▀[38;2;72;69;61;48;2;81;78;70m▀[38;2;76;72;64;48;2;84;80;72m▀[38;2;79;75;68;48;2;84;81;73m▀[38;2;80;77;69;48;2;89;86;76m▀[38;2;82;79;71;48;2;90;87;77m▀[38;2;87;84;75;48;2;92;89;79m▀[38;2;86;83;74;48;2;88;86;77m▀[38;2;86;84;76;48;2;88;85;78m▌[38;2;87;84;77;48;2;92;89;80m▛[38;2;84;81;73;48;2;89;86;77m▖[38;2;87;83;74;48;2;148;140;118m▀[38;2;98;93;81;48;2;79;77;69m▌[38;2;164;153;129;48;2;89;87;77m▝[38;2;122;115;99;48;2;104;103;92m▀[38;2;52;69;78;48;2;153;145;125m▖[38;2;161;148;124;48;2;102;98;85m▀[38;2;145;132;108;48;2;178;168;142m▘[38;2;115;115;104;48;2;183;171;143m▌[38;2;136;129;109;48;2;99;95;81m▞[38;2;169;158;131;48;2;84;80;71m▌[38;2;125;116;99;48;2;76;75;68m▀[38;2;105;106;97;48;2;51;77;92m▀[38;2;184;174;146;48;2;85;77;67m▌[38;2;73;73;68;48;2;81;80;72m▀[38;2;120;111;94;48;2;227;203;171m▌[38;2;221;196;164;48;2;227;204;173m▌[0m
[38;2;241;221;191;48;2;230;207;176m▌[38;2;229;204;173;48;2;239;213;181m▌[38;2;171;153;129;48;2;83;68;58m▌[38;2;85;80;72;48;2;87;85;76m▛[38;2;182;176;150;48;2;94;91;80m▀[38;2;220;210;180;48;2;172;178;153m▘[38;2;92;92;81;48;2;170;175;151m▘[38;2;205;202;172;48;2;171;175;150m▘[38;2;147;144;122;48;2;163;165;141m▘[38;2;123;119;103;48;2;166;173;147m▀[38;2;139;143;124;48;2;83;80;72m▖[38;2;136;132;112;48;2;82;79;70m▀[38;2;140;137;118;48;2;160;158;134m▞[38;2;143;139;119;48;2;172;175;148m▀[38;2;129;123;104;48;2;171;169;142m▘[38;2;151;145;121;48;2;165;160;135m▞[38;2;136;123;102;48;2;171;173;145m▀[38;2;151;137;116;48;2;178;176;148m▀[38;2;148;135;115;48;2;178;178;149m▀[38;2;196;183;153;48;2;162;163;138m▘[38;2;123;117;102;48;2;134;134;114m▛[38;2;169;167;142;48;2;128;116;101m▖[38;2;129;115;96;48;2;71;68;60m▘[38;2;63;60;53;48;2;76;73;66m▀[38;2;67;64;57;48;2;78;75;68m▘[38;2;79;76;68;48;2;85;81;73m▀[38;2;80;77;69;48;2;87;84;75m▀[38;2;83;80;71;48;2;87;84;75m▘[38;2;87;83;74;48;2;91;88;79m▀[38;2;90;88;79;48;2;87;84;75m▖[38;2;91;88;80;48;2;88;85;76m▖[38;2;89;86;78;48;2;91;88;80m▖[38;2;91;89;79;48;2;87;83;75m▀[38;2;93;90;81;48;2;87;85;77m▘[38;2;90;87;78;48;2;114;114;97m▛[38;2;105;103;90;48;2;142;145;122m▀[38;2;124;122;104;48;2;145;145;122m▘[38;2;148;148;125;48;2;99;96;83m▖[38;2;115;110;97;48;2;82;79;72m▀[38;2;114;110;95;48;2;167;168;141m▛[38;2;107;107;92;48;2;77;75;67m▖[38;2;154;153;127;48;2;124;123;107m▖[38;2;66;79;84;48;2;120;124;108m▘[38;2;80;77;68;48;2;131;130;109m▘[38;2;192;183;152;48;2;158;155;131m▘[38;2;104;109;103;48;2;165;161;135m▘[38;2;141;137;115;48;2;93;90;78m▌[38;2;133;122;104;48;2;171;164;137m▝[38;2;92;88;77;48;2;132;127;108m▀[38;2;76;90;93;48;2;126;135;120m▀[38;2;159;158;132;48;2;94;89;78m▌[38;2;79;77;70;48;2;75;73;66m▌[38;2;131;120;101;48;2;230;205;173m▌[38;2;220;195;162;48;2;224;200;168m▘[0m
[38;2;238;217;188;48;2;230;206;176m▌[38;2;228;204;173;48;2;239;214;182m▌[38;2;174;157;134;48;2;46;42;37m▌[38;2;65;60;54;48;2;42;41;37m▝[38;2;76;72;65;48;2;36;39;37m▀[38;2;113;124;108;48;2;49;56;50m▀[38;2;142;172;150;48;2;83;111;97m▀[38;2;138;168;146;48;2;96;130;113m▀[38;2;141;166;144;48;2;106;146;126m▀[38;2;96;126;107;48;2;123;155;134m▖[38;2;149;175;152;48;2;97;112;96m▘[38;2;84;82;73;48;2;82;79;71m▞[38;2;78;74;65;48;2;84;89;79m▞[38;2;143;163;140;48;2;102;141;122m▀[38;2;164;165;139;48;2;107;136;116m▀[38;2;141;155;131;48;2;99;129;109m▀[38;2;136;159;136;48;2;108;131;111m▘[38;2;135;151;128;48;2;98;125;106m▀[38;2;132;146;124;48;2;106;126;106m▘[38;2;118;137;118;48;2;93;96;84m▛[38;2;110;117;101;48;2;73;68;62m▀[38;2;71;68;61;48;2;77;73;67m▀[38;2;77;75;68;48;2;79;76;69m▌[38;2;80;77;69;48;2;83;80;73m▀[38;2;82;79;72;48;2;86;83;75m▘[38;2;87;85;77;48;2;85;82;74m▌[38;2;89;86;77;48;2;96;93;83m▛[38;2;93;91;81;48;2;90;87;78m▖[38;2;90;88;79;48;2;93;91;82m▘[38;2;90;88;79;48;2;93;88;80m▀[38;2;91;88;80;48;2;92;93;83m▛[38;2;88;85;76;48;2;102;110;96m▛[38;2;98;101;87;48;2;107;133;113m▀[38;2;118;151;130;48;2;102;116;100m▖[38;2;84;80;71;48;2;109;123;106m▌[38;2;136;155;133;48;2;108;142;121m▀[38;2;139;155;132;48;2;113;136;115m▀[38;2;106;132;111;48;2;131;147;125m▖[38;2;97;103;89;48;2;89;85;77m▌[38;2;142;158;132;48;2;108;116;100m▝[38;2;79;78;69;48;2;102;106;92m▖[38;2;132;144;122;48;2;92;93;82m▘[38;2;118;121;103;48;2;92;96;85m▝[38;2;98;121;103;48;2;140;159;133m▖[38;2;142;154;129;48;2;127;157;134m▀[38;2;143;154;128;48;2;132;160;135m▀[38;2;129;145;122;48;2;87;91;79m▌[38;2;91;96;84;48;2;139;149;125m▖[38;2;137;147;122;48;2;101;134;114m▀[38;2;141;156;131;48;2;106;139;120m▀[38;2;133;150;128;48;2;87;87;77m▘[38;2;78;78;71;48;2;84;84;76m▀[38;2;148;136;115;48;2;232;207;175m▌[38;2;226;201;170;48;2;227;204;174m▌[0m
[38;2;238;218;189;48;2;229;206;175m▌[38;2;229;205;175;48;2;239;215;183m▌[38;2;179;163;139;48;2;67;65;58m▌[38;2;104;78;65;48;2;213;116;87m▛[38;2;146;90;70;48;2;197;112;84m▀[38;2;142;78;61;48;2;202;108;81m▀[38;2;220;112;85;48;2;109;70;58m▖[38;2;53;51;45;48;2;73;70;63m▀[38;2;83;115;98;48;2;71;68;61m▀[38;2;89;129;108;48;2;80;95;82m▀[38;2;91;94;83;48;2;88;84;75m▀[38;2;79;73;65;48;2;83;89;78m▞[38;2;82;98;83;48;2;90;133;113m▘[38;2;90;133;113;48;2;84;125;105m▀[38;2;86;124;105;48;2;81;118;98m▀[38;2;83;119;98;48;2;86;118;96m▌[38;2;87;126;106;48;2;84;107;91m▛[38;2;91;121;101;48;2;83;93;81m▀[38;2;91;111;94;48;2;79;75;68m▀[38;2;79;76;68;48;2;88;85;76m▀[38;2;82;80;72;48;2;87;84;75m▀[38;2;82;79;72;48;2;85;82;74m▀[38;2;84;81;73;48;2;86;83;74m▘[38;2;87;84;76;48;2;90;87;78m▘[38;2;87;84;76;48;2;90;87;79m▘[38;2;91;88;80;48;2;92;89;80m▝[38;2;95;93;83;48;2;90;87;78m▝[38;2;96;94;83;48;2;99;94;84m▀[38;2;95;92;82;48;2;87;84;74m▛[38;2;88;93;81;48;2;89;127;106m▛[38;2;82;102;85;48;2;83;81;71m▞[38;2;81;91;77;48;2;82;115;96m▛[38;2;87;114;97;48;2;84;96;83m▞[38;2;99;136;117;48;2;86;91;79m▘[38;2;84;81;71;48;2;86;115;97m▌[38;2;89;126;106;48;2;85;131;110m▀[38;2;85;118;99;48;2;91;99;87m▛[38;2;90;115;97;48;2;86;84;75m▀[38;2;88;85;76;48;2;92;104;90m▛[38;2;92;102;89;48;2;83;85;73m▌[38;2;84;90;78;48;2;85;118;98m▘[38;2;99;137;115;48;2;87;125;104m▝[38;2;97;134;112;48;2;83;120;97m▀[38;2;99;137;115;48;2;84;119;98m▀[38;2;99;127;105;48;2;82;115;94m▀[38;2;88;114;92;48;2;107;138;115m▖[38;2;100;143;120;48;2;85;124;102m▘[38;2;90;124;106;48;2;83;90;77m▝[38;2;92;136;116;48;2;78;98;84m▛[38;2;93;126;109;48;2;76;76;68m▘[38;2;80;78;71;48;2;82;82;74m▘[38;2;88;86;78;48;2;82;81;73m▝[38;2;133;125;105;48;2;224;200;168m▌[38;2;222;198;166;48;2;225;201;170m▛[0m
[38;2;239;219;191;48;2;228;204;172m▖[38;2;229;204;173;48;2;238;214;182m▌[38;2;183;166;140;48;2;79;78;70m▌[38;2;102;86;75;48;2;190;105;79m▌[38;2;140;86;65;48;2;188;113;82m▘[38;2;134;84;64;48;2;176;99;74m▌[38;2;210;110;81;48;2;112;87;74m▌[38;2;81;81;73;48;2;86;83;74m▘[38;2;85;81;72;48;2;89;87;78m▀[38;2;78;73;66;48;2;88;86;77m▀[38;2;76;72;64;48;2;85;82;74m▀[38;2;81;122;100;48;2;76;77;67m▝[38;2;83;130;108;48;2;81;104;88m▀[38;2;82;128;105;48;2;81;115;97m▀[38;2;82;130;108;48;2;84;106;90m▀[38;2;84;121;100;48;2;81;82;72m▀[38;2;81;92;78;48;2;85;81;74m▘[38;2;84;79;71;48;2;86;85;77m▀[38;2;89;86;78;48;2;94;91;81m▌[38;2;89;86;78;48;2;91;88;79m▝[38;2;89;86;77;48;2;90;87;79m▘[38;2;86;83;75;48;2;88;84;76m▝[38;2;87;84;77;48;2;88;85;77m▘[38;2;89;86;78;48;2;87;85;76m▛[38;2;90;88;78;48;2;87;85;76m▌[38;2;86;81;73;48;2;88;86;77m▖[38;2;90;86;77;48;2;87;109;92m▀[38;2;86;104;89;48;2;91;132;110m▀[38;2;84;119;99;48;2;85;131;109m▀[38;2;80;115;94;48;2;86;129;108m▀[38;2;92;103;89;48;2;83;125;104m▝[38;2;81;97;81;48;2;83;127;106m▀[38;2;83;126;104;48;2;84;120;98m▛[38;2;78;98;82;48;2;84;127;105m▝[38;2;82;124;103;48;2;78;82;71m▖[38;2;84;79;71;48;2;86;89;78m▖[38;2;92;88;78;48;2;86;84;76m▘[38;2;86;82;74;48;2;98;102;88m▌[38;2;85;126;105;48;2;83;117;98m▛[38;2;82;97;81;48;2;86;126;107m▛[38;2;80;117;96;48;2;84;88;78m▀[38;2;87;110;94;48;2;94;91;82m▀[38;2;89;100;88;48;2;97;93;84m▀[38;2;82;107;89;48;2;92;93;82m▝[38;2;98;110;93;48;2;85;127;107m▖[38;2;81;121;100;48;2;88;130;109m▀[38;2;85;128;107;48;2;80;107;91m▛[38;2;77;95;80;48;2;81;81;73m▘[38;2;77;75;67;48;2;86;85;77m▀[38;2;85;84;76;48;2;92;88;81m▛[38;2;87;86;77;48;2;86;107;90m▛[38;2;88;94;81;48;2;89;130;109m▘[38;2;117;130;107;48;2;221;195;164m▌[38;2;227;204;173;48;2;224;200;168m▝[0m
[38;2;237;216;187;48;2;231;207;177m▘[38;2;230;205;175;48;2;239;214;182m▌[38;2;181;164;139;48;2;79;78;71m▌[38;2;109;89;76;48;2;210;113;81m▌[38;2;214;129;92;48;2;162;111;83m▛[38;2;202;125;90;48;2;222;136;97m▛[38;2;209;123;89;48;2;107;88;75m▌[38;2;83;83;76;48;2;89;86;77m▖[38;2;94;91;81;48;2;89;86;77m▌[38;2;86;83;75;48;2;88;85;76m▖[38;2;88;85;77;48;2;86;83;74m▛[38;2;89;84;77;48;2;89;86;78m▝[38;2;90;88;80;48;2;88;84;76m▖[38;2;85;81;73;48;2;90;87;80m▀[38;2;91;85;77;48;2;94;91;81m▝[38;2;91;86;78;48;2;92;89;81m▘[38;2;89;87;78;48;2;91;88;80m▛[38;2;89;86;78;48;2;90;87;79m▛[38;2;93;90;81;48;2;90;87;78m▝[38;2;89;86;77;48;2;91;88;79m▝[38;2;89;86;78;48;2;93;91;82m▀[38;2;89;86;77;48;2;93;90;81m▀[38;2;94;91;82;48;2;91;88;79m▞[38;2;93;91;82;48;2;84;81;72m▘[38;2;87;83;74;48;2;90;123;106m▀[38;2;91;105;90;48;2;88;124;104m▘[38;2;83;114;94;48;2;89;130;110m▝[38;2;96;123;103;48;2;85;123;103m▀[38;2;86;119;99;48;2;86;122;101m▘[38;2;92;135;115;48;2;87;125;105m▀[38;2;92;135;114;48;2;90;127;106m▀[38;2;103;130;108;48;2;91;121;100m▌[38;2;94;129;109;48;2;88;118;97m▝[38;2;94;137;117;48;2;90;125;104m▀[38;2;98;141;122;48;2;91;131;111m▀[38;2;88;91;79;48;2;87;121;102m▀[38;2;76;72;64;48;2;85;116;97m▀[38;2;90;86;77;48;2;86;121;102m▀[38;2;93;106;91;48;2;83;100;84m▘[38;2;101;136;116;48;2;90;100;89m▌[38;2;83;79;72;48;2;92;90;81m▌[38;2;90;88;79;48;2;86;84;77m▛[38;2;96;94;84;48;2;90;88;80m▀[38;2;90;89;81;48;2;89;86;78m▀[38;2;87;85;77;48;2;90;88;79m▌[38;2;88;95;83;48;2;85;84;76m▘[38;2;78;76;68;48;2;86;85;77m▀[38;2;84;84;76;48;2;92;91;83m▛[38;2;89;87;80;48;2;97;94;85m▀[38;2;92;100;87;48;2;81;121;101m▛[38;2;83;125;105;48;2;83;120;100m▞[38;2;89;128;108;48;2;83;124;103m▀[38;2;117;127;103;48;2;220;194;163m▌[38;2;224;200;168;48;2;222;198;166m▘[0m
[38;2;235;213;184;48;2;230;206;175m▌[38;2;230;206;175;48;2;240;215;183m▌[38;2;172;156;132;48;2;77;78;71m▌[38;2;113;91;77;48;2;209;108;78m▌[38;2;203;109;79;48;2;170;110;82m▌[38;2;173;109;81;48;2;205;125;88m▖[38;2;202;123;88;48;2;100;86;74m▌[38;2;84;83;77;48;2;87;83;76m▌[38;2;84;81;73;48;2;87;84;76m▘[38;2;84;81;74;48;2;87;84;76m▀[38;2;84;81;73;48;2;87;84;76m▝[38;2;86;83;76;48;2;87;84;77m▀[38;2;87;85;76;48;2;91;88;80m▀[38;2;89;86;79;48;2;88;85;78m▖[38;2;92;90;81;48;2;94;91;82m▞[38;2;91;88;81;48;2;92;89;81m▖[38;2;89;87;79;48;2;90;87;78m▀[38;2;89;86;77;48;2;91;88;79m▀[38;2;89;86;78;48;2;93;90;81m▌[38;2;94;91;82;48;2;92;89;80m▛▘[38;2;93;90;81;48;2;95;93;83m▌[38;2;86;83;74;48;2;90;122;104m▀[38;2;89;112;96;48;2;90;134;115m▘[38;2;91;136;116;48;2;87;120;100m▘[38;2;99;129;108;48;2;84;115;96m▝[38;2;93;134;113;48;2;86;123;103m▘[38;2;89;122;101;48;2;86;118;97m▞[38;2;97;129;109;48;2;85;124;103m▘[38;2;83;117;98;48;2;87;130;110m▀[38;2;86;126;106;48;2;87;132;111m▀[38;2;84;124;104;48;2;87;132;112m▀[38;2;86;122;103;48;2;86;132;112m▀[38;2;89;124;104;48;2;77;126;107m▀[38;2;86;125;104;48;2;76;125;106m▀[38;2;89;132;112;48;2;79;126;107m▀[38;2;87;132;111;48;2;86;128;108m▀[38;2;88;131;111;48;2;89;97;83m▛[38;2;87;96;82;48;2;86;122;103m▘[38;2;98;135;116;48;2;88;91;81m▌[38;2;74;70;63;48;2;90;88;79m▖[38;2;87;85;77;48;2;89;86;78m▖[38;2;89;87;80;48;2;91;90;82m▘[38;2;88;86;78;48;2;92;90;81m▘[38;2;88;86;78;48;2;92;89;81m▘[38;2;88;85;78;48;2;93;94;84m▝[38;2;90;86;78;48;2;86;106;91m▀[38;2;92;95;84;48;2;83;122;102m▀[38;2;88;105;90;48;2;81;126;106m▀[38;2;81;126;107;48;2;80;124;104m▝[38;2;80;124;104;48;2;78;123;103m▘[38;2;82;129;108;48;2;80;124;104m▝[38;2;111;126;102;48;2;219;194;163m▌[38;2;218;194;161;48;2;223;199;167m▀[0m
[38;2;238;217;189;48;2;231;207;177m▌[38;2;231;207;177;48;2;242;216;185m▌[38;2;166;151;128;48;2;79;80;74m▌[38;2;221;114;82;48;2;125;94;79m▝[38;2;162;95;73;48;2;127;88;71m▌[38;2;210;119;85;48;2;146;101;79m▝[38;2;214;122;91;48;2;116;94;81m▘[38;2;88;86;79;48;2;86;84;77m▀[38;2;85;83;75;48;2;88;86;78m▖[38;2;87;85;78;48;2;86;84;77m▌[38;2;89;87;79;48;2;87;84;77m▌[38;2;88;85;78;48;2;90;88;81m▛[38;2;93;90;82;48;2;89;86;79m▛[38;2;90;87;80;48;2;88;85;77m▀[38;2;93;90;82;48;2;94;92;83m▖[38;2;93;91;82;48;2;95;93;84m▌[38;2;91;88;80;48;2;93;91;82m▀[38;2;90;87;79;48;2;92;90;81m▞[38;2;91;89;80;48;2;96;94;84m▌[38;2;97;94;85;48;2;84;81;73m▌[38;2;84;80;72;48;2;89;111;92m▛[38;2;90;95;81;48;2;90;131;111m▘[38;2;91;138;117;48;2;87;131;111m▘[38;2;87;131;111;48;2;87;131;111m█[38;2;86;130;110;48;2;87;131;111m▝[38;2;85;128;108;48;2;86;131;111m▀[38;2;87;130;111;48;2;86;129;109m▖[38;2;85;130;110;48;2;84;128;108m▀[38;2;82;128;107;48;2;85;129;109m▘[38;2;84;128;107;48;2;85;129;109m▝[38;2;84;128;108;48;2;86;130;111m▀[38;2;85;130;110;48;2;89;135;116m▛[38;2;91;128;107;48;2;192;174;147m▛[38;2;140;154;129;48;2;245;217;183m▀[38;2;166;169;143;48;2;239;212;178m▀[38;2;254;222;189;48;2;156;162;133m▖[38;2;90;136;112;48;2;86;127;108m▞[38;2;95;97;84;48;2;90;115;98m▞[38;2;85;131;111;48;2;88;133;113m▌[38;2;93;132;113;48;2;79;79;70m▌[38;2;79;75;67;48;2;93;91;82m▌[38;2;92;90;82;48;2;90;89;81m▖[38;2;95;93;83;48;2;92;90;82m▀[38;2;97;95;85;48;2;94;92;83m▀[38;2;94;100;86;48;2;87;130;110m▛[38;2;88;124;105;48;2;86;130;110m▘[38;2;84;131;111;48;2;84;128;109m▀[38;2;82;128;108;48;2;81;126;106m▘[38;2;80;124;104;48;2;78;122;102m▌[38;2;79;122;102;48;2;79;124;104m▘[38;2;78;120;100;48;2;80;122;101m▝[38;2;79;123;102;48;2;82;127;106m▛[38;2;116;128;104;48;2;222;196;166m▌[38;2;228;203;171;48;2;224;200;168m▌[0m
[38;2;243;223;195;48;2;231;207;178m▌[38;2;231;207;176;48;2;240;215;182m▌[38;2;167;152;129;48;2;83;70;61m▌[38;2;85;89;80;48;2;103;131;113m▀[38;2;93;122;107;48;2;83;88;80m▖[38;2;81;82;75;48;2;91;86;78m▛[38;2;76;81;75;48;2;87;84;77m▘[38;2;85;84;76;48;2;88;86;79m▛[38;2;82;81;74;48;2;85;84;76m▘[38;2;86;85;78;48;2;85;84;77m▞[38;2;89;87;79;48;2;85;84;76m▛[38;2;89;86;78;48;2;83;81;74m▘[38;2;85;83;76;48;2;88;86;79m▝[38;2;87;84;76;48;2;90;88;80m▛[38;2;89;86;79;48;2;91;89;80m▌[38;2;96;93;84;48;2;93;90;81m▞[38;2;92;90;82;48;2;88;85;78m▘[38;2;91;88;80;48;2;86;84;76m▘[38;2;87;85;77;48;2;94;92;83m▌[38;2;81;75;69;48;2;92;89;81m▝[38;2;84;89;75;48;2;99;134;109m▌[38;2;89;133;113;48;2;84;126;107m▖[38;2;86;131;112;48;2;85;125;105m▀[38;2;87;132;113;48;2;85;125;107m▀[38;2;87;132;112;48;2;88;131;112m▘[38;2;88;131;112;48;2;89;132;113m▀[38;2;87;131;111;48;2;90;132;113m▀[38;2;91;133;114;48;2;87;131;111m▖[38;2;88;132;112;48;2;89;133;114m▀[38;2;90;134;114;48;2;87;131;112m▖[38;2;86;130;110;48;2;88;133;113m▀[38;2;87;134;115;48;2;89;133;113m▝[38;2;207;187;158;48;2;102;136;116m▝[38;2;114;142;120;48;2;214;194;164m▖[38;2;184;147;122;48;2;138;108;89m▖[38;2;189;175;146;48;2;99;130;110m▀[38;2;89;130;107;48;2;88;99;86m▘[38;2;93;108;93;48;2;86;132;113m▘[38;2;89;134;114;48;2;85;116;100m▛[38;2;76;75;66;48;2;86;97;85m▞[38;2;90;88;80;48;2;87;86;78m▛[38;2;85;84;76;48;2;88;87;79m▖[38;2;91;89;80;48;2;88;87;79m▘[38;2;87;86;77;48;2;92;90;81m▘[38;2;96;104;90;48;2;86;126;107m▌[38;2;85;132;112;48;2;87;119;101m▀[38;2;85;130;109;48;2;87;132;112m▛[38;2;84;127;108;48;2;86;131;111m▀[38;2;84;128;108;48;2;82;126;107m▖[38;2;81;124;104;48;2;82;126;107m▀[38;2;81;125;106;48;2;79;123;103m▖[38;2;82;124;105;48;2;80;126;106m▌[38;2;120;129;106;48;2;224;199;167m▌[38;2;224;200;167;48;2;225;201;169m▝[0m
[38;2;241;221;192;48;2;232;209;179m▌[38;2;231;207;177;48;2;238;215;183m▌[38;2;163;149;127;48;2;85;73;62m▌[38;2;78;111;93;48;2;94;125;105m▝[38;2;80;91;78;48;2;84;119;100m▀[38;2;80;81;71;48;2;84;119;100m▀[38;2;83;81;73;48;2;85;119;101m▀[38;2;80;75;68;48;2;87;113;97m▀[38;2;84;97;85;48;2;82;80;72m▖[38;2;86;85;77;48;2;78;73;66m▀[38;2;81;79;72;48;2;85;83;75m▝[38;2;82;81;74;48;2;85;83;75m▀[38;2;86;85;77;48;2;90;88;80m▛[38;2;87;85;77;48;2;88;85;76m▝[38;2;90;87;80;48;2;92;89;79m▀[38;2;91;89;80;48;2;92;90;81m▀[38;2;88;86;78;48;2;90;88;80m▝[38;2;89;87;79;48;2;88;86;78m▛[38;2;86;84;77;48;2;92;89;81m▌[38;2;94;92;83;48;2;91;88;81m▛[38;2;95;92;82;48;2;91;89;82m▀[38;2;83;84;72;48;2;92;123;102m▖[38;2;84;126;107;48;2;88;132;113m▀[38;2;83;123;103;48;2;86;131;111m▀[38;2;84;122;103;48;2;87;130;111m▘[38;2;86;127;108;48;2;87;132;112m▀[38;2;86;128;108;48;2;88;132;112m▀[38;2;87;130;111;48;2;88;131;111m▌[38;2;87;131;112;48;2;89;132;112m▘[38;2;89;132;113;48;2;88;132;112m▘[38;2;87;131;112;48;2;86;130;110m▀[38;2;86;131;112;48;2;86;130;111m▘[38;2;84;130;111;48;2;87;131;112m▝[38;2;126;149;125;48;2;82;128;108m▝[38;2;134;144;121;48;2;80;125;106m▀[38;2;91;126;107;48;2;93;106;90m▀[38;2;86;125;105;48;2;92;103;87m▝[38;2;88;122;105;48;2;92;89;81m▀[38;2;86;94;82;48;2;88;85;78m▘[38;2;95;92;84;48;2;91;88;80m▘[38;2;87;85;77;48;2;89;86;79m▘[38;2;89;87;79;48;2;94;91;82m▛[38;2;90;88;79;48;2;88;86;78m▌[38;2;92;90;81;48;2;90;87;79m▀[38;2;89;86;77;48;2;93;91;82m▝[38;2;92;93;79;48;2;93;90;81m▝[38;2;92;92;80;48;2;91;128;107m▖[38;2;87;132;112;48;2;87;130;110m▛[38;2;84;129;109;48;2;87;130;111m▀[38;2;85;130;111;48;2;82;127;109m▖[38;2;81;126;107;48;2;79;124;106m▛[38;2;79;123;105;48;2;82;127;107m▖[38;2;121;127;105;48;2;220;195;162m▌[38;2;226;201;168;48;2;222;196;162m▀[0m
[38;2;241;221;193;48;2;210;190;163m▛[38;2;240;216;185;48;2;201;182;156m▀[38;2;169;153;131;48;2;80;69;60m▌[38;2;95;124;104;48;2;85;129;110m▌[38;2;86;128;109;48;2;88;131;111m▌[38;2;87;131;111;48;2;92;133;113m▛[38;2;88;132;112;48;2;91;132;113m▀[38;2;86;131;111;48;2;90;133;114m▘[38;2;92;132;113;48;2;93;138;118m▞[38;2;76;70;62;48;2;86;107;92m▝[38;2;86;96;85;48;2;83;80;72m▖[38;2;83;79;71;48;2;88;86;78m▖[38;2;87;85;77;48;2;90;88;80m▘[38;2;89;86;77;48;2;90;88;80m▀[38;2;92;90;81;48;2;95;92;83m▌[38;2;94;91;82;48;2;96;93;83m▝[38;2;92;89;81;48;2;89;87;79m▛[38;2;89;86;78;48;2;90;87;79m▝[38;2;91;88;80;48;2;89;87;79m▛[38;2;96;93;84;48;2;99;96;86m▀[38;2;93;90;82;48;2;95;93;83m▝[38;2;99;97;87;48;2;86;82;75m▖[38;2;93;112;92;48;2;86;84;75m▝[38;2;98;113;96;48;2;90;134;114m▖[38;2;89;132;112;48;2;89;135;117m▀[38;2;89;132;113;48;2;89;133;115m▀[38;2;88;131;112;48;2;90;133;114m▀▀[38;2;91;134;115;48;2;90;132;113m▖[38;2;90;132;112;48;2;90;133;113m▌[38;2;87;131;112;48;2;88;132;113m▝[38;2;87;130;111;48;2;86;132;113m▀[38;2;88;133;113;48;2;88;129;110m▛[38;2;88;134;113;48;2;91;118;102m▀[38;2;90;127;108;48;2;92;92;82m▀[38;2;97;105;90;48;2;91;87;79m▘[38;2;92;88;79;48;2;94;90;82m▌[38;2;89;87;78;48;2;152;140;120m▛[38;2;108;105;93;48;2;188;164;139m▀[38;2;207;187;159;48;2;92;88;79m▖[38;2;88;85;78;48;2;83;80;73m▀[38;2;89;87;79;48;2;84;82;74m▀[38;2;86;84;76;48;2;82;78;71m▀[38;2;88;86;79;48;2;83;77;70m▀[38;2;89;87;80;48;2;85;80;72m▀[38;2;88;103;89;48;2;86;134;113m▛[38;2;87;127;107;48;2;85;130;110m▘[38;2;84;128;108;48;2;86;130;111m▖[38;2;86;129;111;48;2;83;127;108m▀[38;2;82;127;108;48;2;80;124;107m▛[38;2;77;121;104;48;2;78;122;104m▝[38;2;78;122;105;48;2;78;124;105m▌[38;2;119;123;103;48;2;222;197;166m▌[38;2;222;198;165;48;2;219;194;161m▌[0m
[38;2;239;223;197;48;2;165;150;129m▌[38;2;162;147;125;48;2;192;174;148m▖[38;2;135;123;105;48;2;85;74;64m▌[38;2;97;130;111;48;2;83;118;100m▛[38;2;88;131;112;48;2;86;124;105m▀[38;2;90;132;114;48;2;87;126;108m▀[38;2;92;134;115;48;2;89;129;110m▝[38;2;91;133;113;48;2;90;131;111m▀[38;2;91;133;113;48;2;93;134;114m▝[38;2;91;136;116;48;2;91;133;113m▝[38;2;88;124;107;48;2;90;134;116m▝[38;2;92;138;119;48;2;82;91;80m▖[38;2;81;76;70;48;2;87;89;80m▘[38;2;88;84;77;48;2;91;89;80m▖[38;2;96;94;84;48;2;92;89;80m▛[38;2;95;92;83;48;2;92;89;80m▀[38;2;93;90;82;48;2;90;88;80m▀[38;2;90;88;80;48;2;89;87;79m▌[38;2;90;87;78;48;2;92;89;80m▌[38;2;99;97;87;48;2;93;90;81m▀[38;2;94;91;82;48;2;92;89;80m▀[38;2;94;92;83;48;2;92;89;81m▝[38;2;92;89;81;48;2;86;83;75m▀[38;2;92;98;86;48;2;87;83;76m▝[38;2;98;134;116;48;2;93;92;81m▀[38;2;89;137;119;48;2;89;116;101m▀[38;2;91;136;116;48;2;89;127;109m▀[38;2;91;134;116;48;2;87;127;110m▛[38;2;91;136;117;48;2;89;125;109m▀[38;2;91;138;119;48;2;88;115;100m▀[38;2;89;132;114;48;2;88;95;85m▀[38;2;87;121;106;48;2;87;84;75m▀[38;2;91;107;94;48;2;86;83;75m▘[38;2;90;85;77;48;2;82;80;72m▀[38;2;92;89;80;48;2;78;74;67m▛[38;2;83;80;72;48;2;72;68;62m▀[38;2;75;71;64;48;2;109;101;88m▛[38;2;75;71;63;48;2;124;107;91m▘[38;2;77;60;52;48;2;183;168;144m▀[38;2;110;99;87;48;2;65;61;55m▘[38;2;73;70;63;48;2;59;56;49m▀[38;2;69;67;60;48;2;71;89;77m▛[38;2;70;66;59;48;2;80;115;98m▀[38;2;76;90;78;48;2;85;131;111m▀[38;2;81;112;95;48;2;85;131;112m▀[38;2;83;124;105;48;2;84;129;109m▘[38;2;86;129;110;48;2;84;127;109m▝[38;2;84;128;109;48;2;82;127;108m▀[38;2;83;128;108;48;2;81;126;107m▘[38;2;82;126;109;48;2;80;125;107m▘[38;2;79;123;106;48;2;76;122;105m▌[38;2;79;122;106;48;2;79;125;107m▌[38;2;118;124;103;48;2;220;194;163m▌[38;2;223;199;167;48;2;219;195;163m▌[0m
[38;2;242;227;200;48;2;168;152;131m▌[38;2;165;150;128;48;2;187;170;146m▀[38;2;125;115;99;48;2;80;69;59m▌[38;2;93;121;101;48;2;84;130;110m▌[38;2;87;126;107;48;2;81;126;107m▀[38;2;86;128;110;48;2;79;125;106m▀[38;2;87;131;111;48;2;81;126;108m▀[38;2;88;131;112;48;2;81;126;108m▀[38;2;91;133;114;48;2;82;127;109m▀[38;2;90;132;113;48;2;82;127;109m▀[38;2;91;133;114;48;2;82;128;111m▀[38;2;92;138;120;48;2;85;130;114m▝[38;2;93;138;119;48;2;88;131;114m▘[38;2;88;94;83;48;2;84;127;110m▀[38;2;87;87;78;48;2;76;72;66m▛[38;2;89;86;78;48;2;76;73;67m▀[38;2;89;86;77;48;2;73;70;64m▀[38;2;85;82;74;48;2;73;70;63m▀[38;2;86;82;74;48;2;73;70;63m▀[38;2;92;88;79;48;2;78;75;67m▀[38;2;89;85;76;48;2;76;72;65m▀[38;2;88;84;76;48;2;75;71;64m▀[38;2;82;79;71;48;2;68;65;59m▀[38;2;82;79;72;48;2;70;67;61m▀[38;2;81;77;70;48;2;69;66;60m▀[38;2;84;78;71;48;2;69;67;61m▀[38;2;81;79;71;48;2;65;62;57m▀[38;2;82;83;74;48;2;65;60;55m▀[38;2;78;75;67;48;2;58;55;50m▀[38;2;77;71;64;48;2;57;54;49m▀[38;2;78;73;65;48;2;57;54;49m▀[38;2;72;70;63;48;2;54;51;47m▀[38;2;53;50;45;48;2;70;68;61m▖[38;2;83;79;72;48;2;51;48;43m▛[38;2;63;59;52;48;2;48;46;41m▀[38;2;59;56;51;48;2;46;43;40m▀[38;2;127;117;100;48;2;45;42;38m▝[38;2;169;144;122;48;2;62;67;59m▀[38;2;186;164;140;48;2;63;84;73m▀[38;2;67;73;64;48;2;87;132;114m▀[38;2;79;104;90;48;2;88;132;114m▘[38;2;89;137;117;48;2;88;133;114m▝[38;2;89;135;116;48;2;87;132;112m▘[38;2;87;129;109;48;2;86;130;111m▝[38;2;87;129;110;48;2;86;131;112m▀[38;2;85;129;110;48;2;84;129;111m▀[38;2;85;128;109;48;2;84;130;111m▀[38;2;85;127;108;48;2;83;129;109m▀[38;2;82;126;107;48;2;80;125;106m▛[38;2;82;125;107;48;2;78;124;105m▀[38;2;80;124;106;48;2;78;123;106m▛[38;2;80;124;106;48;2;72;121;99m▛[38;2;120;128;105;48;2;221;195;164m▌[38;2;226;202;171;48;2;219;195;163m▘[0m
[38;2;249;233;205;48;2;234;212;181m▌[38;2;233;211;181;48;2;231;208;179m▝[38;2;170;153;132;48;2;227;205;174m▝[38;2;107;130;105;48;2;218;197;167m▀[38;2;99;131;108;48;2;218;197;166m▀[38;2;96;128;107;48;2;217;196;166m▀[38;2;100;132;110;48;2;221;201;171m▀[38;2;97;130;108;48;2;220;200;169m▀[38;2;95;129;107;48;2;217;196;165m▀[38;2;97;131;109;48;2;221;199;167m▀[38;2;99;132;112;48;2;223;200;169m▀[38;2;98;132;112;48;2;223;200;169m▀[38;2;100;132;113;48;2;222;199;169m▀[38;2;100;134;114;48;2;221;197;168m▀[38;2;95;116;99;48;2;222;200;170m▀[38;2;80;75;66;48;2;219;196;168m▀[38;2;77;72;63;48;2;216;194;165m▀[38;2;76;71;62;48;2;213;190;162m▀[38;2;76;71;62;48;2;212;189;160m▀[38;2;75;70;62;48;2;211;190;161m▀[38;2;76;71;62;48;2;211;189;160m▀[38;2;78;73;64;48;2;212;189;160m▀[38;2;73;68;60;48;2;207;185;157m▀[38;2;73;69;61;48;2;210;188;158m▀[38;2;74;69;61;48;2;212;190;162m▀[38;2;72;68;60;48;2;212;190;161m▀[38;2;71;67;59;48;2;212;191;162m▀[38;2;70;66;57;48;2;213;192;163m▀[38;2;70;65;57;48;2;215;193;163m▀[38;2;69;64;56;48;2;216;194;165m▀[38;2;66;62;54;48;2;213;192;163m▀[38;2;66;61;53;48;2;209;188;159m▀[38;2;87;83;73;48;2;204;183;154m▀[38;2;60;55;49;48;2;202;182;153m▀[38;2;60;56;49;48;2;206;185;157m▀[38;2;61;58;51;48;2;210;189;160m▀[38;2;80;94;80;48;2;215;196;166m▀[38;2;91;119;101;48;2;214;193;163m▀[38;2;101;136;116;48;2;215;192;163m▀[38;2;98;131;112;48;2;213;192;163m▀[38;2;97;129;110;48;2;213;192;163m▀[38;2;95;129;109;48;2;211;190;160m▀[38;2;94;129;109;48;2;207;186;156m▀[38;2;95;129;109;48;2;210;188;158m▀[38;2;93;127;107;48;2;207;187;156m▀[38;2;94;128;108;48;2;211;190;161m▀[38;2;93;128;109;48;2;213;193;163m▀[38;2;93;127;108;48;2;212;193;165m▀[38;2;92;125;105;48;2;213;194;166m▀[38;2;92;124;104;48;2;216;196;167m▀[38;2;90;124;102;48;2;214;195;166m▀[38;2;107;131;105;48;2;221;198;168m▀[38;2;180;168;140;48;2;227;202;171m▘[38;2;216;190;158;48;2;226;202;170m▀[0m

   Utagawa Hiroshige: Plum Garden at Kameido, 1857
