         [38;2;238;217;191;48;2;219;190;159m▀[38;2;237;215;189;48;2;221;191;160m▀[38;2;232;208;184;48;2;220;190;159m▀[38;2;231;208;185;48;2;215;185;155m▀[38;2;232;208;183;48;2;219;188;158m▀[38;2;231;207;182;48;2;220;189;157m▀[38;2;231;207;182;48;2;219;187;155m▀[38;2;235;211;185;48;2;221;187;153m▀[38;2;234;211;185;48;2;221;187;153m▀[38;2;235;214;189;48;2;218;184;151m▀[38;2;237;218;194;48;2;218;182;148m▀[38;2;237;217;193;48;2;219;183;149m▀[38;2;237;217;193;48;2;220;185;151m▀[38;2;237;217;192;48;2;218;183;149m▀[38;2;237;216;192;48;2;219;183;150m▀[38;2;236;215;190;48;2;219;184;150m▀[38;2;235;215;191;48;2;219;184;151m▀[38;2;235;216;192;48;2;218;183;151m▀[38;2;236;217;192;48;2;220;186;153m▀[38;2;237;217;193;48;2;219;185;152m▀[38;2;235;215;191;48;2;220;185;153m▀[38;2;235;214;190;48;2;220;185;152m▀[38;2;234;212;187;48;2;220;185;152m▀[38;2;232;209;184;48;2;219;183;151m▀[38;2;231;207;181;48;2;218;183;150m▀[38;2;232;208;181;48;2;220;184;151m▀[38;2;232;208;181;48;2;221;185;152m▀[38;2;234;210;184;48;2;220;185;151m▀[38;2;233;211;185;48;2;220;185;152m▀[38;2;233;211;186;48;2;219;184;151m▀[38;2;234;212;187;48;2;219;184;152m▀[38;2;233;212;186;48;2;219;184;151m▀[38;2;233;212;187;48;2;220;185;152m▀[38;2;234;212;187;48;2;220;186;154m▀[38;2;233;211;186;48;2;220;185;153m▀[38;2;234;212;186;48;2;219;184;152m▀[38;2;235;214;188;48;2;221;186;153m▀[38;2;236;215;190;48;2;221;186;153m▀[38;2;235;214;189;48;2;221;186;153m▀[38;2;235;214;189;48;2;220;185;152m▀[38;2;234;213;189;48;2;218;183;150m▀[38;2;236;216;191;48;2;221;186;153m▀[38;2;237;216;192;48;2;221;187;154m▀[38;2;237;216;192;48;2;222;187;155m▀[38;2;237;215;190;48;2;221;186;153m▀[38;2;237;211;182;48;2;209;177;146m▀[38;2;236;211;182;48;2;217;184;151m▀[38;2;233;208;182;48;2;216;183;152m▀[38;2;227;202;177;48;2;215;184;154m▀[38;2;228;203;178;48;2;217;185;155m▀[38;2;227;203;178;48;2;213;183;153m▀[38;2;230;206;180;48;2;219;188;158m▀[38;2;235;211;184;48;2;222;190;159m▀[38;2;209;177;145;48;2;231;210;183m▖[0m
         [38;2;220;191;160;48;2;224;194;164m▀[38;2;222;192;162;48;2;225;194;163m▀[38;2;222;192;162;48;2;221;190;159m▌[38;2;217;186;155;48;2;220;189;159m▘[38;2;218;189;160;48;2;231;199;168m▀[38;2;224;193;162;48;2;231;198;166m▀[38;2;224;191;160;48;2;231;198;164m▀[38;2;225;191;157;48;2;229;194;161m▀[38;2;226;191;157;48;2;229;194;161m▀[38;2;223;188;155;48;2;226;192;159m▀[38;2;223;188;155;48;2;226;191;158m▀[38;2;225;189;155;48;2;226;192;159m▀[38;2;224;190;156;48;2;226;191;158m▛[38;2;224;190;155;48;2;226;191;158m▀[38;2;225;190;157;48;2;224;188;156m▞[38;2;226;190;157;48;2;224;189;157m▀[38;2;226;191;158;48;2;222;188;156m▀[38;2;227;191;158;48;2;220;186;155m▀[38;2;226;191;159;48;2;219;186;155m▀[38;2;226;190;158;48;2;216;184;153m▀[38;2;227;192;158;48;2;214;182;151m▀[38;2;227;192;159;48;2;214;181;151m▀[38;2;226;191;158;48;2;212;181;151m▀[38;2;226;191;159;48;2;214;182;152m▀[38;2;226;191;160;48;2;215;183;153m▀[38;2;226;191;159;48;2;215;183;152m▀[38;2;227;192;160;48;2;216;183;153m▀[38;2;225;191;160;48;2;215;183;153m▀[38;2;224;189;158;48;2;214;183;152m▀[38;2;226;191;158;48;2;213;181;151m▀[38;2;226;191;159;48;2;211;180;151m▀[38;2;227;192;161;48;2;213;181;151m▀[38;2;226;191;159;48;2;213;182;152m▀[38;2;227;192;160;48;2;212;181;151m▀[38;2;227;193;161;48;2;211;181;151m▀[38;2;227;194;162;48;2;212;180;151m▀[38;2;229;194;162;48;2;211;180;151m▀[38;2;228;194;162;48;2;210;180;150m▀[38;2;230;194;162;48;2;210;178;149m▀[38;2;229;194;161;48;2;208;177;147m▀▀[38;2;229;194;161;48;2;209;177;148m▀[38;2;229;194;161;48;2;210;177;147m▀[38;2;228;193;161;48;2;209;177;147m▀[38;2;232;196;163;48;2;202;172;143m▘[38;2;161;140;118;48;2;176;152;127m▘[38;2;190;162;135;48;2;206;176;147m▖[38;2;170;146;122;48;2;180;154;129m▘[38;2;180;154;130;48;2;195;167;141m▌[38;2;226;194;163;48;2;210;180;150m▀[38;2;220;188;158;48;2;231;199;167m▛[38;2;218;187;156;48;2;221;191;161m▝[38;2;211;180;148;48;2;219;186;155m▀[38;2;207;175;144;48;2;194;167;138m▌[0m
         [38;2;228;198;167;48;2;224;195;165m▝[38;2;229;199;168;48;2;224;194;165m▀[38;2;223;192;163;48;2;219;188;159m▘[38;2;219;189;160;48;2;199;175;149m▛[38;2;151;133;115;48;2;47;45;42m▀[38;2;89;80;71;48;2;41;38;37m▀[38;2;88;78;68;48;2;42;39;37m▀[38;2;88;78;69;48;2;43;40;38m▀[38;2;87;78;68;48;2;43;41;39m▀[38;2;85;75;66;48;2;43;40;38m▀[38;2;84;74;65;48;2;43;40;38m▀[38;2;82;73;64;48;2;41;39;37m▀[38;2;80;71;62;48;2;43;40;38m▀[38;2;79;71;62;48;2;43;40;38m▀[38;2;77;68;60;48;2;42;39;37m▀[38;2;76;67;59;48;2;41;39;37m▀[38;2;75;66;59;48;2;41;39;37m▀[38;2;73;66;58;48;2;42;39;37m▀[38;2;70;64;57;48;2;42;39;37m▀[38;2;68;61;55;48;2;43;40;38m▀[38;2;66;59;53;48;2;43;40;37m▀[38;2;65;59;52;48;2;44;40;38m▀[38;2;65;59;53;48;2;44;40;38m▀[38;2;65;59;53;48;2;44;41;38m▀[38;2;65;59;53;48;2;43;40;38m▀[38;2;64;59;52;48;2;43;40;38m▀[38;2;66;60;53;48;2;42;39;37m▀[38;2;66;59;53;48;2;42;39;37m▀[38;2;65;59;53;48;2;42;39;37m▀[38;2;65;59;52;48;2;43;39;37m▀[38;2;66;60;53;48;2;44;40;38m▀[38;2;66;60;54;48;2;44;41;39m▀[38;2;66;60;54;48;2;43;41;38m▀[38;2;65;59;53;48;2;44;41;38m▀[38;2;64;58;52;48;2;44;41;39m▀[38;2;61;56;50;48;2;44;41;38m▀[38;2;61;55;50;48;2;45;42;39m▀[38;2;59;54;49;48;2;45;42;40m▀[38;2;60;54;49;48;2;42;40;38m▀[38;2;61;56;50;48;2;36;34;34m▀[38;2;59;54;49;48;2;41;38;36m▀[38;2;60;55;49;48;2;41;38;36m▀[38;2;60;54;49;48;2;41;38;36m▀[38;2;59;53;48;48;2;39;37;35m▀[38;2;60;54;49;48;2;38;36;35m▀[38;2;33;34;33;48;2;70;58;51m▖[38;2;50;50;46;48;2;115;76;61m▀[38;2;51;51;48;48;2;119;74;61m▀[38;2;121;78;63;48;2;57;53;48m▖[38;2;62;57;51;48;2;46;43;41m▀[38;2;116;102;87;48;2;44;42;39m▀[38;2;192;165;138;48;2;222;190;160m▖[38;2;220;188;157;48;2;222;190;159m▞[38;2;211;179;149;48;2;190;162;133m▌[0m
         [38;2;224;196;165;48;2;227;197;167m▌[38;2;221;191;162;48;2;225;195;165m▝[38;2;229;198;166;48;2;224;193;162m▖[38;2;231;199;168;48;2;200;175;148m▌[38;2;56;52;48;48;2;72;67;60m▀[38;2;52;48;44;48;2;70;66;59m▀[38;2;51;47;44;48;2;67;63;57m▀[38;2;53;49;45;48;2;61;57;51m▀[38;2;53;49;46;48;2;64;60;54m▀[38;2;53;49;45;48;2;67;63;56m▀[38;2;54;50;46;48;2;61;57;51m▀[38;2;53;49;46;48;2;62;58;52m▀[38;2;53;49;46;48;2;65;62;56m▀[38;2;51;47;43;48;2;61;57;52m▀[38;2;50;45;42;48;2;54;51;47m▀[38;2;48;45;42;48;2;47;43;40m▞[38;2;49;46;42;48;2;47;44;41m▀[38;2;49;45;42;48;2;48;44;42m▛[38;2;48;44;41;48;2;49;45;42m▖[38;2;49;45;42;48;2;53;50;45m▀[38;2;48;44;41;48;2;56;52;48m▀[38;2;48;44;41;48;2;56;53;48m▀[38;2;50;46;42;48;2;55;51;47m▀[38;2;49;45;42;48;2;57;54;49m▀[38;2;49;45;42;48;2;50;47;43m▀[38;2;50;47;43;48;2;49;44;42m▖[38;2;48;44;41;48;2;50;46;43m▀[38;2;48;44;41;48;2;49;45;42m▘[38;2;51;47;43;48;2;49;45;42m▝[38;2;49;45;42;48;2;52;49;44m▛[38;2;50;46;42;48;2;57;53;49m▀[38;2;50;46;42;48;2;58;55;50m▀[38;2;50;46;43;48;2;53;49;45m▀[38;2;50;46;43;48;2;52;48;45m▀[38;2;50;46;43;48;2;56;52;47m▛[38;2;50;46;43;48;2;62;58;52m▀[38;2;50;47;43;48;2;65;61;55m▀[38;2;49;46;42;48;2;68;65;59m▀[38;2;63;60;55;48;2;139;124;104m▌[38;2;196;178;148;48;2;154;134;111m▖[38;2;121;112;97;48;2;176;160;134m▀[38;2;125;117;100;48;2;168;158;134m▀[38;2;118;113;98;48;2;150;145;125m▀[38;2;189;176;147;48;2;141;129;109m▖[38;2;150;130;108;48;2;192;173;143m▛[38;2;208;180;145;48;2;188;129;100m▖[38;2;198;109;82;48;2;155;90;71m▌[38;2;210;111;83;48;2;183;101;76m▝[38;2;206;115;85;48;2;98;80;69m▌[38;2;52;49;45;48;2;76;74;66m▀[38;2;60;56;50;48;2;75;70;62m▀[38;2;195;167;140;48;2;227;194;163m▌[38;2;223;190;159;48;2;221;188;157m▞[38;2;216;184;154;48;2;201;171;141m▌[0m
         [38;2;227;197;167;48;2;223;194;164m▝[38;2;225;195;165;48;2;222;192;162m▘[38;2;223;193;163;48;2;225;194;163m▘[38;2;232;200;170;48;2;195;170;145m▌[38;2;105;105;98;48;2;138;145;138m▛[38;2;102;101;93;48;2;129;136;128m▀[38;2;95;93;86;48;2;118;123;114m▀[38;2;87;85;77;48;2;117;120;111m▀[38;2;95;92;84;48;2;121;125;115m▀[38;2;104;102;92;48;2;129;132;122m▀[38;2;88;85;76;48;2;119;122;113m▀[38;2;88;85;77;48;2;114;117;109m▀[38;2;97;96;89;48;2;118;123;115m▀[38;2;88;87;80;48;2;115;119;111m▀[38;2;66;63;58;48;2;91;91;85m▀[38;2;66;64;59;48;2;53;50;46m▖[38;2;55;51;47;48;2;49;45;41m▖[38;2;49;46;42;48;2;59;57;51m▛[38;2;55;52;47;48;2;67;65;59m▀[38;2;66;63;57;48;2;84;84;78m▀[38;2;73;72;66;48;2;104;107;100m▀[38;2;77;76;70;48;2;108;111;103m▀[38;2;77;76;70;48;2;104;106;99m▀[38;2;97;100;94;48;2;78;77;72m▖[38;2;66;64;59;48;2;55;52;48m▖[38;2;49;45;43;48;2;51;48;44m▝[38;2;51;48;44;48;2;50;47;43m▌[38;2;50;46;43;48;2;49;46;42m▛[38;2;50;46;43;48;2;54;51;47m▛[38;2;58;55;50;48;2;68;67;62m▛[38;2;76;76;70;48;2;95;98;92m▛[38;2;80;79;73;48;2;95;97;90m▀[38;2;61;59;54;48;2;79;78;73m▀[38;2;56;53;48;48;2;72;71;66m▀[38;2;67;64;58;48;2;88;87;79m▀[38;2;94;91;81;48;2;119;118;106m▀[38;2;92;90;81;48;2;118;117;105m▀[38;2;99;97;88;48;2;121;123;113m▘[38;2;122;126;116;48;2;163;145;121m▌[38;2;198;170;136;48;2;168;147;121m▌[38;2;152;135;112;48;2;174;158;131m▖[38;2;192;168;139;48;2;162;153;129m▀[38;2;161;151;127;48;2;150;142;120m▛[38;2;179;160;132;48;2;169;153;128m▀[38;2;160;140;115;48;2;188;160;130m▖[38;2;206;174;139;48;2;200;125;94m▌[38;2;189;104;78;48;2;199;112;84m▀[38;2;186;99;76;48;2;197;108;80m▀[38;2;200;110;81;48;2;138;126;111m▌[38;2;94;91;82;48;2;120;125;116m▝[38;2;124;127;116;48;2;97;94;84m▖[38;2;203;173;145;48;2;231;198;166m▌[38;2;227;194;162;48;2;224;191;160m▖[38;2;219;187;156;48;2;204;173;143m▌[0m
         [38;2;227;198;167;48;2;229;197;165m▌[38;2;226;195;163;48;2;228;197;166m▀[38;2;223;192;163;48;2;225;194;164m▝[38;2;231;201;169;48;2;201;174;146m▌[38;2;111;111;103;48;2;143;151;142m▌[38;2;135;143;134;48;2;139;146;136m▀[38;2;135;141;131;48;2;122;126;117m▌[38;2;131;137;127;48;2;127;132;122m▖[38;2;138;140;126;48;2;127;130;119m▖[38;2;147;149;134;48;2;139;140;127m▖[38;2;133;138;125;48;2;126;131;120m▖[38;2;122;126;115;48;2;129;137;126m▌[38;2;126;133;122;48;2;120;125;116m▌[38;2;130;135;124;48;2;126;132;122m▞[38;2;111;113;105;48;2;123;128;118m▝[38;2;84;83;78;48;2;115;118;109m▀[38;2;72;70;64;48;2;106;110;102m▀[38;2;76;75;70;48;2;112;114;106m▀[38;2;93;93;87;48;2;118;122;113m▀[38;2;111;115;107;48;2;122;128;117m▀[38;2;125;132;121;48;2;121;128;118m▖[38;2;117;123;113;48;2;120;125;115m▖[38;2;116;122;114;48;2;120;127;116m▀[38;2;94;95;88;48;2;112;118;109m▝[38;2;74;73;69;48;2;101;104;97m▀[38;2;92;93;87;48;2;64;62;57m▖[38;2;54;50;47;48;2;62;61;56m▀[38;2;52;50;45;48;2;61;60;55m▀[38;2;59;57;52;48;2;76;76;70m▛[38;2;72;71;66;48;2;97;98;92m▀[38;2;94;95;89;48;2;113;116;107m▘[38;2;108;111;102;48;2;118;121;111m▀[38;2;100;102;95;48;2;120;125;115m▀[38;2;103;104;97;48;2;121;126;116m▀[38;2;113;113;103;48;2;127;129;117m▘[38;2;129;132;120;48;2;125;126;114m▌[38;2;129;130;117;48;2;120;122;109m▌[38;2;121;123;112;48;2;130;135;122m▌[38;2;127;133;121;48;2;175;152;125m▌[38;2;222;180;142;48;2;210;174;138m▖[38;2;206;173;139;48;2;207;175;140m▝[38;2;201;173;140;48;2;170;154;128m▌[38;2;163;146;121;48;2;169;156;130m▖[38;2;194;170;139;48;2;168;160;134m▀[38;2;161;150;126;48;2;207;173;139m▖[38;2;217;178;140;48;2;202;127;95m▌[38;2;206;112;82;48;2;182;103;77m▌[38;2;185;103;78;48;2;204;112;84m▛[38;2;201;111;83;48;2;143;132;117m▌[38;2;129;137;128;48;2;125;129;119m▌[38;2;126;131;121;48;2;117;114;103m▌[38;2;207;176;147;48;2;230;196;164m▌[38;2;227;194;162;48;2;224;191;159m▘[38;2;220;187;156;48;2;203;172;142m▌[0m
         [38;2;227;198;166;48;2;230;199;167m▌[38;2;230;198;166;48;2;228;196;165m▌[38;2;227;196;165;48;2;228;197;166m▖[38;2;236;204;172;48;2;204;176;148m▌[38;2;117;117;108;48;2;145;154;144m▌[38;2;142;149;139;48;2;139;146;135m▌[38;2;130;136;125;48;2;126;131;121m▌[38;2;131;137;126;48;2;129;134;123m▌[38;2;126;130;119;48;2;134;137;124m▖[38;2;137;142;130;48;2;132;136;124m▌[38;2;130;134;123;48;2;125;129;118m▌[38;2;129;135;123;48;2;134;141;130m▘[38;2;128;134;123;48;2;130;136;126m▀[38;2;128;134;123;48;2;132;138;127m▝[38;2;129;135;124;48;2;132;138;127m▌[38;2;132;138;126;48;2;123;128;118m▌[38;2;131;137;125;48;2;127;132;121m▝[38;2;130;137;125;48;2;129;134;122m▖[38;2;129;134;121;48;2;124;131;120m▖[38;2;126;132;121;48;2;122;128;117m▝[38;2;126;133;121;48;2;121;127;116m▌[38;2;119;125;114;48;2;124;129;118m▀[38;2;120;125;114;48;2;126;133;121m▌[38;2;123;130;119;48;2;116;120;110m▌[38;2;116;122;112;48;2;128;134;122m▀[38;2;102;104;97;48;2;121;126;116m▝[38;2;91;93;86;48;2;119;125;115m▀[38;2;88;89;82;48;2;116;121;111m▀[38;2;101;103;95;48;2;121;126;116m▀[38;2;109;112;103;48;2;122;128;117m▘[38;2;126;132;121;48;2;120;125;115m▖[38;2;121;127;116;48;2;119;124;114m▌[38;2;127;135;125;48;2;124;131;121m▞[38;2;123;130;120;48;2;119;125;116m▌[38;2;122;129;119;48;2;126;133;123m▘[38;2;130;135;123;48;2;127;134;124m▝[38;2;125;129;118;48;2;117;121;111m▌[38;2;122;128;118;48;2;130;137;126m▌[38;2;147;138;119;48;2;128;134;124m▝[38;2;169;152;128;48;2;123;132;122m▀[38;2;161;147;126;48;2;122;129;120m▀[38;2;144;141;124;48;2;126;128;116m▘[38;2;138;141;128;48;2;137;138;122m▖[38;2;141;138;121;48;2;122;125;113m▛[38;2;161;148;126;48;2;127;134;122m▀[38;2;146;145;129;48;2;184;119;94m▌[38;2;206;111;82;48;2;186;103;78m▌[38;2;173;97;76;48;2;198;107;82m▌[38;2;197;108;82;48;2;137;129;117m▌[38;2;126;133;122;48;2;134;138;127m▘[38;2;131;135;124;48;2;116;111;98m▌[38;2;210;179;150;48;2;230;197;165m▌[38;2;225;193;162;48;2;223;190;159m▖[38;2;220;187;155;48;2;205;173;143m▌[0m
         [38;2;228;201;171;48;2;228;198;166m▌[38;2;230;199;168;48;2;229;199;168m▘[38;2;228;196;165;48;2;228;198;167m▌[38;2;236;203;172;48;2;203;175;148m▌[38;2;121;121;112;48;2;146;154;143m▌[38;2;136;144;135;48;2;140;146;135m▖[38;2;130;132;121;48;2;134;137;126m▌[38;2;131;135;124;48;2;136;139;127m▌[38;2;129;130;118;48;2;139;140;127m▌[38;2;142;143;130;48;2;134;136;124m▌[38;2;131;135;123;48;2;128;132;121m▌[38;2;135;140;128;48;2;137;141;129m▀[38;2;133;138;125;48;2;128;132;121m▌[38;2;134;138;127;48;2;130;135;124m▝[38;2;135;141;129;48;2;132;137;126m▌[38;2;132;137;125;48;2;130;133;122m▘[38;2;127;131;119;48;2;132;137;125m▌[38;2;136;142;129;48;2;134;139;127m▖[38;2;128;133;121;48;2;135;139;127m▀[38;2;126;131;119;48;2;132;136;124m▀[38;2;134;138;125;48;2;129;133;120m▌[38;2;127;132;120;48;2;132;135;122m▘[38;2;130;134;122;48;2;135;140;128m▌[38;2;122;126;115;48;2;127;130;119m▝[38;2;136;139;125;48;2;144;145;131m▛[38;2;134;139;126;48;2;122;127;116m▌[38;2;132;138;126;48;2;125;130;119m▌[38;2;123;128;118;48;2;121;125;114m▌[38;2;134;139;127;48;2;127;131;120m▖[38;2;128;134;122;48;2;133;138;126m▘[38;2;126;132;121;48;2;121;126;116m▌[38;2;123;128;119;48;2;130;134;122m▛[38;2;132;138;127;48;2;125;130;120m▌[38;2;122;128;118;48;2;127;134;124m▛[38;2;129;136;126;48;2;131;138;127m▀[38;2;125;131;122;48;2;130;135;124m▀[38;2;119;123;112;48;2;123;127;117m▝[38;2;129;135;124;48;2;134;140;129m▌[38;2;130;136;125;48;2;133;139;127m▛[38;2;137;141;128;48;2;132;137;125m▘[38;2;132;136;124;48;2;136;140;128m▌[38;2;125;127;116;48;2;137;141;127m▌[38;2;135;137;124;48;2;139;141;126m▌[38;2;133;134;119;48;2;138;138;124m▝[38;2;139;140;126;48;2;145;146;131m▘[38;2;136;139;126;48;2;182;113;89m▌[38;2;207;109;80;48;2;172;94;73m▌[38;2;172;93;72;48;2;204;105;79m▌[38;2;194;105;78;48;2;129;123;113m▌[38;2;134;140;129;48;2;130;132;121m▌[38;2;129;135;125;48;2;117;112;99m▌[38;2;211;180;150;48;2;228;196;165m▌[38;2;222;190;159;48;2;225;192;161m▝[38;2;220;187;156;48;2;205;174;143m▌[0m
         [38;2;228;199;169;48;2;229;198;166m▌[38;2;229;199;167;48;2;230;199;167m▘[38;2;229;198;168;48;2;230;199;168m▝[38;2;236;204;172;48;2;201;174;146m▌[38;2;117;118;109;48;2;146;153;143m▌[38;2;139;145;135;48;2;135;141;131m▀[38;2;127;130;120;48;2;135;139;128m▌[38;2;134;136;124;48;2;138;140;126m▌[38;2;128;128;116;48;2;143;145;132m▌[38;2;135;138;126;48;2;127;130;118m▛[38;2;131;135;124;48;2;127;130;120m▀[38;2;135;140;127;48;2;131;136;124m▛[38;2;129;133;122;48;2;132;136;124m▀[38;2;132;137;126;48;2;130;135;123m▀[38;2;132;137;125;48;2;135;140;128m▖[38;2;130;133;121;48;2;127;131;120m▀[38;2;128;132;120;48;2;138;143;130m▌[38;2;138;143;129;48;2;131;136;123m▘[38;2;135;140;127;48;2;130;134;122m▛[38;2;132;136;125;48;2;139;143;130m▌[38;2;137;140;127;48;2;131;133;121m▘[38;2;134;136;123;48;2;131;133;121m▛[38;2;138;142;130;48;2;135;139;127m▖[38;2;122;126;115;48;2;132;135;123m▌[38;2;141;144;130;48;2;135;139;126m▝[38;2;124;129;118;48;2;129;134;123m▖[38;2;131;137;126;48;2;124;130;120m▌[38;2;117;122;112;48;2;120;124;114m▖[38;2;131;136;124;48;2;127;133;122m▀[38;2;133;139;127;48;2;129;136;124m▀[38;2;125;129;118;48;2;119;125;116m▀[38;2;131;135;124;48;2;123;130;119m▀[38;2;129;135;124;48;2;121;128;118m▌[38;2;121;127;117;48;2;126;132;122m▌[38;2;126;134;124;48;2;124;130;121m▛[38;2;127;133;123;48;2;119;125;116m▛[38;2;120;124;115;48;2;127;133;123m▌[38;2;130;137;127;48;2;125;132;122m▀[38;2;127;133;123;48;2;131;138;127m▌[38;2;126;131;120;48;2;129;134;123m▖[38;2;128;134;123;48;2;125;130;120m▛[38;2;123;128;119;48;2;132;138;127m▌[38;2;132;136;124;48;2;137;140;127m▌[38;2;137;139;125;48;2;130;133;120m▀[38;2;142;145;131;48;2;136;141;128m▛[38;2;138;119;106;48;2;132;138;126m▝[38;2;155;122;105;48;2;128;139;129m▀[38;2;156;122;104;48;2;125;138;129m▀[38;2;157;124;105;48;2;131;137;126m▘[38;2;130;135;125;48;2;134;138;127m▛[38;2;130;137;127;48;2;116;110;98m▌[38;2;215;182;152;48;2;231;198;167m▌[38;2;227;195;163;48;2;224;191;160m▌[38;2;222;189;158;48;2;207;175;144m▌[0m
         [38;2;229;200;169;48;2;231;199;166m▌[38;2;230;198;164;48;2;230;199;166m▖[38;2;229;198;167;48;2;230;199;168m▝[38;2;236;204;172;48;2;197;172;146m▌[38;2;109;109;102;48;2;139;145;135m▌[38;2;139;144;133;48;2;133;139;129m▖[38;2;126;131;121;48;2;104;105;98m▀[38;2;126;129;119;48;2;100;101;93m▀[38;2;130;135;124;48;2;104;106;99m▀[38;2;125;128;118;48;2;103;104;98m▀[38;2;130;134;123;48;2;116;118;108m▀[38;2;137;143;130;48;2;127;132;121m▘[38;2;130;135;125;48;2;127;131;120m▀[38;2;133;138;126;48;2;126;129;118m▀[38;2;131;136;125;48;2;136;140;128m▝[38;2;130;134;122;48;2;137;140;126m▀[38;2;134;139;128;48;2;140;144;131m▀[38;2;128;132;120;48;2;137;141;128m▛[38;2;135;139;127;48;2;130;133;122m▌[38;2;133;137;126;48;2;138;141;128m▘[38;2;132;134;123;48;2;137;138;125m▀[38;2;128;129;117;48;2;129;131;120m▖[38;2;139;142;129;48;2;130;133;121m▌[38;2;124;127;116;48;2;135;138;125m▘[38;2;134;137;125;48;2;130;132;120m▛[38;2;124;128;117;48;2;133;137;125m▛[38;2;130;135;124;48;2;123;127;116m▌[38;2;122;125;114;48;2;133;138;126m▌[38;2;126;130;118;48;2;131;136;123m▌[38;2;134;139;128;48;2;129;134;123m▌[38;2;118;123;113;48;2;127;133;123m▌[38;2;125;131;121;48;2;134;139;127m▛[38;2;128;134;123;48;2;121;127;117m▌[38;2;123;129;119;48;2;132;137;125m▛[38;2;127;133;123;48;2;135;139;127m▛[38;2;118;123;114;48;2;125;130;119m▝[38;2;122;128;118;48;2;135;139;127m▘[38;2;131;135;123;48;2;123;129;118m▖[38;2;128;134;124;48;2;134;137;125m▀[38;2;135;137;125;48;2;128;132;121m▖[38;2;134;137;124;48;2;128;132;120m▖[38;2;134;137;125;48;2;127;132;121m▖[38;2;132;137;124;48;2;137;140;127m▘[38;2;135;136;123;48;2;144;144;129m▛[38;2;141;143;129;48;2;136;138;124m▌[38;2;135;137;124;48;2;137;139;126m▌[38;2;135;138;126;48;2;142;145;132m▛[38;2;130;135;125;48;2;135;140;129m▝[38;2;136;140;129;48;2;141;144;131m▛[38;2;134;138;126;48;2;140;143;130m▌[38;2;136;141;130;48;2;112;105;93m▌[38;2;211;180;151;48;2;230;197;165m▌[38;2;225;192;161;48;2;226;193;162m▝[38;2;222;189;158;48;2;213;180;149m▌[0m
         [38;2;229;201;171;48;2;228;197;166m▌[38;2;231;200;168;48;2;230;198;165m▝[38;2;231;201;169;48;2;230;199;168m▌[38;2;232;199;167;48;2;202;176;149m▌[38;2;93;91;85;48;2;100;102;97m▌[38;2;106;108;102;48;2;99;101;96m▀[38;2;99;100;94;48;2;105;104;97m▀[38;2;105;105;96;48;2;100;100;93m▌[38;2;104;105;98;48;2;108;108;99m▌[38;2;104;104;95;48;2;100;100;93m▞[38;2;102;103;95;48;2;104;107;99m▌[38;2;104;106;99;48;2;100;101;94m▀[38;2;111;114;105;48;2;103;105;97m▝[38;2;102;104;97;48;2;106;107;99m▌[38;2;135;138;126;48;2;109;111;102m▝[38;2;133;136;124;48;2;110;111;102m▀[38;2;131;134;121;48;2;109;110;101m▘[38;2;111;113;105;48;2;103;104;98m▀[38;2;116;117;107;48;2;104;105;97m▀[38;2;120;121;111;48;2;103;104;97m▀[38;2;130;131;119;48;2;107;108;100m▀[38;2;114;115;105;48;2;133;134;121m▖[38;2;140;141;127;48;2;131;133;120m▛[38;2;135;138;125;48;2;119;122;111m▛[38;2;127;129;118;48;2;100;101;94m▛[38;2;132;135;123;48;2;107;109;101m▀[38;2;126;129;117;48;2;101;102;94m▀[38;2;133;136;123;48;2;108;110;101m▀[38;2;129;134;121;48;2;114;117;107m▀[38;2;132;136;123;48;2;114;117;107m▀[38;2;132;136;123;48;2;127;129;118m▀[38;2;129;133;121;48;2;136;140;126m▘[38;2;122;125;113;48;2;128;131;119m▝[38;2;131;135;122;48;2;134;137;124m▌[38;2;133;136;123;48;2;134;137;124m▝[38;2;130;132;118;48;2;133;135;121m▝[38;2;141;143;130;48;2;138;141;127m▝[38;2;130;132;120;48;2;134;137;124m▞[38;2;139;142;128;48;2;137;139;125m▌[38;2;134;136;122;48;2;137;139;125m▞[38;2;136;137;123;48;2;139;141;127m▞[38;2;141;142;129;48;2;134;136;123m▌[38;2;137;138;124;48;2;140;141;127m▖[38;2;137;137;123;48;2;141;141;126m▖[38;2;139;137;122;48;2;144;142;126m▝[38;2;138;138;124;48;2;135;136;123m▛[38;2;136;138;126;48;2;143;146;132m▌[38;2;137;141;128;48;2;133;137;125m▛[38;2;131;136;125;48;2;136;139;127m▖[38;2;136;140;128;48;2;129;132;121m▛[38;2;133;137;126;48;2;109;104;94m▌[38;2;215;183;153;48;2;231;199;167m▌[38;2;226;193;163;48;2;224;190;159m▌[38;2;222;188;157;48;2;209;177;146m▌[0m
         [38;2;229;201;171;48;2;227;197;166m▌[38;2;227;196;165;48;2;229;198;166m▌[38;2;230;199;168;48;2;229;198;167m▌[38;2;231;200;169;48;2;212;185;156m▌[38;2;108;107;101;48;2;120;117;106m▀[38;2;118;118;107;48;2;106;107;100m▖[38;2;111;111;103;48;2;125;124;112m▛[38;2;114;111;101;48;2;118;117;105m▀[38;2;110;111;102;48;2;123;123;111m▝[38;2;106;106;97;48;2;113;113;102m▀[38;2;108;110;101;48;2;114;115;105m▀[38;2;110;110;101;48;2;116;117;107m▀[38;2;103;105;96;48;2;113;114;105m▀[38;2;105;106;98;48;2;115;118;107m▀[38;2;103;104;95;48;2;107;109;100m▞[38;2;103;104;95;48;2;111;112;102m▝[38;2;106;107;98;48;2;113;114;104m▀[38;2;107;108;99;48;2;114;116;107m▛[38;2;114;116;107;48;2;106;107;99m▖[38;2;108;109;101;48;2;104;105;98m▖[38;2;103;104;96;48;2;101;102;94m▛[38;2;101;102;95;48;2;106;108;100m▘[38;2;108;110;102;48;2;101;102;95m▛[38;2;106;108;99;48;2;100;101;94m▘[38;2;94;96;88;48;2;99;100;93m▝[38;2;99;101;93;48;2;102;104;97m▀[38;2;101;102;94;48;2;94;95;87m▌[38;2;101;104;96;48;2;97;99;92m▌[38;2;97;99;92;48;2;100;102;95m▘[38;2;95;96;90;48;2;98;100;93m▝[38;2;112;114;105;48;2;102;104;96m▝[38;2;126;129;117;48;2;99;101;94m▀[38;2;119;120;109;48;2;97;99;92m▀[38;2;120;122;111;48;2;135;137;124m▖[38;2;132;135;122;48;2;112;113;102m▛[38;2;134;135;121;48;2;108;109;99m▀[38;2;135;137;123;48;2;107;107;98m▀[38;2;135;136;122;48;2;108;110;100m▀[38;2;111;111;101;48;2;134;136;122m▖[38;2;143;145;130;48;2;131;131;119m▀[38;2;135;135;121;48;2;140;142;128m▌[38;2;134;135;122;48;2;140;141;127m▌[38;2;139;141;126;48;2;134;136;122m▞[38;2;135;136;121;48;2;142;143;128m▌[38;2;144;143;126;48;2;141;141;126m▀[38;2;145;144;129;48;2;137;138;123m▌[38;2;144;145;131;48;2;140;142;129m▞[38;2;134;137;124;48;2;136;138;125m▝[38;2;136;140;128;48;2;131;136;125m▞[38;2;131;134;123;48;2;133;136;125m▀[38;2;132;136;125;48;2;110;106;96m▌[38;2;215;183;153;48;2;231;198;166m▌[38;2;225;194;164;48;2;228;196;164m▘[38;2;225;192;160;48;2;211;179;148m▌[0m
         [38;2;229;201;171;48;2;228;198;165m▌[38;2;229;198;166;48;2;231;200;169m▛[38;2;228;197;166;48;2;230;199;168m▝[38;2;231;201;169;48;2;213;185;156m▌[38;2;120;118;108;48;2;151;162;150m▛[38;2;117;118;107;48;2;146;153;140m▀[38;2;120;118;106;48;2;153;155;139m▀[38;2;120;117;104;48;2;153;152;134m▀[38;2;119;117;105;48;2;155;151;131m▀[38;2;114;113;101;48;2;152;147;127m▀[38;2;113;113;102;48;2;148;143;125m▀[38;2;111;112;101;48;2;140;138;121m▀[38;2;105;107;97;48;2;133;134;119m▀[38;2;109;112;102;48;2;131;133;119m▀[38;2;112;112;102;48;2;129;130;116m▛[38;2;107;108;99;48;2;125;126;113m▀[38;2;117;117;105;48;2;104;105;96m▖[38;2;111;112;103;48;2;109;110;100m▞[38;2;106;107;99;48;2;101;102;94m▀[38;2;105;107;99;48;2;97;99;92m▀[38;2;104;105;97;48;2;101;102;95m▀[38;2;111;113;104;48;2;105;106;98m▀[38;2;100;100;93;48;2;105;106;97m▞[38;2;107;108;99;48;2;103;105;96m▖[38;2;97;97;91;48;2;99;101;93m▝[38;2;104;106;98;48;2;100;102;95m▌[38;2;95;96;89;48;2;100;102;93m▀[38;2;105;107;98;48;2;102;104;95m▖[38;2;103;105;97;48;2;106;108;100m▛[38;2;98;99;91;48;2;102;103;95m▝[38;2;100;101;94;48;2;105;106;98m▛[38;2;104;105;98;48;2;102;102;94m▌[38;2;100;101;94;48;2;104;105;97m▘[38;2;103;105;96;48;2;106;108;100m▝[38;2;105;108;99;48;2;100;101;93m▌[38;2;102;103;94;48;2;107;108;99m▛[38;2;109;111;101;48;2;104;105;95m▖[38;2;106;107;98;48;2;107;108;98m▘[38;2;104;105;96;48;2;102;103;94m▖[38;2;104;105;96;48;2;99;100;92m▌[38;2;100;101;93;48;2;112;113;102m▖[38;2;132;134;120;48;2;107;108;99m▀[38;2;135;136;122;48;2;115;116;105m▀[38;2;141;143;127;48;2;120;121;110m▀[38;2;130;130;117;48;2;144;142;126m▖[38;2;146;144;127;48;2;130;129;115m▌[38;2;120;120;108;48;2;112;112;102m▀[38;2;138;137;124;48;2;124;122;110m▀[38;2;135;137;124;48;2;115;116;106m▀[38;2;138;139;126;48;2;124;124;112m▀[38;2;134;137;126;48;2;110;105;94m▌[38;2;216;185;155;48;2;230;198;166m▌[38;2;226;195;164;48;2;227;195;164m▘[38;2;221;188;157;48;2;210;178;146m▌[0m
         [38;2;228;201;172;48;2;230;198;165m▌[38;2;230;198;165;48;2;232;201;170m▌[38;2;232;201;170;48;2;232;201;169m▞[38;2;233;202;171;48;2;213;184;156m▌[38;2;132;129;115;48;2;157;168;154m▌[38;2;149;154;139;48;2;145;154;142m▝[38;2;156;160;143;48;2;147;152;137m▛[38;2;146;149;131;48;2;163;167;147m▌[38;2;161;160;140;48;2;160;156;134m▌[38;2;157;155;134;48;2;168;162;139m▖[38;2;176;172;148;48;2;167;165;143m▘[38;2;176;171;147;48;2;160;159;138m▘[38;2;162;163;143;48;2;156;159;140m▘[38;2;165;168;147;48;2;153;157;138m▌[38;2;153;156;138;48;2;159;163;143m▌[38;2;160;162;142;48;2;164;166;145m▘[38;2;149;152;134;48;2;163;168;149m▛[38;2;147;152;135;48;2;157;164;146m▀[38;2;141;146;130;48;2;155;162;143m▀[38;2;132;138;124;48;2;147;156;139m▀[38;2;118;122;110;48;2;144;150;133m▀[38;2;123;127;115;48;2;150;158;142m▀[38;2;112;115;106;48;2;143;150;135m▀[38;2;105;110;101;48;2;141;150;135m▀[38;2;99;102;95;48;2;124;132;120m▀[38;2;99;101;94;48;2;122;130;118m▀[38;2;98;99;92;48;2;120;125;112m▀[38;2;97;99;91;48;2;118;122;111m▀[38;2;99;102;94;48;2;117;123;112m▀[38;2;94;95;89;48;2;104;109;100m▀[38;2;99;100;93;48;2;102;106;98m▀[38;2;99;101;93;48;2;97;99;92m▞[38;2;105;108;99;48;2;98;101;94m▝[38;2;96;98;91;48;2;106;108;99m▖[38;2;100;101;93;48;2;108;109;98m▖[38;2;112;114;104;48;2;106;108;98m▀[38;2;106;107;98;48;2;111;112;103m▖[38;2;113;115;105;48;2;105;105;96m▌[38;2;104;105;96;48;2;106;106;98m▖[38;2;105;105;96;48;2;109;110;101m▝[38;2;116;117;106;48;2;106;107;98m▖[38;2;104;104;95;48;2;112;113;102m▀[38;2;98;99;92;48;2;102;103;95m▀[38;2;98;100;92;48;2;105;106;97m▘[38;2;106;107;97;48;2;109;110;101m▖[38;2;112;112;102;48;2;121;122;111m▀[38;2;115;115;106;48;2;108;110;102m▀[38;2;121;119;108;48;2;106;107;99m▀[38;2;113;111;101;48;2;114;114;104m▘[38;2;110;110;100;48;2;121;120;108m▛[38;2;119;122;112;48;2;104;98;88m▌[38;2;217;187;157;48;2;230;198;167m▌[38;2;227;194;163;48;2;225;193;161m▛[38;2;223;190;159;48;2;214;182;151m▌[0m
         [38;2;229;202;172;48;2;229;199;167m▘[38;2;229;199;168;48;2;230;198;166m▀[38;2;232;201;169;48;2;230;199;167m▘[38;2;232;201;169;48;2;216;186;156m▌[38;2;136;133;119;48;2;157;168;155m▌[38;2;149;158;146;48;2;146;154;141m▘[38;2;154;162;146;48;2;149;155;139m▌[38;2;152;158;141;48;2;156;164;147m▌[38;2;152;156;138;48;2;160;161;141m▌[38;2;156;157;137;48;2;158;162;143m▌[38;2;162;164;145;48;2;154;158;140m▀[38;2;153;158;140;48;2;156;163;144m▛[38;2;152;159;140;48;2;158;165;146m▌[38;2;157;164;146;48;2;153;159;141m▌[38;2;157;161;142;48;2;158;162;144m▌[38;2;158;164;145;48;2;141;148;132m▛[38;2;151;158;140;48;2;157;166;148m▌[38;2;154;161;142;48;2;149;158;141m▝[38;2;154;161;142;48;2;150;158;141m▀[38;2;149;156;139;48;2;143;153;136m▖[38;2;138;143;128;48;2;153;162;144m▌[38;2;144;153;138;48;2;133;139;124m▘[38;2;139;146;130;48;2;146;154;138m▌[38;2;149;156;139;48;2;140;148;132m▘[38;2;138;145;130;48;2;146;156;140m▌[38;2;149;157;140;48;2;142;149;134m▛[38;2;148;158;142;48;2;140;149;134m▝[38;2;141;149;133;48;2;148;158;141m▌[38;2;149;158;141;48;2;126;136;123m▛[38;2;134;145;131;48;2;142;153;137m▌[38;2;136;148;133;48;2;136;146;132m▌[38;2;130;139;126;48;2;140;152;137m▛[38;2;131;139;125;48;2;143;154;138m▀[38;2;114;123;112;48;2;142;154;140m▀[38;2;106;111;102;48;2;136;147;132m▀[38;2;106;111;102;48;2;141;152;137m▀[38;2;109;113;104;48;2;142;154;138m▀[38;2;105;108;99;48;2;133;142;128m▀[38;2;106;108;99;48;2;134;144;130m▀[38;2;106;108;99;48;2;131;140;128m▀[38;2;105;106;98;48;2;128;136;123m▀[38;2;105;105;95;48;2;110;116;107m▀[38;2;101;102;93;48;2;114;117;107m▀[38;2;108;110;100;48;2;104;106;97m▛[38;2;109;109;99;48;2;105;105;97m▝[38;2;117;116;104;48;2;106;106;97m▀[38;2;115;116;107;48;2;106;107;99m▝[38;2;112;114;105;48;2;104;105;97m▀[38;2;112;114;105;48;2;105;106;97m▀[38;2;111;111;101;48;2;121;120;109m▌[38;2;103;105;97;48;2;99;92;82m▌[38;2;220;190;159;48;2;228;196;165m▌[38;2;228;196;165;48;2;224;192;162m▖[38;2;220;187;156;48;2;212;180;149m▌[0m
         [38;2;223;193;160;48;2;227;197;165m▘[38;2;229;198;167;48;2;230;200;170m▀[38;2;233;201;168;48;2;233;201;169m▘[38;2;234;203;170;48;2;218;189;159m▌[38;2;129;126;113;48;2;162;171;156m▌[38;2;146;154;141;48;2;151;157;143m▌[38;2;160;165;149;48;2;148;152;137m▌[38;2;156;162;146;48;2;159;165;148m▘[38;2;152;154;137;48;2;164;165;144m▛[38;2;159;161;142;48;2;161;166;146m▌[38;2;153;157;138;48;2;158;159;139m▀[38;2;156;164;146;48;2;157;161;142m▝[38;2;154;162;144;48;2;160;168;150m▌[38;2;154;160;142;48;2;153;158;139m▌[38;2;155;161;142;48;2;158;164;146m▌[38;2;145;153;137;48;2;149;157;139m▝[38;2;157;167;149;48;2;152;162;145m▘[38;2;153;164;147;48;2;148;157;141m▘[38;2;146;156;141;48;2;144;153;137m▌[38;2;150;159;141;48;2;140;149;134m▌[38;2;135;144;130;48;2;145;155;139m▌[38;2;134;142;127;48;2;132;140;127m▞[38;2;137;146;131;48;2;143;152;137m▝[38;2;144;152;136;48;2;136;143;128m▌[38;2;140;148;133;48;2;147;159;143m▘[38;2;145;155;139;48;2;143;149;133m▌[38;2;147;156;140;48;2;140;150;134m▛[38;2;149;158;140;48;2;139;150;135m▛[38;2;132;142;129;48;2;139;149;134m▝[38;2;140;151;136;48;2;144;156;140m▌[38;2;138;150;136;48;2;131;142;129m▌[38;2;133;144;130;48;2;138;149;133m▘[38;2;140;151;136;48;2;144;156;139m▘[38;2;141;155;140;48;2;137;150;136m▌[38;2;137;148;134;48;2;141;154;138m▌[38;2;141;155;140;48;2;147;159;142m▌[38;2;150;161;145;48;2;143;152;136m▌[38;2;138;146;130;48;2;148;157;139m▌[38;2;143;154;137;48;2;140;150;134m▌[38;2;138;147;132;48;2;148;158;141m▌[38;2;147;157;141;48;2;144;153;137m▘[38;2;143;152;137;48;2;139;147;132m▖[38;2;144;154;138;48;2;148;157;141m▌[38;2;131;142;129;48;2;140;150;135m▝[38;2;136;144;130;48;2;146;155;139m▀[38;2;142;150;134;48;2;148;157;140m▀[38;2;132;139;126;48;2;153;163;147m▀[38;2;122;126;115;48;2;149;159;143m▀[38;2;119;124;113;48;2;148;155;141m▀[38;2;117;119;109;48;2;148;156;142m▀[38;2;136;145;134;48;2;109;106;96m▖[38;2;218;187;157;48;2;228;197;167m▌[38;2;227;195;165;48;2;224;191;160m▘[38;2;221;188;156;48;2;212;180;148m▌[0m
         [38;2;226;198;169;48;2;231;201;169m▌[38;2;228;199;168;48;2;229;199;169m▌[38;2;232;202;171;48;2;228;198;167m▘[38;2;230;200;169;48;2;219;191;162m▌[38;2;138;133;118;48;2;159;166;152m▌[38;2;141;146;133;48;2;161;163;146m▌[38;2;162;165;147;48;2;158;159;141m▌[38;2;169;170;149;48;2;157;159;139m▌[38;2;170;165;142;48;2;162;160;139m▖[38;2;163;161;140;48;2;169;168;146m▘[38;2;165;163;141;48;2;169;168;145m▛[38;2;155;155;136;48;2;158;161;142m▖[38;2;165;175;156;48;2;159;164;146m▖[38;2;154;158;139;48;2;164;168;149m▌[38;2;164;168;148;48;2;158;161;143m▘[38;2;159;163;145;48;2;152;157;140m▖[38;2;152;158;140;48;2;157;165;147m▘[38;2;159;166;147;48;2;152;160;142m▖[38;2;147;154;137;48;2;153;160;142m▌[38;2;155;163;145;48;2;145;153;137m▌[38;2;146;154;138;48;2;143;150;134m▞[38;2;140;146;131;48;2;144;152;136m▘[38;2;150;159;142;48;2;147;155;138m▖[38;2;145;151;135;48;2;146;153;138m▀[38;2;154;164;148;48;2;150;162;146m▖[38;2;142;152;136;48;2;147;154;137m▌[38;2;141;149;133;48;2;146;155;139m▝[38;2;142;151;135;48;2;147;157;140m▝[38;2;143;154;139;48;2;140;150;135m▌[38;2;144;156;141;48;2;136;147;133m▛[38;2;142;152;137;48;2;134;146;132m▖[38;2;139;151;136;48;2;144;155;139m▘[38;2;149;159;142;48;2;154;163;145m▛[38;2;141;155;140;48;2;137;147;132m▘[38;2;139;151;136;48;2;144;156;141m▛[38;2;143;155;140;48;2;145;156;140m▝[38;2;148;159;143;48;2;141;147;131m▌[38;2;148;153;135;48;2;147;155;137m▘[38;2;149;158;141;48;2;143;150;134m▌[38;2;149;159;142;48;2;146;154;137m▞[38;2;144;152;135;48;2;148;156;138m▌[38;2;143;150;134;48;2;147;154;137m▛[38;2;155;161;142;48;2;150;157;139m▀[38;2;146;155;138;48;2;149;158;141m▌[38;2;146;154;137;48;2;151;162;145m▛[38;2;148;154;137;48;2;155;160;142m▝[38;2;153;162;146;48;2;151;159;141m▖[38;2;159;164;146;48;2;152;159;142m▖[38;2;150;158;142;48;2;145;150;134m▌[38;2;154;159;142;48;2;141;144;130m▛[38;2;146;153;139;48;2;122;116;103m▌[38;2;220;188;158;48;2;229;197;166m▌[38;2;228;196;164;48;2;227;195;163m▌[38;2;223;190;160;48;2;213;182;151m▌[0m
         [38;2;228;201;171;48;2;230;200;169m▌[38;2;230;200;170;48;2;228;199;168m▛[38;2;231;202;170;48;2;230;201;170m▘[38;2;233;202;171;48;2;221;192;161m▌[38;2;131;129;116;48;2;144;155;144m▌[38;2;166;171;154;48;2;150;159;146m▝[38;2;144;147;132;48;2;156;157;139m▖[38;2;160;162;142;48;2;147;139;122m▀[38;2;162;163;142;48;2;137;123;108m▀[38;2;170;170;148;48;2;144;128;112m▀[38;2;169;168;145;48;2;143;128;110m▀[38;2;159;142;121;48;2;134;122;108m▀[38;2;149;142;125;48;2;121;103;90m▀[38;2;161;169;150;48;2;151;143;125m▀[38;2;156;163;146;48;2;149;144;128m▀[38;2;151;160;143;48;2;142;143;128m▀[38;2;158;170;153;48;2;148;154;138m▘[38;2;156;166;149;48;2;143;151;136m▘[38;2;143;152;136;48;2;149;160;143m▌[38;2;151;161;144;48;2;142;151;136m▘[38;2;138;147;132;48;2;140;152;138m▝[38;2;142;153;138;48;2;146;160;145m▛[38;2;152;162;146;48;2;143;154;139m▘[38;2;143;153;138;48;2;151;163;147m▛[38;2;150;164;149;48;2;142;155;141m▌[38;2;141;150;135;48;2;144;156;142m▀[38;2;139;153;138;48;2;144;154;139m▌[38;2;137;149;135;48;2;147;158;142m▖[38;2;134;146;133;48;2;138;150;135m▖[38;2;140;153;138;48;2;134;145;131m▌[38;2;142;153;138;48;2;135;145;131m▌[38;2;150;158;142;48;2;144;155;140m▝[38;2;154;162;144;48;2;142;152;137m▛[38;2;133;143;129;48;2;138;152;138m▌[38;2;142;156;140;48;2;148;160;144m▌[38;2;141;153;137;48;2;146;159;144m▌[38;2;147;159;143;48;2;137;148;133m▘[38;2;144;155;141;48;2;147;159;143m▌[38;2;144;154;138;48;2;148;159;143m▝[38;2;145;157;141;48;2;141;149;134m▌[38;2;146;157;141;48;2;139;149;135m▛[38;2;141;150;134;48;2;145;154;137m▖[38;2;147;155;138;48;2;143;153;137m▞[38;2;145;152;135;48;2;145;155;139m▘[38;2;149;158;141;48;2;151;161;144m▌[38;2;146;150;134;48;2;150;156;139m▖[38;2;156;162;144;48;2;152;157;140m▛[38;2;156;163;146;48;2;150;158;142m▘[38;2;145;151;136;48;2;151;157;142m▛[38;2;146;149;134;48;2;148;154;139m▞[38;2;148;157;142;48;2;128;120;105m▌[38;2;226;193;162;48;2;230;198;166m▌[38;2;230;197;165;48;2;227;195;163m▌[38;2;224;191;160;48;2;214;182;152m▌[0m
         [38;2;230;202;172;48;2;229;199;168m▛[38;2;227;198;168;48;2;230;201;171m▝[38;2;229;199;169;48;2;218;187;158m▛[38;2;232;201;170;48;2;225;195;165m▘[38;2;129;126;113;48;2;138;152;143m▌[38;2;144;156;145;48;2;144;154;142m▞[38;2;148;154;139;48;2;154;161;145m▌[38;2;149;153;135;48;2;159;161;142m▀[38;2;152;150;132;48;2;170;168;146m▀[38;2;157;153;134;48;2;170;168;147m▀[38;2;142;138;122;48;2;159;159;139m▝[38;2;147;144;128;48;2;166;170;150m▀[38;2;149;144;128;48;2;160;164;144m▀[38;2;148;141;124;48;2;157;166;147m▀[38;2;142;135;119;48;2;153;163;145m▀[38;2;133;127;114;48;2;151;162;144m▀[38;2;132;126;113;48;2;150;161;143m▀[38;2;129;120;106;48;2;147;159;143m▀[38;2;135;125;110;48;2;146;155;140m▀[38;2;135;125;109;48;2;141;148;132m▀[38;2;133;126;110;48;2;141;148;133m▀[38;2;140;133;117;48;2;137;144;129m▀[38;2;132;123;108;48;2;131;137;123m▀[38;2;138;128;112;48;2;141;144;128m▘[38;2;136;139;125;48;2;129;139;127m▀[38;2;132;140;126;48;2;137;147;133m▌[38;2;132;139;126;48;2;125;132;119m▀[38;2;140;152;137;48;2;134;143;130m▛[38;2;135;145;131;48;2;142;156;141m▌[38;2;137;149;135;48;2;137;151;138m▌[38;2;126;137;125;48;2;136;148;134m▖[38;2;141;153;139;48;2;139;155;142m▀[38;2;148;159;143;48;2;138;148;132m▘[38;2;134;145;130;48;2;136;152;139m▘[38;2;140;155;141;48;2;137;150;136m▌[38;2;147;159;143;48;2;141;154;138m▝[38;2;133;145;132;48;2;141;153;138m▌[38;2;146;157;142;48;2;143;152;136m▛[38;2;142;151;134;48;2;162;155;133m▛[38;2;132;146;133;48;2;173;154;129m▀[38;2;149;154;136;48;2;135;145;131m▌[38;2;135;144;130;48;2;140;148;133m▖[38;2;148;155;139;48;2;143;149;133m▛[38;2;143;154;140;48;2;141;146;131m▀[38;2;144;156;140;48;2;143;146;131m▀[38;2;150;158;141;48;2;143;144;129m▝[38;2;149;158;142;48;2;145;140;125m▀[38;2;147;158;144;48;2;148;140;125m▀[38;2;144;154;140;48;2;140;124;109m▀[38;2;146;152;137;48;2;144;130;114m▀[38;2;141;150;136;48;2;130;118;104m▘[38;2;224;192;162;48;2;227;195;164m▌[38;2;225;194;163;48;2;226;194;162m▘[38;2;223;191;160;48;2;215;183;152m▌[0m
         [38;2;232;205;176;48;2;229;199;168m▌[38;2;228;199;169;48;2;226;196;166m▀[38;2;224;193;163;48;2;227;196;166m▝[38;2;231;201;169;48;2;227;196;164m▌[38;2;129;125;112;48;2;132;147;139m▌[38;2;136;148;138;48;2;140;153;142m▛[38;2;142;152;140;48;2;154;163;148m▌[38;2;149;156;140;48;2;157;162;144m▛[38;2;158;162;144;48;2;153;158;140m▘[38;2;161;164;144;48;2;157;160;141m▞[38;2;146;148;130;48;2;149;157;140m▘[38;2;151;158;142;48;2;154;163;146m▘[38;2;150;160;143;48;2;145;155;139m▝[38;2;148;159;143;48;2;143;155;140m▝[38;2;141;153;139;48;2;147;159;143m▌[38;2;142;151;136;48;2;151;162;145m▌[38;2;141;151;136;48;2;146;157;141m▖[38;2;140;150;135;48;2;144;155;140m▞[38;2;134;144;130;48;2;139;149;135m▞[38;2;135;144;130;48;2;144;155;140m▌[38;2;139;152;137;48;2;136;146;132m▌[38;2;138;148;133;48;2;137;149;136m▖[38;2;134;146;132;48;2;131;143;130m▞[38;2;139;151;136;48;2;143;157;143m▖[38;2;138;150;137;48;2;131;144;131m▌[38;2;140;154;139;48;2;134;146;132m▛[38;2;135;147;133;48;2;147;158;142m▛[38;2;144;154;138;48;2;132;143;129m▌[38;2;137;148;134;48;2;141;154;139m▘[38;2;139;151;136;48;2;131;141;128m▌[38;2;132;138;124;48;2;125;126;111m▖[38;2;132;125;108;48;2;141;131;112m▖[38;2;160;137;112;48;2;122;106;90m▀[38;2;156;148;127;48;2;113;96;81m▀[38;2;138;148;132;48;2;141;115;97m▀[38;2;141;150;135;48;2;142;127;111m▀[38;2;141;145;130;48;2;143;127;110m▀[38;2;149;134;113;48;2;109;98;79m▀[38;2;209;168;132;48;2;143;123;100m▀[38;2;199;160;127;48;2;125;113;97m▀[38;2;142;126;109;48;2;128;119;105m▌[38;2;131;99;84;48;2;141;114;99m▖[38;2;136;123;109;48;2;146;121;104m▀[38;2;138;125;110;48;2;150;123;105m▀[38;2;128;108;96;48;2;151;127;109m▝[38;2;138;111;96;48;2;174;131;108m▀[38;2;144;127;111;48;2;185;143;117m▀[38;2;143;125;109;48;2;182;141;116m▀[38;2;131;99;86;48;2;192;148;122m▀[38;2;140;119;104;48;2;195;153;125m▀[38;2;190;148;123;48;2;144;121;104m▖[38;2;223;192;161;48;2;228;195;164m▌[38;2;225;192;161;48;2;226;193;162m▝[38;2;222;189;156;48;2;212;180;149m▌[0m
         [38;2;230;205;176;48;2;228;198;167m▌[38;2;228;198;168;48;2;229;199;169m▘[38;2;231;200;169;48;2;229;199;168m▖[38;2;231;201;170;48;2;224;194;163m▌[38;2;122;118;107;48;2;130;145;137m▌[38;2;148;164;153;48;2;138;150;139m▖[38;2;151;162;148;48;2;143;152;138m▛[38;2;155;162;145;48;2;149;156;140m▖[38;2;149;153;136;48;2;154;162;144m▘[38;2;155;163;146;48;2;150;156;139m▘[38;2;157;166;148;48;2;152;160;143m▝[38;2;160;165;146;48;2;154;161;144m▝[38;2;153;159;142;48;2;146;152;136m▘[38;2;153;160;142;48;2;144;153;138m▘[38;2;150;157;140;48;2;146;152;136m▞[38;2;149;155;138;48;2;151;159;143m▌[38;2;145;152;136;48;2;149;158;142m▌[38;2;144;150;134;48;2;147;154;137m▘[38;2;138;147;133;48;2;145;154;138m▀[38;2;146;154;137;48;2;152;161;143m▀[38;2;149;159;142;48;2;139;147;131m▌[38;2;135;148;134;48;2;168;154;131m▀[38;2;137;147;133;48;2;171;154;129m▀[38;2;146;158;142;48;2;147;136;118m▀[38;2;142;149;134;48;2;146;129;112m▀[38;2;137;142;127;48;2;143;125;110m▀[38;2;145;142;126;48;2;130;101;87m▀[38;2;138;131;115;48;2;138;122;107m▀[38;2;146;131;114;48;2;143;123;107m▛[38;2;149;132;114;48;2;131;108;93m▌[38;2;151;106;87;48;2;133;118;101m▌[38;2;139;139;123;48;2;131;121;106m▌[38;2;71;72;67;48;2;120;99;86m▝[38;2;79;76;70;48;2;147;111;94m▀[38;2;149;114;96;48;2;200;148;119m▀[38;2;148;127;109;48;2;197;147;118m▀[38;2;210;157;125;48;2;162;127;106m▖[38;2;150;115;96;48;2;196;146;118m▀[38;2;138;104;87;48;2;189;140;113m▀[38;2;177;137;114;48;2;219;165;131m▀[38;2;173;133;111;48;2;204;155;126m▀[38;2;198;149;120;48;2;217;166;133m▀[38;2;190;143;116;48;2;207;157;126m▘[38;2;211;159;128;48;2;198;152;122m▛[38;2;213;161;130;48;2;201;152;121m▀[38;2;217;164;131;48;2;203;155;124m▀[38;2;218;166;131;48;2;197;152;122m▀[38;2;208;161;128;48;2;185;146;117m▀[38;2;217;169;135;48;2;195;153;123m▀[38;2;209;164;133;48;2;184;145;119m▀[38;2;199;155;128;48;2;162;132;111m▘[38;2;228;195;164;48;2;224;194;163m▝[38;2;226;194;163;48;2;225;192;162m▛[38;2;225;191;160;48;2;217;185;154m▌[0m
         [38;2;230;204;176;48;2;229;200;170m▌[38;2;229;200;171;48;2;227;198;168m▖[38;2;228;199;169;48;2;229;199;170m▖[38;2;229;200;170;48;2;219;190;161m▌[38;2;114;112;102;48;2;139;157;150m▌[38;2;137;149;140;48;2;142;156;146m▞[38;2;143;153;140;48;2;148;159;145m▝[38;2;149;158;143;48;2;147;153;137m▌[38;2;152;162;146;48;2;150;157;140m▀[38;2;150;157;141;48;2;156;162;144m▀[38;2;149;158;141;48;2;147;152;135m▛[38;2;159;165;146;48;2;149;155;139m▖[38;2;154;160;143;48;2;144;153;137m▖[38;2;145;153;138;48;2;118;117;104m▛[38;2;150;155;138;48;2;130;131;116m▀[38;2;150;158;141;48;2;144;138;121m▀[38;2;146;154;139;48;2;149;133;116m▀[38;2;146;149;133;48;2;147;127;110m▀[38;2;145;135;119;48;2;142;102;86m▛[38;2;159;116;97;48;2;153;137;118m▖[38;2;139;123;107;48;2;148;129;112m▝[38;2;156;132;112;48;2;132;108;93m▛[38;2;143;115;96;48;2;102;83;72m▀[38;2;127;115;101;48;2;87;81;72m▝[38;2;121;100;85;48;2;165;137;116m▖[38;2;152;131;113;48;2;207;153;125m▀[38;2;154;114;96;48;2;212;161;130m▀[38;2;166;129;108;48;2;213;161;130m▀[38;2;187;142;116;48;2;215;163;130m▀[38;2;185;141;116;48;2;199;153;124m▀[38;2;167;119;98;48;2;181;135;110m▞[38;2;225;171;137;48;2;195;143;116m▖[38;2;158;111;92;48;2;189;142;115m▌[38;2;199;151;122;48;2;181;135;111m▖[38;2;216;165;132;48;2;199;151;122m▀[38;2;209;159;127;48;2;187;142;114m▀[38;2;214;160;128;48;2;197;148;119m▀[38;2;203;154;123;48;2;178;136;111m▀[38;2;199;150;120;48;2;179;137;111m▛[38;2;191;146;118;48;2;177;137;112m▀[38;2;188;145;118;48;2;182;140;116m▞[38;2;194;150;122;48;2;184;140;115m▀[38;2;191;147;119;48;2;177;134;110m▀[38;2;181;140;113;48;2;168;125;103m▀[38;2;185;142;114;48;2;168;126;103m▀[38;2;190;146;118;48;2;176;130;107m▀[38;2;182;141;114;48;2;170;126;105m▀[38;2;168;128;105;48;2;148;106;90m▀[38;2;167;125;104;48;2;176;132;109m▞[38;2;167;125;104;48;2;155;119;100m▌[38;2;146;111;95;48;2;145;123;104m▌[38;2;230;198;166;48;2;227;194;162m▌[38;2;229;197;165;48;2;227;195;163m▌[38;2;223;190;158;48;2;216;185;153m▌[0m
         [38;2;230;204;175;48;2;230;200;168m▌[38;2;230;201;170;48;2;232;202;171m▀[38;2;230;202;171;48;2;228;200;170m▌[38;2;232;203;173;48;2;223;194;164m▌[38;2;118;117;108;48;2;128;149;145m▌[38;2;149;158;145;48;2;123;144;141m▀[38;2;153;160;144;48;2;116;138;135m▀[38;2;149;155;139;48;2;129;141;132m▀[38;2;147;158;142;48;2;137;138;124m▀[38;2;155;164;147;48;2;137;129;115m▀[38;2;151;156;139;48;2;137;117;104m▀[38;2;146;146;130;48;2;138;120;106m▀[38;2;95;94;85;48;2;129;123;110m▝[38;2;119;117;108;48;2;83;78;68m▖[38;2;127;103;85;48;2;80;75;68m▖[38;2;130;111;96;48;2;91;85;76m▝[38;2;166;144;124;48;2;114;103;91m▀[38;2;166;136;115;48;2;204;152;123m▛[38;2;155;123;103;48;2;203;151;122m▀[38;2;178;133;108;48;2;217;163;131m▀[38;2;176;136;111;48;2;214;164;132m▛[38;2;215;162;130;48;2;196;150;122m▌[38;2;164;124;102;48;2;205;156;126m▛[38;2;162;127;105;48;2;213;159;128m▀[38;2;162;121;101;48;2;201;152;124m▌[38;2;214;161;129;48;2;198;150;122m▌[38;2;207;156;126;48;2;193;146;119m▌[38;2;211;159;129;48;2;192;145;118m▝[38;2;196;149;121;48;2;180;137;112m▀[38;2;199;149;120;48;2;180;137;111m▝[38;2;186;141;114;48;2;196;147;119m▌[38;2;190;144;116;48;2;177;136;110m▛[38;2;169;132;108;48;2;188;144;117m▖[38;2;191;144;117;48;2;173;131;107m▀[38;2;180;138;111;48;2;177;132;108m▀[38;2;178;137;112;48;2;170;125;103m▀[38;2;192;145;118;48;2;163;121;100m▀[38;2;174;133;109;48;2;160;120;99m▀[38;2;180;136;111;48;2;163;123;101m▘[38;2;160;122;101;48;2;149;110;94m▀[38;2;169;128;107;48;2;157;120;100m▀[38;2;169;126;105;48;2;159;120;99m▀[38;2;168;124;102;48;2;152;114;94m▀[38;2;167;116;96;48;2;137;104;87m▀[38;2;162;120;99;48;2;122;98;83m▀[38;2;171;125;102;48;2;100;85;77m▀[38;2;155;115;94;48;2;84;80;78m▀[38;2;132;102;85;48;2;91;81;72m▀[38;2;128;102;86;48;2;90;78;69m▀[38;2;116;95;81;48;2;94;82;72m▀[38;2;86;80;75;48;2;137;122;107m▌[38;2;233;200;168;48;2;225;193;162m▌[38;2;224;192;161;48;2;226;193;162m▝[38;2;225;192;160;48;2;221;188;156m▌[0m
         [38;2;232;206;178;48;2;231;201;170m▌[38;2;232;202;171;48;2;230;199;169m▛[38;2;227;198;169;48;2;224;196;167m▛[38;2;229;199;168;48;2;225;195;163m▛[38;2;65;94;115;48;2;109;103;102m▝[38;2;80;94;106;48;2;106;102;106m▘[38;2;120;106;102;48;2;176;119;98m▛[38;2;117;107;104;48;2;94;89;94m▀[38;2;96;90;92;48;2;107;99;100m▌[38;2;87;89;96;48;2;126;104;97m▀[38;2;91;92;98;48;2;166;123;104m▘[38;2;114;99;96;48;2;198;150;123m▀[38;2;135;113;104;48;2;209;162;130m▀[38;2;155;125;107;48;2;211;166;134m▀[38;2;158;119;97;48;2;107;81;68m▌[38;2;90;90;79;48;2;124;98;82m▀[38;2;80;95;93;48;2;92;100;98m▀[38;2;110;99;83;48;2;187;141;114m▌[38;2;209;157;127;48;2;199;150;122m▀[38;2;213;161;129;48;2;187;143;116m▌[38;2;185;143;115;48;2;209;158;126m▌[38;2;206;154;123;48;2;189;143;115m▘[38;2;185;141;114;48;2;207;155;125m▌[38;2;198;150;121;48;2;175;134;110m▀[38;2;169;128;106;48;2;191;144;118m▘[38;2;192;145;117;48;2;175;134;111m▀[38;2;182;138;113;48;2;166;127;105m▛[38;2;181;138;114;48;2;165;124;102m▀[38;2;177;136;112;48;2;158;116;96m▀[38;2;168;128;105;48;2;157;115;95m▀[38;2;156;115;95;48;2;170;126;104m▖[38;2;172;126;103;48;2;160;112;92m▌[38;2;152;110;91;48;2;167;123;101m▌[38;2;166;122;100;48;2;161;118;97m▛[38;2;165;120;99;48;2;147;110;91m▛[38;2;165;115;96;48;2;133;101;85m▀[38;2;155;115;95;48;2;118;95;80m▀[38;2;164;122;100;48;2;109;90;77m▀[38;2;149;113;92;48;2;84;79;74m▀[38;2;128;101;84;48;2;84;80;75m▀[38;2;117;96;82;48;2;84;78;71m▀[38;2;110;92;78;48;2;79;76;73m▀[38;2;84;76;68;48;2;96;84;74m▖[38;2;90;82;72;48;2;92;83;76m▀[38;2;93;84;74;48;2;81;81;81m▀[38;2;64;72;77;48;2;102;92;80m▀[38;2;59;75;86;48;2;99;88;78m▀[38;2;78;78;77;48;2;100;87;76m▌[38;2;88;76;67;48;2;94;81;71m▝[38;2;104;87;76;48;2;84;77;72m▌[38;2;58;78;89;48;2;132;120;106m▌[38;2;232;199;167;48;2;226;195;164m▌[38;2;226;195;164;48;2;223;192;162m▘[38;2;223;191;161;48;2;219;187;156m▌[0m
         [38;2;230;204;176;48;2;230;200;168m▌[38;2;232;201;170;48;2;229;199;168m▌[38;2;225;197;167;48;2;229;199;168m▝[38;2;227;197;167;48;2;224;194;163m▌[38;2;83;83;94;48;2;135;115;104m▝[38;2;100;92;97;48;2;195;148;123m▀[38;2;151;114;100;48;2;205;158;130m▀[38;2;163;125;108;48;2;204;158;128m▀[38;2;183;138;114;48;2;195;149;122m▘[38;2;215;164;131;48;2;192;147;119m▝[38;2;213;165;132;48;2;191;147;120m▀[38;2;208;160;130;48;2;188;145;120m▀[38;2;189;147;122;48;2;207;160;131m▌[38;2;203;156;128;48;2;180;141;117m▌[38;2;172;136;113;48;2;206;158;131m▌[38;2;187;146;122;48;2;168;135;113m▘[38;2;167;115;94;48;2;180;142;119m▀[38;2;204;154;126;48;2;175;138;115m▝[38;2;174;133;111;48;2;181;138;113m▖[38;2;183;139;114;48;2;171;133;110m▘[38;2;179;137;112;48;2;159;122;100m▛[38;2;176;136;111;48;2;153;116;95m▀[38;2;182;139;114;48;2;161;117;96m▀[38;2;164;126;104;48;2;152;109;89m▀[38;2;170;125;103;48;2;144;105;85m▀[38;2;154;114;94;48;2;167;123;102m▛[38;2;156;115;96;48;2;143;107;90m▌[38;2;156;116;96;48;2;145;104;87m▘[38;2;146;105;87;48;2;125;95;80m▛[38;2;164;121;100;48;2;126;97;82m▀[38;2;161;118;97;48;2;110;90;77m▀[38;2;145;106;88;48;2;89;80;71m▀[38;2;132;102;84;48;2;85;78;71m▀[38;2;117;94;80;48;2;84;75;67m▀[38;2;104;87;75;48;2;86;75;67m▘[38;2;83;75;66;48;2;89;79;70m▝[38;2;84;76;68;48;2;90;80;71m▀[38;2;74;71;67;48;2;88;81;73m▝[38;2;79;77;74;48;2;104;91;78m▛[38;2;89;85;79;48;2;70;76;78m▖[38;2;85;78;72;48;2;93;81;72m▝[38;2;72;76;77;48;2;83;79;74m▞[38;2;81;78;73;48;2;100;87;76m▌[38;2;89;81;74;48;2;69;78;81m▛[38;2;65;77;86;48;2;94;85;76m▀[38;2;79;83;85;48;2;50;72;91m▀[38;2;73;83;89;48;2;85;81;76m▌[38;2;84;82;77;48;2;98;86;76m▌[38;2;102;87;77;48;2;91;79;70m▌[38;2;109;93;81;48;2;89;80;74m▌[38;2;48;72;88;48;2;135;129;116m▌[38;2;230;197;165;48;2;223;193;163m▌[38;2;226;195;163;48;2;223;192;162m▛[38;2;227;195;164;48;2;223;191;159m▌[0m
         [38;2;231;205;178;48;2;228;197;166m▌[38;2;232;201;170;48;2;227;198;168m▖[38;2;225;195;166;48;2;227;196;166m▖[38;2;222;195;167;48;2;227;197;167m▝[38;2;190;150;126;48;2;157;130;111m▝[38;2;209;163;135;48;2;185;145;121m▀[38;2;206;160;131;48;2;177;140;116m▀[38;2;191;147;121;48;2;177;141;118m▀[38;2;189;145;121;48;2;171;136;113m▀[38;2;187;144;119;48;2;163;128;107m▀[38;2;187;146;122;48;2;162;128;106m▀[38;2;177;137;114;48;2;153;120;100m▀[38;2;187;145;121;48;2;169;132;110m▝[38;2;164;130;109;48;2;155;125;103m▛[38;2;172;135;113;48;2;158;127;105m▀[38;2;167;131;110;48;2;145;114;95m▀[38;2;159;126;105;48;2;147;110;91m▀[38;2;163;125;104;48;2;151;110;90m▀[38;2;164;123;101;48;2;149;112;93m▀[38;2;157;114;93;48;2;151;104;86m▀[38;2;142;107;89;48;2;154;115;95m▛[38;2;146;111;91;48;2;158;117;96m▀[38;2;164;120;99;48;2;142;107;89m▌[38;2;154;111;92;48;2;125;97;82m▛[38;2;155;112;91;48;2;108;87;73m▀[38;2;148;108;89;48;2;92;85;75m▀[38;2;118;93;78;48;2;77;69;61m▀[38;2;104;85;73;48;2;84;74;65m▀[38;2;84;74;65;48;2;90;78;67m▞[38;2;80;71;63;48;2;90;80;71m▘[38;2;82;74;66;48;2;91;81;71m▀[38;2;61;86;96;48;2;80;74;67m▝[38;2;72;85;89;48;2;89;77;68m▘[38;2;88;78;69;48;2;70;82;86m▛[38;2;70;97;105;48;2;80;72;64m▖[38;2;86;77;69;48;2;92;81;72m▝[38;2;84;75;68;48;2;87;78;70m▝[38;2;90;78;69;48;2;77;80;79m▌[38;2;82;85;83;48;2;87;79;70m▌[38;2;89;80;71;48;2;73;89;93m▛[38;2;79;76;71;48;2;91;79;70m▖[38;2;80;82;81;48;2;68;98;108m▛[38;2;91;83;75;48;2;99;86;76m▌[38;2;90;80;72;48;2;76;92;94m▛[38;2;80;86;86;48;2;87;77;69m▛[38;2;92;84;76;48;2;88;87;81m▀[38;2;60;74;85;48;2;85;78;72m▝[38;2;56;77;95;48;2;79;83;83m▘[38;2;95;82;72;48;2;99;86;77m▛[38;2;105;89;78;48;2;96;86;76m▘[38;2;83;79;74;48;2;139;123;107m▌[38;2;232;200;169;48;2;226;195;165m▖[38;2;224;193;162;48;2;221;190;160m▌[38;2;217;185;154;48;2;220;188;157m▝[0m
         [38;2;229;204;176;48;2;227;197;165m▌[38;2;229;199;168;48;2;230;200;170m▛[38;2;227;196;166;48;2;229;199;169m▀[38;2;226;195;165;48;2;227;197;166m▝[38;2;146;122;104;48;2;130;110;95m▀[38;2;173;139;117;48;2;157;130;109m▀[38;2;170;128;105;48;2;209;123;93m▛[38;2;172;129;105;48;2;196;116;88m▀[38;2;159;118;97;48;2;179;104;82m▀[38;2;152;124;103;48;2;144;116;97m▛[38;2;162;130;109;48;2;152;119;99m▀[38;2;155;124;103;48;2;146;110;91m▀[38;2;174;136;112;48;2;154;115;96m▘[38;2;147;114;96;48;2;144;107;90m▘[38;2;150;113;94;48;2;146;107;89m▌[38;2;168;111;92;48;2;152;107;90m▖[38;2;150;112;93;48;2;160;119;98m▛[38;2;154;115;96;48;2;142;107;89m▛[38;2;159;118;98;48;2;134;103;86m▀[38;2;154;110;92;48;2;106;90;77m▀[38;2;136;103;86;48;2;87;76;66m▀[38;2;122;97;82;48;2;85;78;68m▀[38;2;106;105;95;48;2;94;80;69m▖[38;2;82;74;66;48;2;88;78;69m▞[38;2;91;84;75;48;2;103;107;98m▌[38;2;93;92;84;48;2;114;121;111m▞[38;2;79;72;64;48;2;120;126;114m▀[38;2;87;76;67;48;2;99;86;76m▌[38;2;88;78;69;48;2;86;76;67m▝[38;2;85;74;65;48;2;89;80;71m▘[38;2;84;74;65;48;2;86;76;67m▖[38;2;83;74;65;48;2;94;88;79m▛[38;2;103;106;96;48;2;83;73;64m▖[38;2;83;79;73;48;2;96;83;73m▝[38;2;91;96;89;48;2;86;76;68m▌[38;2;96;84;75;48;2;86;75;67m▌[38;2;89;78;68;48;2;82;73;64m▘[38;2;86;76;67;48;2;95;89;79m▛[38;2;97;100;91;48;2;91;84;74m▝[38;2;101;129;127;48;2;101;99;89m▀[38;2;87;91;85;48;2;87;77;68m▘[38;2;89;88;82;48;2;86;76;67m▀[38;2;93;85;76;48;2;95;82;72m▘[38;2;83;94;93;48;2;96;86;76m▝[38;2;95;99;93;48;2;128;136;121m▀[38;2;105;131;130;48;2;141;151;137m▀[38;2;93;93;86;48;2;131;141;127m▀[38;2;100;122;119;48;2;96;94;86m▝[38;2;89;82;74;48;2;98;84;74m▌[38;2;99;86;76;48;2;93;79;70m▛[38;2;89;101;99;48;2;132;129;115m▘[38;2;229;196;165;48;2;224;194;163m▌[38;2;224;193;163;48;2;219;187;155m▌[38;2;221;189;158;48;2;218;185;153m▀[0m
         [38;2;224;198;170;48;2;226;197;166m▌[38;2;230;199;169;48;2;228;198;168m▝[38;2;232;202;171;48;2;230;200;170m▝[38;2;230;200;170;48;2;227;199;168m▀[38;2;136;117;101;48;2;147;123;105m▘[38;2;167;139;118;48;2;162;130;111m▀[38;2;125;78;64;48;2;165;111;90m▝[38;2;166;104;81;48;2;138;89;73m▞[38;2;143;90;72;48;2;173;111;89m▌[38;2;158;117;98;48;2;155;119;101m▝[38;2;147;103;87;48;2;154;107;90m▞[38;2;135;100;84;48;2;156;115;96m▘[38;2;164;120;99;48;2;145;109;91m▖[38;2;149;112;94;48;2;136;109;93m▛[38;2;145;111;94;48;2;104;90;78m▛[38;2;150;114;95;48;2;93;82;72m▀[38;2;127;103;87;48;2;83;75;68m▀[38;2;94;85;74;48;2;118;126;116m▛[38;2;104;99;89;48;2;148;159;146m▀[38;2;106;100;90;48;2;86;77;69m▖[38;2;80;71;63;48;2;94;82;73m▌[38;2;90;78;70;48;2;100;94;85m▌[38;2;109;104;93;48;2;87;76;68m▌[38;2;86;79;71;48;2;115;119;110m▛[38;2;86;78;70;48;2;126;133;121m▀[38;2;104;103;94;48;2;88;82;74m▝[38;2;108;108;98;48;2;115;118;107m▀[38;2;92;81;72;48;2;84;74;65m▝[38;2;86;75;67;48;2;92;81;72m▀[38;2;87;78;70;48;2;85;77;69m▛[38;2;89;81;72;48;2;84;75;66m▘[38;2;136;150;137;48;2;99;96;86m▝[38;2;148;167;152;48;2;103;101;91m▘[38;2;91;78;69;48;2;96;84;74m▌[38;2;110;114;103;48;2;86;77;69m▘[38;2;93;82;73;48;2;84;75;67m▌[38;2;87;78;69;48;2;83;73;64m▛[38;2;97;88;77;48;2;142;151;136m▌[38;2;101;94;84;48;2;136;149;136m▝[38;2;121;124;111;48;2;93;87;78m▞[38;2;114;114;101;48;2;91;80;71m▌[38;2;96;84;74;48;2;118;116;102m▌[38;2;94;83;75;48;2;100;89;80m▝[38;2;96;87;78;48;2;129;134;120m▛[38;2;106;101;90;48;2;141;151;137m▀[38;2;103;98;88;48;2;138;148;135m▀[38;2;103;98;88;48;2;128;134;122m▀[38;2;93;87;78;48;2;126;133;123m▀[38;2;76;67;60;48;2;97;89;80m▘[38;2;105;92;82;48;2;84;72;63m▌[38;2;111;111;100;48;2;150;139;121m▌[38;2;227;195;164;48;2;224;193;162m▘[38;2;222;191;160;48;2;224;193;162m▝[38;2;221;190;160;48;2;217;187;156m▌[0m
         [38;2;225;200;172;48;2;224;195;165m▌[38;2;229;199;168;48;2;223;194;164m▛[38;2;231;202;171;48;2;202;176;150m▀[38;2;230;201;171;48;2;214;186;157m▀[38;2;143;121;103;48;2;169;132;111m▌[38;2;168;129;108;48;2;162;117;101m▌[38;2;185;118;96;48;2;214;124;93m▌[38;2;203;123;94;48;2;177;109;86m▀[38;2;214;129;98;48;2;190;122;96m▖[38;2;159;120;101;48;2;129;108;92m▀[38;2;160;120;101;48;2;101;88;77m▀[38;2;137;108;91;48;2;110;108;97m▀[38;2;110;94;82;48;2;84;75;68m▀[38;2;90;82;73;48;2;131;136;123m▀[38;2;85;77;69;48;2;94;84;75m▀[38;2;86;77;70;48;2;81;73;66m▛[38;2;88;82;73;48;2;123;131;120m▛[38;2;87;79;72;48;2;126;133;122m▀[38;2;100;96;87;48;2;78;69;62m▛[38;2;88;83;75;48;2;85;77;69m▌[38;2;81;72;64;48;2;87;77;69m▌[38;2;93;83;74;48;2;85;77;69m▌[38;2;87;79;71;48;2;83;74;66m▖[38;2;153;170;157;48;2;102;101;92m▝[38;2;142;155;142;48;2;109;108;97m▀[38;2;143;154;139;48;2;115;115;104m▘[38;2;108;108;98;48;2;82;71;64m▛[38;2;86;77;69;48;2;91;80;71m▘[38;2;90;81;72;48;2;86;77;69m▛[38;2;85;75;66;48;2;87;77;69m▖[38;2;94;87;77;48;2;134;145;132m▛[38;2;96;89;79;48;2;142;154;141m▀[38;2;106;102;91;48;2;121;121;108m▌[38;2;92;81;72;48;2;99;87;77m▀[38;2;83;73;65;48;2;96;84;74m▘[38;2;94;83;74;48;2;86;77;69m▌[38;2;90;80;71;48;2;97;86;76m▌[38;2;100;96;86;48;2;134;144;131m▀[38;2;101;98;89;48;2;125;133;120m▀[38;2;98;92;82;48;2;118;120;109m▝[38;2;121;124;111;48;2;91;81;72m▖[38;2;101;89;79;48;2;95;83;74m▛[38;2;96;83;74;48;2;89;78;69m▞[38;2;93;82;72;48;2;124;131;118m▌[38;2;140;153;139;48;2;134;143;130m▌[38;2;149;159;143;48;2;140;149;135m▌[38;2;141;149;135;48;2;152;162;146m▌[38;2;157;168;152;48;2;149;156;141m▘[38;2;128;133;121;48;2;88;79;70m▌[38;2;101;88;79;48;2;92;78;69m▌[38;2;110;109;99;48;2;141;132;117m▌[38;2;219;187;157;48;2;223;192;162m▖[38;2;224;193;164;48;2;225;195;165m▘[38;2;217;187;156;48;2;221;190;160m▝[0m
         [38;2;230;207;180;48;2;224;195;165m▌[38;2;227;198;170;48;2;215;189;161m▌[38;2;179;158;135;48;2;132;117;103m▌[38;2;135;119;103;48;2;198;173;148m▌[38;2;161;131;111;48;2;130;106;92m▛[38;2;156;120;101;48;2;102;90;78m▀[38;2;158;106;86;48;2;218;129;99m▌[38;2;185;113;88;48;2;174;106;83m▀[38;2;213;130;99;48;2;181;125;99m▌[38;2;93;90;81;48;2;112;116;108m▘[38;2;110;113;104;48;2;90;83;75m▘[38;2;97;93;85;48;2;90;80;71m▛[38;2;90;80;71;48;2;85;74;65m▞[38;2;93;105;101;48;2;125;140;130m▖[38;2;86;77;68;48;2;100;88;79m▌[38;2;83;74;67;48;2;97;105;100m▛[38;2;117;141;137;48;2;93;88;80m▖[38;2;121;129;120;48;2;89;78;70m▀[38;2;102;101;93;48;2;111;131;126m▀[38;2;130;147;138;48;2;96;96;87m▌[38;2;90;78;70;48;2;93;83;74m▛[38;2;100;88;79;48;2;87;77;69m▘[38;2;91;85;77;48;2;108;120;113m▛[38;2;129;151;144;48;2;124;137;129m▖[38;2;121;127;116;48;2;135;152;142m▀[38;2;114;117;106;48;2;123;142;135m▀[38;2;130;153;146;48;2;108;116;107m▖[38;2;91;80;71;48;2;101;89;79m▌[38;2;90;81;74;48;2;96;82;72m▀[38;2;91;82;73;48;2;111;128;122m▛[38;2;105;99;88;48;2;112;127;120m▀[38;2;113;128;122;48;2;112;115;106m▖[38;2;92;81;72;48;2;103;109;102m▝[38;2;92;79;69;48;2;102;92;82m▘[38;2;107;92;81;48;2;93;80;71m▌[38;2;92;80;71;48;2;101;97;89m▛[38;2;101;92;81;48;2;113;136;131m▀[38;2;138;151;137;48;2;115;136;130m▀[38;2;141;155;142;48;2;115;135;130m▀[38;2;143;155;140;48;2;120;141;134m▀[38;2;130;146;135;48;2;96;88;78m▌[38;2;100;86;76;48;2;91;78;68m▀[38;2;90;79;69;48;2;99;86;75m▖[38;2;100;88;78;48;2;118;132;122m▌[38;2;139;151;138;48;2;119;142;136m▀[38;2;141;149;134;48;2;123;138;130m▀[38;2;152;160;144;48;2;133;152;143m▀[38;2;147;153;138;48;2;130;144;135m▀[38;2;132;142;130;48;2;91;84;76m▌[38;2;90;77;69;48;2;94;81;72m▝[38;2;106;101;92;48;2;127;123;110m▖[38;2;218;188;158;48;2;223;193;163m▘[38;2;222;193;163;48;2;224;194;164m▘[38;2;221;191;160;48;2;217;186;155m▌[0m
         [38;2;229;205;179;48;2;222;193;163m▌[38;2;228;200;170;48;2;215;189;160m▌[38;2;108;97;86;48;2;175;154;133m▝[38;2;121;108;94;48;2;197;173;147m▘[38;2;131;117;102;48;2;77;74;72m▌[38;2;90;111;111;48;2;84;87;85m▝[38;2;147;111;96;48;2;201;119;93m▌[38;2;158;96;76;48;2;170;109;87m▀[38;2;187;118;92;48;2;151;103;84m▛[38;2;96;105;101;48;2;79;78;77m▀[38;2;94;113;114;48;2;85;91;89m▝[38;2;93;94;88;48;2;71;86;95m▀[38;2;87;84;80;48;2;92;79;69m▌[38;2;83;101;102;48;2;88;86;81m▝[38;2;88;78;71;48;2;97;85;77m▌[38;2;92;104;101;48;2;82;75;70m▝[38;2;88;90;84;48;2;56;76;94m▀[38;2;85;92;90;48;2;49;75;99m▀[38;2;90;108;110;48;2;80;77;74m▝[38;2;92;128;138;48;2;71;88;98m▘[38;2;85;74;65;48;2;97;85;77m▌[38;2;91;82;73;48;2;81;74;68m▝[38;2;89;115;121;48;2;49;68;90m▀[38;2;91;119;126;48;2;49;72;96m▀[38;2;96;121;127;48;2;49;72;96m▀[38;2;86;112;120;48;2;49;70;94m▀[38;2;81;114;126;48;2;68;76;85m▘[38;2;90;78;69;48;2;99;87;75m▀[38;2;92;87;83;48;2;48;72;95m▛[38;2;81;99;105;48;2;49;71;95m▀[38;2;81;110;121;48;2;45;65;89m▀[38;2;81;114;128;48;2;44;65;92m▀[38;2;77;108;122;48;2;44;63;87m▀[38;2;62;68;78;48;2;90;85;78m▖[38;2;87;77;68;48;2;93;81;72m▞[38;2;91;81;73;48;2;72;72;75m▀[38;2;72;103;119;48;2;46;67;93m▀[38;2;75;103;115;48;2;45;65;88m▀[38;2;77;106;117;48;2;43;65;89m▀[38;2;80;110;122;48;2;47;70;94m▀[38;2;80;113;124;48;2;65;76;86m▘[38;2;106;90;76;48;2;97;83;73m▖[38;2;96;87;79;48;2;63;84;100m▌[38;2;74;100;110;48;2;46;69;94m▀[38;2;79;111;124;48;2;47;67;93m▀[38;2;80;108;117;48;2;49;69;90m▀[38;2;92;122;132;48;2;49;71;97m▀[38;2;87;113;121;48;2;48;68;91m▀[38;2;93;121;130;48;2;59;77;94m▘[38;2;94;83;75;48;2;50;67;89m▀[38;2;42;61;87;48;2;97;96;93m▖[38;2;221;193;163;48;2;217;189;159m▀[38;2;224;194;163;48;2;221;191;161m▀[38;2;222;191;160;48;2;217;186;155m▌[0m
         [38;2;228;205;178;48;2;221;192;162m▌[38;2;225;197;167;48;2;224;196;167m▛[38;2;230;201;171;48;2;222;195;166m▀[38;2;230;201;171;48;2;220;195;165m▀[38;2;111;101;92;48;2;57;58;65m▌[38;2;62;61;63;48;2;36;48;72m▖[38;2;41;54;76;48;2;90;83;77m▌[38;2;90;79;71;48;2;83;73;65m▛[38;2;86;78;71;48;2;63;65;69m▌[38;2;92;86;79;48;2;49;53;66m▀[38;2;89;78;66;48;2;65;64;67m▘[38;2;70;72;77;48;2;30;42;65m▀[38;2;38;45;62;48;2;89;79;72m▖[38;2;91;80;72;48;2;44;47;57m▛[38;2;92;81;72;48;2;82;73;67m▀[38;2;83;79;77;48;2;47;52;65m▀[38;2;61;68;82;48;2;57;60;69m▀[38;2;52;60;77;48;2;61;63;70m▀[38;2;44;55;74;48;2;61;62;68m▘[38;2;91;82;74;48;2;71;69;69m▘[38;2;75;68;63;48;2;98;86;75m▌[38;2;75;71;72;48;2;31;44;68m▌[38;2;38;48;70;48;2;26;38;63m▀[38;2;37;49;73;48;2;26;38;67m▀[38;2;39;51;74;48;2;25;38;63m▀[38;2;39;51;76;48;2;25;39;67m▀[38;2;70;67;71;48;2;30;42;67m▝[38;2;92;84;78;48;2;26;37;64m▀[38;2;87;81;80;48;2;31;42;66m▘[38;2;40;51;73;48;2;29;40;64m▀[38;2;39;49;72;48;2;31;41;66m▀[38;2;38;48;71;48;2;27;37;65m▀[38;2;39;49;72;48;2;30;42;67m▀[38;2;100;88;78;48;2;48;54;70m▝[38;2;103;89;78;48;2;80;74;73m▀[38;2;72;71;77;48;2;32;46;74m▌[38;2;42;54;77;48;2;31;43;67m▀[38;2;41;52;75;48;2;30;41;66m▀[38;2;38;51;75;48;2;32;46;73m▀[38;2;40;52;76;48;2;31;43;70m▀[38;2;42;54;74;48;2;31;43;68m▀[38;2;67;66;72;48;2;27;41;70m▀[38;2;59;63;76;48;2;27;40;68m▀[38;2;41;52;74;48;2;31;42;66m▀[38;2;40;49;71;48;2;33;44;68m▀[38;2;33;43;65;48;2;38;50;73m▖[38;2;39;51;76;48;2;34;46;71m▀[38;2;39;47;70;48;2;33;43;68m▀[38;2;38;48;73;48;2;33;43;68m▀[38;2;37;47;70;48;2;34;42;65m▀[38;2;27;36;62;48;2;62;62;69m▌[38;2;208;185;157;48;2;216;189;160m▌[38;2;216;189;160;48;2;219;191;161m▌[38;2;221;191;161;48;2;216;186;155m▌[0m
         [38;2;229;206;178;48;2;221;194;164m▌[38;2;225;198;169;48;2;222;195;166m▖[38;2;222;195;166;48;2;220;194;166m▛[38;2;220;195;165;48;2;214;192;165m▀[38;2;165;148;132;48;2;219;195;165m▝[38;2;121;109;97;48;2;223;197;167m▀[38;2;114;103;94;48;2;219;192;161m▀[38;2;126;110;96;48;2;222;195;165m▀[38;2;121;109;97;48;2;222;194;164m▀[38;2;93;90;95;48;2;221;194;163m▀[38;2;105;99;97;48;2;227;198;166m▀[38;2;125;112;102;48;2;227;197;166m▀[38;2;119;108;99;48;2;227;197;166m▀[38;2;128;113;100;48;2;226;196;165m▀[38;2;131;115;100;48;2;220;192;162m▀[38;2;91;89;94;48;2;223;194;161m▀[38;2;85;85;93;48;2;222;193;160m▀[38;2;86;86;93;48;2;224;194;162m▀[38;2;87;86;91;48;2;222;193;161m▀[38;2;91;88;92;48;2;224;194;161m▀[38;2;115;103;92;48;2;221;191;161m▀[38;2;107;99;94;48;2;220;190;159m▀[38;2;86;85;90;48;2;218;190;159m▀[38;2;85;85;91;48;2;215;189;159m▀[38;2;84;83;88;48;2;218;191;159m▀[38;2;79;80;87;48;2;216;189;158m▀[38;2;80;79;86;48;2;215;187;156m▀[38;2;78;78;86;48;2;212;186;156m▀[38;2;76;76;84;48;2;213;187;157m▀[38;2;75;75;83;48;2;213;186;156m▀[38;2;76;77;86;48;2;210;185;155m▀[38;2;78;77;85;48;2;213;187;157m▀[38;2;76;77;84;48;2;210;186;157m▀[38;2;72;74;84;48;2;212;187;157m▀[38;2;72;73;82;48;2;215;188;158m▀[38;2;74;76;84;48;2;215;188;157m▀[38;2;71;73;80;48;2;208;182;152m▀[38;2;72;74;83;48;2;203;180;151m▀[38;2;76;80;89;48;2;209;184;155m▀[38;2;75;77;85;48;2;213;187;157m▀[38;2;75;76;84;48;2;215;188;158m▀[38;2;75;77;84;48;2;216;188;157m▀[38;2;75;76;84;48;2;214;187;157m▀[38;2;74;74;83;48;2;213;186;156m▀[38;2;74;77;85;48;2;211;184;154m▀[38;2;74;76;84;48;2;213;187;157m▀[38;2;74;77;86;48;2;213;187;157m▀[38;2;75;78;86;48;2;211;185;156m▀[38;2;78;80;87;48;2;213;187;157m▀[38;2;72;73;82;48;2;213;187;158m▀[38;2;124;115;109;48;2;209;183;156m▘[38;2;214;188;158;48;2;217;188;160m▌[38;2;218;189;160;48;2;216;187;157m▀[38;2;218;188;159;48;2;211;182;152m▌[0m
         [38;2;227;206;179;48;2;219;192;163m▌[38;2;223;196;167;48;2;219;191;163m▀[38;2;223;196;167;48;2;222;192;162m▀[38;2;222;195;165;48;2;222;191;161m▀[38;2;222;194;165;48;2;222;192;162m▀[38;2;217;189;159;48;2;219;190;160m▝[38;2;213;184;154;48;2;217;188;158m▝[38;2;220;191;162;48;2;217;188;159m▝[38;2;218;189;160;48;2;220;191;162m▀[38;2;214;185;157;48;2;221;192;163m▀[38;2;215;186;157;48;2;222;193;165m▀[38;2;215;186;156;48;2;222;193;164m▀[38;2;215;185;156;48;2;219;190;160m▀[38;2;216;186;156;48;2;219;189;160m▀[38;2;216;186;156;48;2;220;189;159m▀[38;2;214;185;155;48;2;219;189;159m▀[38;2;212;183;153;48;2;218;189;160m▀[38;2;213;184;154;48;2;219;191;162m▀[38;2;214;185;155;48;2;222;194;166m▀[38;2;212;183;154;48;2;222;195;168m▀[38;2;210;180;150;48;2;222;196;169m▀[38;2;210;181;152;48;2;221;196;169m▀[38;2;210;182;153;48;2;222;198;170m▀[38;2;210;182;152;48;2;224;200;173m▀[38;2;211;182;153;48;2;222;197;170m▀[38;2;209;181;151;48;2;221;196;169m▀[38;2;202;175;146;48;2;216;191;163m▀[38;2;207;179;150;48;2;220;195;168m▀[38;2;208;181;152;48;2;221;197;170m▀[38;2;207;179;150;48;2;222;199;173m▀[38;2;205;178;149;48;2;223;201;175m▀[38;2;202;174;145;48;2;217;196;171m▀[38;2;210;182;152;48;2;226;204;179m▀[38;2;211;181;152;48;2;226;204;179m▀[38;2;211;182;153;48;2;228;207;182m▀[38;2;212;182;154;48;2;229;207;182m▀[38;2;211;183;154;48;2;229;207;182m▀[38;2;208;180;150;48;2;230;209;184m▀[38;2;209;180;151;48;2;230;208;183m▀[38;2;209;180;150;48;2;230;209;185m▀[38;2;209;179;150;48;2;230;209;185m▀[38;2;211;181;151;48;2;231;209;184m▀[38;2;212;182;152;48;2;231;210;185m▀[38;2;209;179;149;48;2;229;209;185m▀[38;2;210;181;151;48;2;232;212;188m▀[38;2;209;180;150;48;2;232;214;191m▀[38;2;212;182;153;48;2;234;215;192m▀[38;2;208;180;151;48;2;233;214;191m▀[38;2;205;178;150;48;2;234;216;193m▀[38;2;211;183;155;48;2;234;217;195m▀[38;2;209;182;154;48;2;236;219;196m▀[38;2;209;180;151;48;2;236;218;194m▀[38;2;214;184;155;48;2;237;220;197m▀[38;2;210;181;151;48;2;238;222;199m▀[0m

Utagawa Hiroshige: Sudden Shower over Shin Ohashi Bridge and Atake, 1857
