[38;2;243;240;229;48;2;238;231;212m▌[38;2;218;191;154;48;2;234;219;191m▝[38;2;236;223;198;48;2;238;224;197m▀[38;2;238;223;194;48;2;248;235;204m▛[38;2;242;228;201;48;2;234;221;195m▀[38;2;242;228;201;48;2;232;219;194m▀[38;2;241;227;199;48;2;232;218;192m▀[38;2;241;226;198;48;2;231;218;190m▀[38;2;242;228;199;48;2;232;219;192m▀[38;2;243;229;201;48;2;234;221;194m▀[38;2;243;229;201;48;2;234;222;195m▀[38;2;244;230;202;48;2;234;223;196m▀[38;2;243;230;201;48;2;235;224;198m▀[38;2;243;229;201;48;2;235;222;196m▀[38;2;243;230;201;48;2;236;223;197m▀[38;2;244;230;201;48;2;234;222;195m▀▀[38;2;244;229;201;48;2;234;222;194m▀[38;2;244;229;200;48;2;233;221;193m▀[38;2;244;230;202;48;2;234;222;195m▀[38;2;245;231;203;48;2;234;222;196m▀[38;2;244;231;204;48;2;235;225;197m▀[38;2;244;231;204;48;2;235;224;196m▀[38;2;244;231;205;48;2;235;226;200m▀[38;2;243;231;205;48;2;235;225;200m▀[38;2;242;229;205;48;2;235;225;199m▀[38;2;241;229;204;48;2;235;225;200m▀[38;2;242;230;205;48;2;236;225;200m▀[38;2;243;230;205;48;2;232;223;197m▀[38;2;242;228;202;48;2;231;221;195m▀[38;2;242;230;203;48;2;237;225;199m▀[38;2;243;230;203;48;2;237;225;199m▀[38;2;243;230;203;48;2;239;226;199m▀[38;2;244;231;205;48;2;239;226;199m▀[38;2;243;231;204;48;2;239;227;200m▀[38;2;244;232;205;48;2;237;224;198m▀[38;2;245;233;206;48;2;235;225;198m▀[38;2;245;232;204;48;2;236;225;198m▀[38;2;245;232;205;48;2;236;226;199m▀[38;2;246;232;205;48;2;235;224;197m▀[38;2;244;230;203;48;2;238;227;199m▀[38;2;245;231;203;48;2;236;223;196m▘[38;2;212;198;172;48;2;194;182;158m▀[38;2;202;189;161;48;2;224;211;184m▘[38;2;226;211;184;48;2;204;190;163m▀[38;2;215;200;172;48;2;203;189;162m▛[38;2;233;220;192;48;2;243;229;201m▌[38;2;245;231;203;48;2;239;225;198m▀[38;2;244;230;201;48;2;237;222;194m▀[38;2;243;229;199;48;2;236;221;193m▀[38;2;242;228;197;48;2;235;221;193m▀[38;2;234;220;190;48;2;242;227;196m▖[38;2;244;230;199;48;2;218;203;174m▌[38;2;218;203;173;48;2;236;221;192m▌[38;2;239;224;195;48;2;230;215;188m▖[0m
[38;2;244;240;229;48;2;239;231;212m▌[38;2;236;222;195;48;2;238;225;198m▌[38;2;238;224;196;48;2;246;232;203m▛[38;2;204;188;166;48;2;131;100;92m▀[38;2;124;92;88;48;2;140;97;90m▘[38;2;135;100;93;48;2;147;102;93m▀[38;2;134;99;90;48;2;147;103;93m▀[38;2;138;103;95;48;2;148;104;95m▀[38;2;136;101;95;48;2;142;98;91m▀[38;2;137;101;94;48;2;141;98;92m▀[38;2;145;102;95;48;2;134;98;92m▖[38;2;132;98;93;48;2;141;99;93m▀[38;2;135;101;95;48;2;141;100;93m▀[38;2;137;102;96;48;2;145;103;95m▀[38;2;138;104;98;48;2;146;103;97m▀[38;2;140;105;100;48;2;146;103;96m▀[38;2;140;106;99;48;2;148;108;98m▀[38;2;138;105;98;48;2;144;103;95m▀[38;2;142;108;101;48;2;146;105;98m▀[38;2;142;107;100;48;2;148;106;97m▀[38;2;138;105;98;48;2;146;105;97m▀[38;2;141;108;101;48;2;145;104;97m▀[38;2;141;109;102;48;2;147;105;98m▀[38;2;143;110;103;48;2;148;105;99m▀[38;2;139;107;101;48;2;145;104;98m▀[38;2;142;111;103;48;2;142;102;96m▀[38;2;139;109;103;48;2;146;104;99m▀[38;2;143;108;102;48;2;137;99;96m▛[38;2;147;113;105;48;2;111;84;81m▀[38;2;140;109;102;48;2;69;59;58m▀[38;2;111;92;87;48;2;43;41;42m▀[38;2;81;77;72;48;2;41;40;41m▀[38;2;81;77;71;48;2;42;41;41m▀[38;2;92;90;81;48;2;43;42;43m▀[38;2;101;100;91;48;2;46;45;45m▀[38;2;69;71;67;48;2;112;105;95m▖[38;2;150;115;105;48;2;124;102;92m▝[38;2;145;109;100;48;2;117;91;84m▌[38;2;147;114;103;48;2;150;106;99m▀[38;2;143;112;100;48;2;223;197;170m▌[38;2;165;135;119;48;2;140;100;93m▌[38;2;150;116;105;48;2;149;105;95m▀[38;2;153;117;106;48;2;149;106;96m▀[38;2;151;115;105;48;2;145;105;94m▀[38;2;143;105;95;48;2;149;109;98m▞[38;2;151;111;101;48;2;146;106;96m▛[38;2;150;112;100;48;2;147;106;94m▛[38;2;143;110;100;48;2;173;98;81m▀[38;2;143;110;99;48;2;177;100;81m▀[38;2;140;107;97;48;2;177;99;80m▀[38;2;142;104;94;48;2;158;105;91m▀[38;2;145;112;102;48;2;146;99;90m▝[38;2;109;68;63;48;2;194;177;154m▖[38;2;254;239;206;48;2;240;226;195m▖[38;2;241;226;197;48;2;237;223;193m▌[0m
[38;2;244;240;229;48;2;240;233;213m▌[38;2;238;224;195;48;2;239;225;197m▌[38;2;238;224;196;48;2;244;233;204m▌[38;2;137;112;99;48;2;169;136;121m▛[38;2;154;112;100;48;2;180;149;134m▀[38;2;155;112;102;48;2;179;148;134m▀[38;2;153;113;102;48;2;175;146;132m▀[38;2;154;115;102;48;2;178;150;134m▀[38;2;153;116;105;48;2;175;148;133m▀[38;2;152;115;104;48;2;176;149;135m▀[38;2;154;116;106;48;2;174;146;133m▀[38;2;153;116;106;48;2;172;144;132m▀[38;2;153;117;106;48;2;171;144;131m▀[38;2;156;119;109;48;2;173;145;131m▀[38;2;155;118;108;48;2;172;145;132m▀[38;2;154;118;107;48;2;173;145;132m▀[38;2;157;121;109;48;2;174;147;133m▀[38;2;155;119;109;48;2;170;143;129m▀[38;2;155;118;107;48;2;173;145;131m▀[38;2;155;119;109;48;2;173;145;132m▀[38;2;151;114;106;48;2;174;145;135m▀[38;2;155;118;110;48;2;173;145;135m▀[38;2;155;117;110;48;2;173;146;137m▀[38;2;156;118;111;48;2;182;155;144m▀[38;2;177;151;141;48;2;155;122;114m▖[38;2;160;124;115;48;2;95;83;80m▀[38;2;123;98;95;48;2;47;47;47m▀[38;2;83;71;69;48;2;49;48;48m▘[38;2;42;43;44;48;2;48;47;47m▝[38;2;42;43;43;48;2;47;46;46m▀[38;2;48;46;47;48;2;46;45;45m▝[38;2;49;47;47;48;2;47;46;45m▀[38;2;50;49;49;48;2;45;44;44m▀[38;2;49;47;47;48;2;40;40;40m▀[38;2;50;48;47;48;2;36;36;36m▀[38;2;62;60;56;48;2;140;131;109m▛[38;2;142;140;118;48;2;187;169;139m▀[38;2;100;83;76;48;2;143;121;107m▘[38;2;165;125;112;48;2;191;169;151m▀[38;2;164;138;121;48;2;225;200;175m▌[38;2;205;171;150;48;2;241;224;197m▀[38;2;213;190;164;48;2;202;162;139m▖[38;2;193;141;118;48;2;227;191;161m▛[38;2;204;131;107;48;2;245;201;167m▀[38;2;203;123;98;48;2;219;169;140m▀[38;2;203;117;93;48;2;224;157;127m▀[38;2;253;174;136;48;2;211;119;92m▖[38;2;223;89;62;48;2;231;99;65m▘[38;2;179;77;56;48;2;198;91;63m▀[38;2;222;108;71;48;2;237;97;62m▖[38;2;187;131;108;48;2;193;175;150m▛[38;2;174;126;107;48;2;197;168;145m▀[38;2;135;92;79;48;2;170;150;129m▘[38;2;254;240;208;48;2;240;225;195m▌[38;2;242;227;198;48;2;239;225;197m▌[0m
[38;2;244;241;230;48;2;240;231;211m▌[38;2;239;224;196;48;2;240;226;198m▌[38;2;239;225;197;48;2;244;230;203m▌[38;2;140;133;116;48;2;190;193;171m▌[38;2;198;198;177;48;2;201;213;191m▀[38;2;197;197;176;48;2;199;213;190m▀[38;2;195;195;172;48;2;199;212;189m▀[38;2;198;198;175;48;2;201;214;191m▀[38;2;198;198;175;48;2;201;215;192m▀[38;2;197;196;173;48;2;201;214;192m▀[38;2;198;197;175;48;2;202;215;191m▀[38;2;195;194;173;48;2;200;215;193m▀[38;2;193;194;172;48;2;200;214;190m▀[38;2;196;196;175;48;2;202;215;191m▀[38;2;198;197;175;48;2;205;216;192m▀[38;2;198;199;176;48;2;206;219;194m▀[38;2;197;199;176;48;2;203;216;192m▀[38;2;195;197;174;48;2;203;217;193m▀[38;2;199;200;176;48;2;203;217;194m▀[38;2;198;200;177;48;2;201;215;191m▀[38;2;194;197;175;48;2;203;219;195m▀[38;2;212;226;201;48;2;197;202;180m▖[38;2;208;211;188;48;2;126;130;119m▀[38;2;159;157;141;48;2;47;46;46m▀[38;2;87;82;78;48;2;46;44;45m▘[38;2;42;42;43;48;2;48;47;47m▀[38;2;49;49;48;48;2;47;47;47m▞[38;2;50;48;48;48;2;48;46;46m▘[38;2;49;47;46;48;2;48;46;47m▘[38;2;48;47;47;48;2;48;47;45m▀[38;2;49;48;46;48;2;53;52;49m▛[38;2;44;43;42;48;2;108;105;89m▀[38;2;55;51;46;48;2;178;184;163m▀[38;2;74;68;58;48;2;175;181;162m▀[38;2;121;111;93;48;2;186;168;137m▀[38;2;140;128;106;48;2;52;49;45m▀[38;2;116;103;84;48;2;206;181;142m▌[38;2;156;151;132;48;2;191;177;146m▝[38;2;210;225;201;48;2;201;212;189m▖[38;2;185;173;151;48;2;122;148;155m▛[38;2;211;217;196;48;2;85;151;172m▀[38;2;207;199;176;48;2;151;174;164m▀[38;2;176;171;151;48;2;221;212;186m▌[38;2;237;223;195;48;2;234;216;188m▌[38;2;207;185;159;48;2;163;141;122m▛[38;2;194;165;142;48;2;233;198;167m▖[38;2;241;201;165;48;2;232;178;143m▌[38;2;227;108;71;48;2;220;95;61m▌[38;2;214;104;68;48;2;212;93;62m▖[38;2;224;97;64;48;2;214;72;47m▌[38;2;198;147;124;48;2;199;218;193m▌[38;2;201;208;183;48;2;212;220;194m▌[38;2;174;178;154;48;2;183;170;147m▌[38;2;253;238;206;48;2;241;227;196m▌[38;2;243;228;197;48;2;240;226;196m▌[0m
[38;2;244;241;230;48;2;241;233;213m▌[38;2;240;226;198;48;2;241;228;201m▌[38;2;241;227;200;48;2;242;230;203m▌[38;2;143;139;122;48;2;196;207;185m▌[38;2;205;218;196;48;2;201;214;193m▌[38;2;201;214;193;48;2;203;215;194m▝[38;2;202;214;193;48;2;203;216;194m▀[38;2;203;216;194;48;2;204;217;195m▀[38;2;202;216;195;48;2;204;217;195m▀[38;2;204;217;195;48;2;203;216;194m▌[38;2;202;215;193;48;2;203;216;194m▝[38;2;206;218;194;48;2;201;215;193m▖[38;2;204;217;193;48;2;202;216;194m▝[38;2;202;216;193;48;2;207;218;194m▛[38;2;202;216;193;48;2;205;218;194m▘[38;2;205;219;195;48;2;204;218;194m▌[38;2;203;217;194;48;2;204;218;195m▌[38;2;204;218;195;48;2;200;215;192m▀[38;2;201;215;193;48;2;207;223;199m▀[38;2;199;214;193;48;2;134;142;132m▛[38;2;183;196;178;48;2;71;71;68m▀[38;2;108;111;103;48;2;51;51;49m▘[38;2;36;33;34;48;2;52;52;50m▀[38;2;47;46;46;48;2;44;44;43m▞[38;2;48;47;46;48;2;45;44;43m▀[38;2;48;47;46;48;2;47;47;46m▖[38;2;50;49;49;48;2;48;47;47m▘[38;2;48;47;46;48;2;48;46;45m▀[38;2;46;45;44;48;2;47;46;45m▖[38;2;50;49;47;48;2;47;46;44m▝[38;2;45;44;43;48;2;133;121;100m▌[38;2;196;222;209;48;2;153;169;156m▝[38;2;132;163;162;48;2;85;99;97m▌[38;2;64;65;62;48;2;117;136;133m▘[38;2;145;135;115;48;2;88;79;67m▛[38;2;54;51;47;48;2;42;41;40m▝[38;2;77;69;58;48;2;162;152;124m▌[38;2;169;164;138;48;2;203;218;197m▘[38;2;209;222;198;48;2;199;215;193m▌[38;2;187;169;143;48;2;129;144;149m▌[38;2;81;136;162;48;2;44;95;135m▝[38;2;127;161;164;48;2;62;96;120m▀[38;2;173;193;179;48;2;97;143;158m▀[38;2;207;214;190;48;2;168;195;186m▀[38;2;207;196;171;48;2;153;166;150m▀[38;2;164;160;140;48;2;226;212;186m▖[38;2;228;196;166;48;2;236;219;192m▝[38;2;229;106;70;48;2;226;98;62m▌[38;2;212;101;66;48;2;203;93;61m▀[38;2;224;107;69;48;2;232;80;50m▌[38;2;201;150;129;48;2;198;223;199m▌[38;2;197;211;188;48;2;206;222;198m▌[38;2;172;182;159;48;2;179;167;143m▌[38;2;252;238;207;48;2;241;227;197m▌[38;2;242;228;198;48;2;239;227;197m▌[0m
[38;2;244;241;230;48;2;240;234;214m▌[38;2;239;226;198;48;2;241;227;200m▌[38;2;241;227;200;48;2;242;229;202m▌[38;2;145;140;123;48;2;197;208;187m▌[38;2;207;219;197;48;2;204;217;196m▘[38;2;202;215;194;48;2;203;216;195m▀[38;2;205;218;197;48;2;202;216;194m▖[38;2;204;218;196;48;2;203;217;195m▝[38;2;205;218;196;48;2;202;216;195m▘[38;2;203;217;195;48;2;203;216;194m▛[38;2;203;217;194;48;2;203;217;193m▛[38;2;203;217;194;48;2;205;219;196m▛[38;2;202;217;195;48;2;203;218;195m▀[38;2;203;217;193;48;2;204;219;197m▛[38;2;204;219;196;48;2;206;220;197m▀[38;2;204;217;192;48;2;206;220;195m▛[38;2;215;230;204;48;2;202;217;194m▖[38;2;192;206;185;48;2;89;92;85m▛[38;2;150;160;145;48;2;53;53;51m▀[38;2;58;58;56;48;2;81;87;81m▝[38;2;81;85;80;48;2;63;64;62m▖[38;2;67;69;65;48;2;49;48;46m▀[38;2;60;61;57;48;2;43;42;40m▀[38;2;53;53;50;48;2;44;43;41m▘[38;2;49;48;46;48;2;60;59;55m▛[38;2;45;44;43;48;2;63;62;57m▀[38;2;47;46;45;48;2;45;44;43m▀[38;2;48;47;45;48;2;50;49;46m▛[38;2;48;46;44;48;2;49;47;45m▝[38;2;47;46;44;48;2;49;48;46m▘[38;2;49;48;46;48;2;50;49;46m▘[38;2;103;93;79;48;2;42;42;42m▀[38;2;125;123;108;48;2;44;41;40m▀[38;2;114;102;85;48;2;37;37;38m▀[38;2;59;55;50;48;2;45;44;42m▘[38;2;40;38;36;48;2;133;138;119m▛[38;2;127;134;118;48;2;213;227;203m▘[38;2;207;220;197;48;2;211;222;198m▛[38;2;213;225;201;48;2;197;211;189m▌[38;2;115;114;123;48;2;201;176;149m▝[38;2;41;66;102;48;2;188;195;172m▀[38;2;64;93;119;48;2;202;216;192m▀[38;2;64;108;135;48;2;203;216;192m▀[38;2;73;134;157;48;2;200;213;190m▀[38;2;125;173;176;48;2;197;212;189m▀[38;2;154;182;169;48;2;195;210;187m▘[38;2;204;214;193;48;2;205;203;184m▌[38;2;242;110;68;48;2;221;101;70m▝[38;2;212;103;66;48;2;190;88;58m▛[38;2;230;105;66;48;2;230;81;50m▌[38;2;204;163;139;48;2;202;224;199m▌[38;2;202;214;189;48;2;210;224;199m▌[38;2;173;182;159;48;2;179;167;143m▌[38;2;253;238;206;48;2;241;226;195m▌[38;2;242;229;198;48;2;239;226;195m▖[0m
[38;2;244;242;230;48;2;241;234;214m▌[38;2;239;226;198;48;2;241;228;201m▌[38;2;241;227;200;48;2;242;228;200m▌[38;2;143;139;122;48;2;196;209;187m▌[38;2;206;219;197;48;2;203;216;196m▌[38;2;204;217;196;48;2;202;216;195m▌[38;2;200;215;196;48;2;202;216;195m▝[38;2;202;216;196;48;2;202;216;194m▘[38;2;201;216;195;48;2;205;217;193m▀[38;2;201;216;194;48;2;202;217;195m▝[38;2;203;216;193;48;2;207;219;194m▘[38;2;205;218;195;48;2;204;218;196m▘[38;2;204;219;197;48;2;205;218;196m▛[38;2;204;217;195;48;2;208;222;199m▛[38;2;208;222;200;48;2;195;208;185m▛[38;2;207;221;198;48;2;116;122;112m▀[38;2;146;153;137;48;2;68;70;66m▘[38;2;40;38;37;48;2;72;74;70m▀[38;2;46;45;44;48;2;75;78;73m▀[38;2;57;57;55;48;2;72;75;70m▀[38;2;76;80;74;48;2;90;96;87m▌[38;2;72;74;68;48;2;97;101;89m▀[38;2;55;54;51;48;2;94;96;84m▀[38;2;51;50;48;48;2;99;98;83m▀[38;2;56;54;50;48;2;125;120;99m▀[38;2;74;72;63;48;2;136;127;105m▘[38;2;74;71;62;48;2;139;127;103m▀[38;2;117;107;88;48;2;54;52;48m▖[38;2;47;45;44;48;2;48;47;44m▘[38;2;48;47;45;48;2;42;41;41m▛[38;2;45;45;43;48;2;55;52;48m▀[38;2;50;49;46;48;2;46;45;43m▛[38;2;49;48;46;48;2;47;46;43m▀[38;2;50;49;45;48;2;46;45;42m▛[38;2;43;41;39;48;2;140;146;128m▛[38;2;136;141;124;48;2;219;231;205m▘[38;2;207;220;197;48;2;211;223;198m▘[38;2;213;224;200;48;2;210;222;198m▖[38;2;214;226;201;48;2;198;212;189m▌[38;2;199;178;152;48;2;237;201;169m▌[38;2;180;180;158;48;2;214;228;204m▌[38;2;214;225;199;48;2;211;223;198m▝[38;2;213;224;199;48;2;209;221;197m▀[38;2;211;222;198;48;2;208;220;195m▀[38;2;212;223;198;48;2;206;219;194m▘[38;2;209;220;195;48;2;206;218;193m▘[38;2;209;222;197;48;2;208;208;189m▌[38;2;221;104;75;48;2;242;111;68m▌[38;2;196;93;61;48;2;183;87;59m▘[38;2;232;97;62;48;2;229;74;46m▌[38;2;202;161;138;48;2;202;226;202m▌[38;2;200;213;190;48;2;209;224;200m▌[38;2;175;184;162;48;2;185;172;147m▌[38;2;252;238;206;48;2;241;227;197m▌[38;2;242;229;198;48;2;240;227;198m▌[0m
[38;2;245;243;231;48;2;241;234;215m▌[38;2;239;227;199;48;2;241;228;201m▌[38;2;241;228;201;48;2;241;227;199m▌[38;2;143;140;122;48;2;194;209;188m▌[38;2;205;216;193;48;2;202;216;195m▘[38;2;203;217;196;48;2;200;215;194m▀[38;2;201;215;194;48;2;203;217;194m▌[38;2;204;218;195;48;2;202;216;195m▀[38;2;204;217;195;48;2;203;218;195m▘[38;2;204;218;196;48;2;204;217;194m▀[38;2;206;220;197;48;2;202;216;194m▀[38;2;202;217;195;48;2;208;222;199m▛[38;2;211;227;204;48;2;202;216;193m▖[38;2;203;217;194;48;2;105;110;100m▀[38;2;139;146;131;48;2;58;57;55m▘[38;2;53;55;53;48;2;46;45;44m▀[38;2;73;77;72;48;2;47;46;45m▀[38;2;73;76;71;48;2;82;88;81m▞[38;2;74;77;72;48;2;62;63;59m▖[38;2;57;56;53;48;2;50;49;47m▖[38;2;47;47;44;48;2;43;42;40m▀[38;2;76;77;67;48;2;49;48;44m▝[38;2;70;68;59;48;2;141;139;115m▖[38;2;171;160;130;48;2;100;95;79m▖[38;2;102;92;76;48;2;72;68;58m▖[38;2;60;57;53;48;2;47;45;42m▀[38;2;136;123;100;48;2;63;59;51m▝[38;2;175;157;124;48;2;224;200;152m▀[38;2;160;142;112;48;2;103;93;77m▌[38;2;37;36;36;48;2;115;103;82m▌[38;2;190;169;130;48;2;125;112;90m▌[38;2;93;84;70;48;2;47;45;42m▖[38;2;47;46;43;48;2;41;39;38m▛[38;2;49;47;43;48;2;167;176;156m▛[38;2;157;164;144;48;2;213;229;204m▘[38;2;210;222;198;48;2;211;223;198m▘[38;2;212;224;200;48;2;209;223;198m▝[38;2;211;224;200;48;2;208;222;198m▘[38;2;212;225;201;48;2;201;214;191m▌[38;2;213;190;160;48;2;238;202;169m▌[38;2;189;191;167;48;2;212;228;203m▌[38;2;210;223;198;48;2;208;222;197m▀[38;2;209;222;197;48;2;207;221;197m▌[38;2;207;221;196;48;2;204;219;194m▛[38;2;204;218;193;48;2;202;217;193m▌[38;2;205;218;193;48;2;202;217;193m▀[38;2;199;208;187;48;2;206;220;196m▝[38;2;215;109;77;48;2;199;204;182m▀[38;2;181;92;68;48;2;207;206;183m▀[38;2;208;86;60;48;2;201;203;181m▀[38;2;205;171;147;48;2;205;219;195m▘[38;2;203;216;192;48;2;214;227;202m▌[38;2;174;183;161;48;2;177;165;143m▌[38;2;253;239;208;48;2;241;228;196m▌[38;2;243;230;200;48;2;242;228;199m▘[0m
[38;2;245;243;231;48;2;242;235;215m▌[38;2;239;228;198;48;2;241;229;202m▌[38;2;241;228;201;48;2;245;231;204m▛[38;2;156;152;133;48;2;192;209;189m▌[38;2;199;216;196;48;2;198;214;195m▖[38;2;198;214;194;48;2;199;215;193m▀[38;2;199;215;193;48;2;201;216;194m▌[38;2;199;215;194;48;2;201;218;197m▞[38;2;201;215;193;48;2;204;222;202m▀[38;2;201;217;196;48;2;188;201;179m▛[38;2;209;225;203;48;2;146;153;135m▀[38;2;195;209;187;48;2;75;76;67m▀[38;2;154;164;146;48;2;63;64;59m▘[38;2;65;67;62;48;2;77;83;78m▀[38;2;56;56;54;48;2;72;75;71m▀[38;2;46;45;44;48;2;70;73;68m▀[38;2;48;47;46;48;2;73;77;73m▀[38;2;51;50;48;48;2;75;79;73m▘[38;2;104;111;97;48;2;82;86;77m▝[38;2;96;99;87;48;2;113;117;99m▀[38;2;102;101;86;48;2;132;129;107m▀[38;2;127;123;102;48;2;137;130;106m▘[38;2;138;127;106;48;2;146;137;114m▀[38;2;177;162;131;48;2;122;111;92m▀[38;2;150;135;109;48;2;184;166;133m▀[38;2;132;117;94;48;2;167;150;118m▀[38;2;102;92;76;48;2;160;144;113m▀[38;2;175;156;121;48;2;222;199;151m▌[38;2;188;167;131;48;2;115;103;84m▌[38;2;111;100;82;48;2;46;45;42m▖[38;2;128;115;92;48;2;49;47;44m▝[38;2;129;116;93;48;2;49;46;41m▀[38;2;102;97;81;48;2;203;216;190m▛[38;2;180;190;167;48;2;213;227;202m▘[38;2;206;220;195;48;2;210;223;198m▘[38;2;210;223;198;48;2;213;225;200m▛[38;2;208;223;198;48;2;211;223;198m▘[38;2;214;224;198;48;2;211;223;198m▖[38;2;211;225;200;48;2;198;210;187m▌[38;2;211;187;158;48;2;241;208;174m▌[38;2;193;193;168;48;2;212;227;202m▌[38;2;209;221;197;48;2;211;223;198m▀[38;2;207;221;195;48;2;210;223;197m▝[38;2;206;220;195;48;2;208;222;196m▀[38;2;208;221;195;48;2;204;218;193m▖[38;2;204;218;194;48;2;207;220;194m▀[38;2;205;219;196;48;2;207;220;195m▝[38;2;206;223;198;48;2;207;220;194m▀[38;2;204;222;198;48;2;206;219;194m▀[38;2;205;222;198;48;2;203;218;194m▀[38;2;206;220;197;48;2;208;220;195m▘[38;2;207;219;193;48;2;217;227;200m▌[38;2;179;186;161;48;2;177;164;140m▌[38;2;252;238;205;48;2;241;227;196m▌[38;2;243;230;198;48;2;241;229;199m▌[0m
[38;2;245;243;232;48;2;241;234;214m▌[38;2;240;228;199;48;2;240;228;201m▌[38;2;239;226;198;48;2;245;229;201m▌[38;2;161;156;136;48;2;189;207;186m▌[38;2;199;216;194;48;2;196;213;192m▌[38;2;198;214;193;48;2;197;213;191m▀[38;2;198;214;191;48;2;201;217;196m▛[38;2;195;210;187;48;2;177;168;138m▛[38;2;156;158;137;48;2;127;113;89m▀[38;2;109;107;91;48;2;65;64;55m▘[38;2;34;32;31;48;2;43;42;40m▝[38;2;34;32;32;48;2;49;48;48m▘[38;2;63;65;61;48;2;43;42;41m▀[38;2;58;59;56;48;2;41;41;39m▀[38;2;55;55;52;48;2;79;83;76m▖[38;2;79;84;76;48;2;67;68;64m▖[38;2;63;64;59;48;2;56;56;52m▌[38;2;49;49;46;48;2;44;43;40m▀[38;2;40;38;38;48;2;46;45;43m▝[38;2;47;45;43;48;2;116;112;93m▖[38;2;97;92;78;48;2;159;147;119m▀[38;2;52;49;43;48;2;95;87;73m▝[38;2;82;75;63;48;2;44;42;39m▖[38;2;40;38;37;48;2;53;50;46m▀[38;2;68;62;53;48;2;187;167;129m▖[38;2;200;177;135;48;2;99;90;74m▖[38;2;67;62;55;48;2;47;46;43m▖[38;2;58;54;48;48;2;36;36;35m▀[38;2;76;69;57;48;2;201;178;136m▖[38;2;204;181;137;48;2;111;99;80m▖[38;2;51;49;45;48;2;112;102;82m▀[38;2;85;85;75;48;2;190;201;176m▀[38;2;208;224;199;48;2;207;221;196m▀[38;2;208;221;196;48;2;211;223;199m▘[38;2;212;224;199;48;2;209;223;198m▘[38;2;218;226;201;48;2;211;223;198m▝[38;2;213;225;198;48;2;209;223;198m▀[38;2;211;224;198;48;2;210;223;197m▌[38;2;214;227;201;48;2;192;204;180m▌[38;2;218;189;158;48;2;194;163;135m▛[38;2;191;192;167;48;2;214;228;202m▌[38;2;210;222;196;48;2;211;223;197m▞[38;2;210;223;197;48;2;212;224;198m▛[38;2;210;223;198;48;2;209;222;196m▖[38;2;208;221;196;48;2;208;221;195m▖[38;2;206;220;194;48;2;208;220;195m▀[38;2;212;222;196;48;2;208;221;196m▖[38;2;207;220;195;48;2;208;221;196m▘[38;2;207;220;196;48;2;209;221;196m▘[38;2;206;220;195;48;2;208;221;195m▝[38;2;213;222;196;48;2;208;221;196m▝[38;2;208;219;193;48;2;216;228;201m▌[38;2;174;183;159;48;2;176;164;139m▌[38;2;252;237;203;48;2;240;226;194m▌[38;2;243;230;198;48;2;241;229;198m▖[0m
[38;2;245;243;232;48;2;242;235;215m▌[38;2;241;227;200;48;2;240;227;198m▝[38;2;239;226;198;48;2;244;230;201m▌[38;2;153;149;129;48;2;189;206;185m▌[38;2;199;216;195;48;2;197;213;192m▌[38;2;196;213;191;48;2;197;215;193m▛[38;2;192;205;181;48;2;187;170;135m▛[38;2;168;151;121;48;2;109;100;82m▛[38;2;105;99;81;48;2;63;62;54m▛[38;2;63;63;57;48;2;43;42;40m▀[38;2;61;62;57;48;2;83;88;79m▛[38;2;58;58;55;48;2;74;77;72m▀[38;2;50;50;48;48;2;72;76;71m▀[38;2;47;47;45;48;2;73;77;71m▀[38;2;53;52;51;48;2;87;91;81m▀[38;2;103;109;94;48;2;89;93;81m▝[38;2;89;92;79;48;2;116;118;98m▀[38;2;82;81;70;48;2;136;133;108m▀[38;2;89;85;72;48;2;150;140;114m▀[38;2;95;89;74;48;2;160;147;119m▀[38;2;189;172;139;48;2;151;138;111m▝[38;2;152;136;109;48;2;188;170;134m▀[38;2;146;129;101;48;2;184;166;127m▀[38;2;136;121;96;48;2;172;154;118m▀[38;2;135;120;95;48;2;172;154;118m▀[38;2;134;120;93;48;2;206;183;138m▖[38;2;122;109;87;48;2;180;160;123m▝[38;2;101;92;76;48;2;187;167;128m▀[38;2;83;76;64;48;2;178;159;122m▘[38;2;249;222;165;48;2;211;191;145m▘[38;2;190;177;140;48;2;204;217;192m▘[38;2;215;230;205;48;2;206;221;196m▘[38;2;206;221;197;48;2;210;223;198m▀[38;2;211;224;198;48;2;208;222;197m▌[38;2;210;224;198;48;2;209;223;197m▌[38;2;208;222;197;48;2;211;224;197m▌[38;2;208;222;197;48;2;209;223;198m▖[38;2;209;222;197;48;2;208;221;196m▌[38;2;214;228;202;48;2;184;193;170m▌[38;2;208;180;150;48;2;199;169;141m▌[38;2;186;187;163;48;2;212;227;202m▌[38;2;209;221;195;48;2;209;222;196m▌[38;2;209;223;197;48;2;209;222;196m▀[38;2;209;222;197;48;2;206;220;194m▘[38;2;206;220;195;48;2;203;219;194m▛[38;2;207;221;195;48;2;205;220;194m▝[38;2;206;220;194;48;2;209;221;195m▞[38;2;207;221;195;48;2;205;220;195m▞[38;2;205;220;195;48;2;207;221;196m▞[38;2;205;220;195;48;2;203;218;194m▌[38;2;204;219;194;48;2;208;220;194m▌[38;2;205;217;193;48;2;213;227;202m▌[38;2;167;177;154;48;2;179;167;143m▌[38;2;254;240;207;48;2;241;228;196m▌[38;2;244;231;199;48;2;242;229;199m▌[0m
[38;2;245;244;232;48;2;242;235;215m▌[38;2;240;226;195;48;2;240;228;199m▀[38;2;241;228;200;48;2;241;228;198m▖[38;2;147;144;125;48;2;196;211;190m▌[38;2;200;215;194;48;2;196;213;191m▌[38;2;196;213;191;48;2;191;211;191m▛[38;2;177;171;142;48;2;156;137;106m▌[38;2;105;98;80;48;2;61;60;52m▛[38;2;41;40;39;48;2;51;50;46m▞[38;2;60;61;58;48;2;43;43;41m▝[38;2;68;71;66;48;2;43;42;41m▀[38;2;45;44;42;48;2;74;78;72m▖[38;2;75;80;74;48;2;68;72;66m▌[38;2;67;70;65;48;2;54;53;50m▀[38;2;64;65;59;48;2;43;42;40m▀[38;2;62;63;57;48;2;43;42;41m▘[38;2;49;47;45;48;2;118;115;94m▖[38;2;153;144;116;48;2;95;90;74m▖[38;2;61;58;51;48;2;84;78;66m▀[38;2;47;46;43;48;2;62;58;51m▀[38;2;40;38;36;48;2;55;52;47m▝[38;2;77;71;60;48;2;181;162;126m▖[38;2;195;173;135;48;2;108;97;80m▖[38;2;111;99;81;48;2;63;59;51m▖[38;2;41;40;38;48;2;54;52;46m▀[38;2;176;158;120;48;2;52;49;44m▝[38;2;112;102;83;48;2;216;195;149m▝[38;2;161;144;113;48;2;80;79;68m▝[38;2;62;57;49;48;2;160;170;149m▛[38;2;143;147;127;48;2;219;233;206m▘[38;2;212;223;197;48;2;208;222;197m▖[38;2;208;223;199;48;2;210;224;198m▝[38;2;210;223;198;48;2;211;224;198m▌[38;2;211;223;198;48;2;214;225;199m▛[38;2;213;225;198;48;2;210;223;198m▖[38;2;212;223;198;48;2;216;226;200m▛[38;2;208;222;197;48;2;211;224;198m▀[38;2;207;221;196;48;2;210;221;195m▛[38;2;219;231;205;48;2;182;188;165m▌[38;2;214;184;154;48;2;204;174;146m▌[38;2;187;189;165;48;2;214;228;202m▌[38;2;210;222;196;48;2;212;223;197m▀[38;2;208;221;196;48;2;210;223;196m▝[38;2;206;220;194;48;2;211;223;196m▀[38;2;206;220;194;48;2;206;220;193m▛[38;2;205;219;193;48;2;207;220;193m▀[38;2;207;221;195;48;2;207;220;193m▝[38;2;206;220;193;48;2;207;220;194m▖[38;2;206;219;192;48;2;208;220;195m▘[38;2;207;221;195;48;2;206;220;194m▌[38;2;206;220;195;48;2;209;221;195m▘[38;2;206;219;193;48;2;216;229;202m▌[38;2;169;177;154;48;2;186;174;149m▌[38;2;253;240;206;48;2;241;228;196m▌[38;2;243;230;198;48;2;241;228;197m▌[0m
[38;2;245;244;232;48;2;242;234;215m▌[38;2;239;226;197;48;2;240;228;200m▌[38;2;240;228;200;48;2;240;226;197m▌[38;2;148;146;127;48;2;194;211;190m▌[38;2;195;213;192;48;2;200;218;197m▛[38;2;186;197;174;48;2;178;160;128m▛[38;2;172;154;122;48;2;128;117;95m▌[38;2;93;88;73;48;2;60;59;53m▘[38;2;41;40;38;48;2;58;58;54m▖[38;2;41;40;39;48;2;62;63;59m▀[38;2;40;39;38;48;2;61;62;58m▀[38;2;41;40;38;48;2;64;66;61m▀[38;2;72;75;69;48;2;87;93;83m▌[38;2;75;78;70;48;2;95;100;86m▀[38;2;60;61;55;48;2;108;107;89m▀[38;2;60;59;53;48;2;125;121;97m▀[38;2;69;67;58;48;2;143;133;107m▀[38;2;189;172;138;48;2;140;129;105m▝[38;2;151;136;109;48;2;182;165;130m▀[38;2;147;131;103;48;2;188;168;130m▀[38;2;155;137;107;48;2;184;164;125m▀[38;2;139;124;97;48;2;175;155;118m▀[38;2;127;113;89;48;2;196;173;132m▖[38;2;159;140;109;48;2;191;170;129m▀[38;2;134;119;94;48;2;184;164;125m▀[38;2;117;105;84;48;2;176;158;122m▀[38;2;176;159;123;48;2;124;111;88m▀[38;2;100;94;77;48;2;79;75;63m▌[38;2;95;94;79;48;2;71;70;59m▞[38;2;168;176;154;48;2;69;66;56m▀[38;2;221;233;205;48;2;134;138;120m▀[38;2;209;218;192;48;2;219;230;202m▞[38;2;222;233;206;48;2;214;224;198m▖[38;2;214;223;196;48;2;217;225;198m▌[38;2;217;226;199;48;2;214;225;198m▌[38;2;213;224;198;48;2;216;225;199m▌[38;2;215;225;200;48;2;214;224;197m▘[38;2;212;223;196;48;2;211;222;196m▖[38;2;220;231;204;48;2;181;184;162m▌[38;2;219;189;158;48;2;198;169;141m▘[38;2;182;184;160;48;2;218;230;204m▌[38;2;215;225;198;48;2;213;223;196m▝[38;2;212;224;197;48;2;212;222;194m▀[38;2;213;224;197;48;2;211;222;195m▘[38;2;211;222;194;48;2;209;220;192m▌[38;2;210;222;194;48;2;211;222;193m▀[38;2;210;221;193;48;2;211;221;194m▘[38;2;213;222;196;48;2;211;222;195m▖[38;2;209;222;195;48;2;212;223;196m▀[38;2;211;222;195;48;2;208;220;193m▌[38;2;207;220;193;48;2;210;221;193m▌[38;2;208;219;191;48;2;217;229;202m▌[38;2;168;174;149;48;2;185;172;145m▌[38;2;253;240;206;48;2;241;228;195m▌[38;2;243;230;198;48;2;241;229;198m▌[0m
[38;2;245;243;232;48;2;242;235;215m▌[38;2;239;228;201;48;2;239;227;198m▝[38;2;240;227;199;48;2;235;223;194m▌[38;2;139;136;116;48;2;206;214;190m▌[38;2;203;217;193;48;2;216;220;193m▀[38;2;195;199;172;48;2;172;157;124m▌[38;2;139;126;100;48;2;90;86;71m▌[38;2;43;42;40;48;2;60;60;53m▀[38;2;76;79;72;48;2;49;49;47m▝[38;2;79;84;76;48;2;76;80;73m▀[38;2;73;76;70;48;2;59;59;55m▛[38;2;75;79;70;48;2;41;40;39m▀[38;2;67;68;61;48;2;39;37;36m▀[38;2;54;53;49;48;2;97;98;82m▌[38;2;131;130;104;48;2;89;88;73m▖[38;2;69;67;58;48;2;62;58;51m▛[38;2;63;60;52;48;2;43;42;39m▀[38;2;74;68;58;48;2;40;39;37m▝[38;2;139;125;100;48;2;208;186;145m▞[38;2;181;161;125;48;2;96;87;71m▖[38;2;67;63;54;48;2;41;40;38m▖[38;2;44;43;40;48;2;39;39;36m▝[38;2;138;123;96;48;2;55;51;45m▝[38;2;121;108;86;48;2;209;184;139m▝[38;2;176;156;120;48;2;85;77;63m▖[38;2;49;47;42;48;2;144;147;129m▛[38;2;129;131;113;48;2;222;229;201m▀[38;2;134;122;97;48;2;75;68;55m▖[38;2;111;101;82;48;2;74;68;55m▝[38;2;98;89;73;48;2;126;113;89m▀[38;2;67;61;52;48;2;116;105;84m▀[38;2;119;114;94;48;2;77;72;60m▞[38;2;192;197;169;48;2;107;99;79m▀[38;2;169;163;137;48;2;219;225;197m▖[38;2;218;226;198;48;2;225;229;200m▀[38;2;218;226;199;48;2;224;228;199m▀[38;2;215;225;198;48;2;222;227;199m▀[38;2;223;228;200;48;2;215;223;196m▖[38;2;225;233;205;48;2;176;177;153m▌[38;2;202;174;145;48;2;231;203;170m▛[38;2;187;186;161;48;2;223;232;204m▌[38;2;215;224;197;48;2;220;225;197m▀[38;2;214;224;196;48;2;220;226;196m▀[38;2;214;223;194;48;2;220;225;194m▀[38;2;213;222;193;48;2;219;223;191m▀[38;2;212;222;192;48;2;219;222;192m▀[38;2;215;223;194;48;2;219;224;194m▀[38;2;216;223;195;48;2;222;225;195m▛[38;2;214;222;194;48;2;219;224;194m▀[38;2;212;221;194;48;2;219;224;194m▀[38;2;211;222;194;48;2;217;223;193m▘[38;2;214;220;192;48;2;223;232;203m▌[38;2;173;174;151;48;2;188;175;148m▌[38;2;252;239;206;48;2;241;228;196m▌[38;2;243;229;198;48;2;240;228;197m▌[0m
[38;2;245;244;232;48;2;242;235;215m▌[38;2;238;226;197;48;2;239;227;199m▛[38;2;240;228;199;48;2;234;224;194m▌[38;2;146;139;118;48;2;224;219;190m▌[38;2;224;221;192;48;2;232;224;196m▀[38;2;210;200;171;48;2;172;157;124m▖[38;2;133;121;97;48;2;77;74;62m▌[38;2;53;52;47;48;2;43;43;41m▘[38;2;43;42;41;48;2;49;49;47m▛[38;2;78;82;75;48;2;51;51;49m▝[38;2;77;80;73;48;2;87;93;83m▞[38;2;60;60;56;48;2;92;97;84m▀[38;2;48;48;44;48;2;91;94;80m▀[38;2;47;46;43;48;2;105;105;88m▀[38;2;164;156;125;48;2;109;105;86m▝[38;2;141;130;105;48;2;164;150;120m▞[38;2;98;90;74;48;2;173;157;127m▀[38;2;102;94;77;48;2;176;160;127m▀[38;2;104;95;77;48;2;168;151;118m▘[38;2;142;128;100;48;2;206;183;140m▖[38;2;131;116;92;48;2;186;166;127m▀[38;2;128;114;90;48;2;192;172;131m▀[38;2;158;140;107;48;2;184;165;126m▀[38;2;236;211;158;48;2;170;152;118m▝[38;2;178;162;127;48;2;229;222;191m▀[38;2;212;210;182;48;2;236;232;202m▘[38;2;222;223;194;48;2;232;228;199m▘[38;2;175;164;132;48;2;226;223;194m▝[38;2;147;134;106;48;2;232;227;196m▀[38;2;141;125;96;48;2;210;192;149m▀[38;2;159;140;107;48;2;204;183;139m▀[38;2;174;154;117;48;2;211;190;144m▀[38;2;183;162;123;48;2;222;205;162m▀[38;2;170;153;119;48;2;230;222;190m▀[38;2;230;229;198;48;2;234;229;198m▀[38;2;230;229;200;48;2;234;230;200m▀[38;2;226;228;199;48;2;233;229;198m▀[38;2;225;227;197;48;2;231;228;197m▀[38;2;236;235;204;48;2;189;181;155m▌[38;2;210;181;150;48;2;233;206;172m▌[38;2;200;192;165;48;2;236;234;204m▌[38;2;228;227;197;48;2;233;228;197m▀[38;2;229;228;197;48;2;233;228;197m▀[38;2;227;226;195;48;2;233;227;196m▀[38;2;225;223;191;48;2;231;226;194m▀[38;2;227;224;193;48;2;232;226;194m▀[38;2;226;225;195;48;2;233;227;197m▀[38;2;228;226;196;48;2;234;227;196m▀[38;2;229;227;197;48;2;234;227;195m▀[38;2;228;226;195;48;2;234;227;196m▀[38;2;228;226;195;48;2;235;226;195m▀[38;2;230;224;193;48;2;241;235;203m▌[38;2;184;177;151;48;2;190;176;149m▌[38;2;252;239;206;48;2;241;228;197m▌[38;2;241;229;197;48;2;240;228;197m▌[0m
[38;2;245;244;232;48;2;241;235;214m▌[38;2;238;226;196;48;2;240;227;198m▌[38;2;240;227;199;48;2;236;225;196m▌[38;2;146;137;117;48;2;230;216;189m▌[38;2;237;224;195;48;2;242;226;196m▛[38;2;217;203;172;48;2;163;144;113m▌[38;2;151;135;108;48;2;116;107;87m▌[38;2;63;63;55;48;2;39;38;37m▛[38;2;77;80;70;48;2;54;54;49m▀[38;2;78;83;74;48;2;47;47;44m▀[38;2;67;70;64;48;2;42;41;40m▀[38;2;88;92;80;48;2;105;109;91m▛[38;2;81;83;71;48;2;63;62;55m▛[38;2;71;71;61;48;2;45;44;41m▀[38;2;69;67;58;48;2;42;41;39m▘[38;2;57;54;48;48;2;149;135;109m▖[38;2;99;90;74;48;2;166;148;117m▀[38;2;108;97;78;48;2;58;55;48m▖[38;2;40;39;37;48;2;57;53;46m▀[38;2;199;178;136;48;2;66;61;51m▝[38;2;121;108;87;48;2;206;183;141m▝[38;2;65;60;51;48;2;155;138;109m▀[38;2;56;53;46;48;2;178;168;144m▛[38;2;110;104;90;48;2;237;225;196m▘[38;2;241;231;203;48;2;238;225;196m▀[38;2;239;229;199;48;2;239;226;197m▀[38;2;239;229;199;48;2;244;232;202m▛[38;2;238;228;199;48;2;242;229;200m▀[38;2;239;230;200;48;2;241;229;200m▀[38;2;231;221;190;48;2;239;227;198m▝[38;2;229;218;188;48;2;243;230;199m▀[38;2;231;220;190;48;2;244;231;200m▀[38;2;228;219;191;48;2;241;230;200m▘[38;2;242;232;203;48;2;241;229;199m▀[38;2;239;229;199;48;2;239;226;196m▀[38;2;238;227;196;48;2;242;229;197m▛[38;2;236;227;196;48;2;248;234;203m▀[38;2;234;224;194;48;2;251;236;204m▀[38;2;248;238;206;48;2;201;183;157m▌[38;2;212;182;151;48;2;235;208;174m▌[38;2;207;192;164;48;2;248;236;204m▌[38;2;236;226;195;48;2;246;231;198m▀[38;2;212;197;168;48;2;237;225;194m▖[38;2;243;228;195;48;2;239;226;194m▖[38;2;237;226;193;48;2;240;225;192m▀[38;2;237;225;194;48;2;240;224;192m▀[38;2;238;226;195;48;2;240;226;194m▀[38;2;237;226;196;48;2;239;225;194m▀[38;2;237;226;196;48;2;240;225;194m▘[38;2;238;226;194;48;2;241;225;193m▀[38;2;238;225;193;48;2;241;225;192m▀[38;2;238;224;192;48;2;250;235;202m▌[38;2;182;168;143;48;2;190;177;150m▌[38;2;252;238;205;48;2;241;227;196m▌[38;2;241;228;197;48;2;240;228;199m▌[0m
[38;2;245;244;232;48;2;242;235;215m▌[38;2;239;227;198;48;2;240;227;200m▌[38;2;240;227;199;48;2;236;226;197m▌[38;2;153;141;121;48;2;233;216;188m▌[38;2;238;221;190;48;2;236;218;187m▀[38;2;227;211;179;48;2;237;220;188m▝[38;2;237;218;183;48;2;148;132;105m▖[38;2;102;94;76;48;2;57;56;50m▖[38;2;53;53;50;48;2;73;75;67m▛[38;2;41;40;39;48;2;72;73;65m▀[38;2;40;39;38;48;2;83;85;73m▀[38;2;50;48;46;48;2;88;90;76m▘[38;2;106;105;86;48;2;126;124;100m▞[38;2;99;94;78;48;2;143;134;106m▀[38;2;99;92;75;48;2;146;133;107m▀[38;2;114;103;83;48;2;143;128;101m▘[38;2;202;179;139;48;2;117;105;85m▀[38;2;199;177;137;48;2;184;163;127m▖[38;2;186;164;125;48;2;157;140;108m▀[38;2;170;150;114;48;2;148;133;103m▀[38;2;216;192;145;48;2;135;120;94m▀[38;2;207;188;155;48;2;231;210;170m▞[38;2;250;234;203;48;2;224;208;180m▝[38;2;217;205;179;48;2;229;216;188m▖[38;2;231;218;190;48;2;220;208;182m▀[38;2;230;217;188;48;2;216;204;179m▀[38;2;224;210;182;48;2;212;199;173m▛[38;2;243;229;199;48;2;213;199;172m▀[38;2;237;222;192;48;2;243;229;198m▖[38;2;245;229;197;48;2;242;227;196m▖[38;2;242;227;196;48;2;241;225;195m▝[38;2;234;218;187;48;2;243;227;196m▖[38;2;242;227;197;48;2;245;228;197m▀[38;2;243;228;195;48;2;229;213;182m▛[38;2;251;235;202;48;2;185;173;148m▀[38;2;242;227;196;48;2;114;108;92m▀[38;2;198;186;161;48;2;84;80;66m▀[38;2;160;152;130;48;2;77;74;59m▀[38;2;163;150;128;48;2;97;87;71m▀[38;2;225;193;161;48;2;236;207;172m▌[38;2;120;111;92;48;2;133;122;100m▛[38;2;193;177;150;48;2;239;221;190m▌[38;2;178;160;136;48;2;228;211;180m▌[38;2;245;227;194;48;2;242;224;191m▌[38;2;241;225;191;48;2;242;222;190m▀[38;2;241;224;191;48;2;242;222;189m▀[38;2;241;224;192;48;2;241;222;189m▛[38;2;241;225;192;48;2;241;222;189m▀[38;2;241;225;192;48;2;245;226;194m▀[38;2;244;225;193;48;2;242;225;192m▖[38;2;241;224;192;48;2;243;224;191m▀[38;2;239;222;190;48;2;252;233;200m▌[38;2;182;165;140;48;2;192;181;153m▌[38;2;252;238;205;48;2;240;227;196m▌[38;2;240;228;199;48;2;241;229;199m▝[0m
[38;2;245;244;232;48;2;241;233;212m▌[38;2;238;225;195;48;2;239;227;200m▌[38;2;240;227;198;48;2;238;226;197m▘[38;2;153;138;118;48;2;228;203;175m▌[38;2;247;226;194;48;2;192;171;142m▀[38;2;241;221;188;48;2;221;191;159m▀[38;2;183;167;137;48;2;239;207;172m▝[38;2;93;89;71;48;2;180;149;120m▀[38;2;37;36;36;48;2;66;66;59m▘[38;2;86;88;76;48;2;69;70;62m▛[38;2;71;73;63;48;2;49;48;46m▀[38;2;59;60;53;48;2;42;40;39m▀[38;2;110;103;84;48;2;49;47;43m▝[38;2;93;88;72;48;2;146;135;107m▝[38;2;123;113;91;48;2;69;66;57m▖[38;2;35;35;34;48;2;79;73;61m▀[38;2;35;35;34;48;2;84;76;62m▀[38;2;124;111;88;48;2;196;174;133m▌[38;2;121;107;85;48;2;220;194;148m▀[38;2;44;42;39;48;2;147;130;101m▀[38;2;59;56;50;48;2;176;163;140m▘[38;2;212;199;176;48;2;205;192;169m▘[38;2;205;192;169;48;2;206;194;170m▌[38;2;208;195;172;48;2;208;196;172m▘[38;2;205;194;171;48;2;206;195;172m▘[38;2;202;191;168;48;2;208;196;173m▀[38;2;203;192;169;48;2;206;195;171m▘[38;2;205;193;168;48;2;208;196;172m▝[38;2;203;191;167;48;2;207;196;172m▘[38;2;231;212;183;48;2;205;193;169m▀[38;2;244;221;189;48;2;216;196;170m▀[38;2;109;104;87;48;2;177;156;131m▝[38;2;126;118;98;48;2;184;158;133m▀[38;2;122;114;95;48;2;211;184;156m▀[38;2;105;98;79;48;2;207;178;151m▀[38;2;113;103;84;48;2;181;154;131m▀[38;2;121;112;89;48;2;205;164;139m▀[38;2;134;122;99;48;2;235;189;160m▀[38;2;252;206;176;48;2;163;141;118m▖[38;2;216;187;157;48;2;231;201;168m▌[38;2;209;179;152;48;2;251;222;188m▌[38;2;246;226;194;48;2;244;209;174m▀[38;2;194;168;142;48;2;237;209;177m▌[38;2;242;224;191;48;2;249;211;175m▀[38;2;240;222;189;48;2;249;210;172m▀[38;2;239;220;187;48;2;250;213;175m▀[38;2;240;221;190;48;2;249;216;178m▀[38;2;230;209;177;48;2;109;99;87m▛[38;2;228;207;177;48;2;107;97;82m▀[38;2;244;225;192;48;2;240;212;178m▝[38;2;242;222;189;48;2;245;214;175m▀[38;2;244;225;192;48;2;249;214;175m▀[38;2;188;161;134;48;2;203;189;160m▌[38;2;249;235;202;48;2;240;227;195m▌[38;2;240;229;201;48;2;240;228;198m▝[0m
[38;2;245;243;232;48;2;241;233;212m▌[38;2;238;225;195;48;2;238;224;192m▛[38;2;237;223;190;48;2;243;228;199m▌[38;2;126;129;95;48;2;90;105;65m▌[38;2;89;100;65;48;2;133;135;105m▀[38;2;88;98;62;48;2;146;139;111m▘[38;2;180;132;106;48;2;111;120;82m▀[38;2;164;121;91;48;2;80;103;57m▀[38;2;100;97;69;48;2;54;52;47m▌[38;2;40;40;39;48;2;81;83;71m▖[38;2;79;80;70;48;2;99;101;84m▀[38;2;73;73;64;48;2;97;99;84m▀[38;2;88;87;71;48;2;103;102;84m▀[38;2;160;148;118;48;2;109;102;83m▝[38;2;79;73;62;48;2;170;153;122m▖[38;2;166;148;116;48;2;122;110;89m▛[38;2;176;156;121;48;2;88;81;67m▀[38;2;191;169;129;48;2;65;61;53m▀[38;2;186;165;125;48;2;52;49;44m▀[38;2;181;159;120;48;2;96;86;69m▀[38;2;152;144;124;48;2;81;74;60m▝[38;2;187;181;159;48;2;155;153;132m▀[38;2;183;177;155;48;2;153;152;132m▀[38;2;185;179;158;48;2;164;163;141m▀[38;2;174;171;150;48;2;151;147;127m▛[38;2;184;177;155;48;2;161;159;138m▀[38;2;183;177;154;48;2;159;157;136m▀[38;2;188;181;157;48;2;144;142;122m▀[38;2;198;188;164;48;2;166;163;141m▀[38;2;197;188;164;48;2;158;156;135m▀[38;2;184;178;155;48;2;157;154;133m▛[38;2;188;180;156;48;2;154;153;132m▀[38;2;171;165;144;48;2;168;167;145m▀[38;2;166;163;144;48;2;177;177;154m▛[38;2;165;163;143;48;2;148;144;124m▛[38;2;159;156;138;48;2;183;181;157m▀[38;2;172;154;136;48;2;167;170;148m▀[38;2;164;145;127;48;2;174;179;157m▛[38;2;164;173;151;48;2;163;139;121m▖[38;2;220;190;159;48;2;234;204;171m▌[38;2;217;131;107;48;2;162;155;135m▀[38;2;229;137;111;48;2;167;153;134m▀[38;2;193;127;105;48;2;139;137;119m▀[38;2;208;138;111;48;2;149;151;132m▀[38;2;191;134;108;48;2;144;151;133m▀[38;2;171;144;121;48;2;111;112;94m▛[38;2;181;132;103;48;2;104;92;73m▘[38;2;78;72;61;48;2;116;103;80m▀[38;2;86;74;63;48;2;154;131;112m▘[38;2;214;148;121;48;2;151;149;131m▀[38;2;222;150;118;48;2;121;118;96m▀[38;2;223;146;117;48;2;96;99;80m▀[38;2;144;107;90;48;2;214;201;170m▌[38;2;247;232;199;48;2;240;226;194m▌[38;2;241;227;195;48;2;240;228;198m▌[0m
[38;2;245;243;231;48;2;241;234;213m▌[38;2;237;225;195;48;2;239;226;197m▌[38;2;238;225;196;48;2;242;228;200m▌[38;2;106;121;79;48;2;133;134;101m▝[38;2;105;116;79;48;2;137;139;107m▘[38;2;129;137;97;48;2;164;153;133m▀[38;2;129;144;97;48;2;155;152;120m▀[38;2;131;143;101;48;2;164;151;123m▀[38;2;108;103;79;48;2;161;150;124m▀[38;2;124;112;89;48;2;61;59;51m▖[38;2;90;93;80;48;2;54;53;50m▝[38;2;73;73;64;48;2;98;100;83m▝[38;2;49;48;44;48;2;92;93;78m▀[38;2;32;32;33;48;2;95;91;76m▀[38;2;60;57;50;48;2;131;120;97m▀[38;2;157;141;111;48;2;172;154;122m▖[38;2;110;100;81;48;2;193;173;138m▀[38;2;62;57;49;48;2;180;161;126m▀[38;2;57;54;47;48;2;153;138;110m▀[38;2;92;83;66;48;2;140;126;98m▀[38;2;113;102;81;48;2;161;143;111m▀[38;2;160;150;130;48;2;184;172;148m▀[38;2;152;144;126;48;2;169;163;143m▀[38;2;150;140;121;48;2;169;163;143m▝[38;2;150;141;122;48;2;166;159;139m▘[38;2;145;143;127;48;2;189;162;140m▝[38;2;148;146;129;48;2;183;126;109m▀[38;2;149;142;126;48;2;186;170;149m▀[38;2;144;137;119;48;2;173;160;138m▀[38;2;124;115;99;48;2;163;153;133m▌[38;2;139;131;114;48;2;167;156;135m▀[38;2;161;149;128;48;2;148;139;121m▖[38;2;180;167;146;48;2;148;139;122m▖[38;2;158;148;130;48;2;193;178;155m▛[38;2;153;146;127;48;2;206;190;168m▀[38;2;143;143;126;48;2;197;181;158m▀[38;2;144;145;129;48;2;185;173;150m▀[38;2;154;149;131;48;2;181;169;146m▀[38;2;131;130;115;48;2;172;154;132m▘[38;2;246;212;175;48;2;226;197;163m▌[38;2;124;127;111;48;2;175;163;142m▀[38;2;119;125;110;48;2;190;177;154m▀[38;2;161;157;137;48;2;126;122;102m▝[38;2;131;128;106;48;2;162;156;133m▞[38;2;128;123;102;48;2;118;113;86m▀[38;2;114;106;84;48;2;134;131;108m▞[38;2;133;115;90;48;2;137;130;105m▘[38;2;128;128;111;48;2;161;156;133m▀[38;2;139;140;116;48;2;103;111;81m▌[38;2;97;108;76;48;2;113;120;91m▌[38;2;117;128;102;48;2;158;147;127m▀[38;2;102;111;85;48;2;143;148;111m▀[38;2;103;104;79;48;2;215;201;169m▌[38;2;244;230;196;48;2;239;225;192m▌[38;2;239;228;197;48;2;239;227;195m▝[0m
[38;2;245;242;231;48;2;241;233;213m▌[38;2;237;224;194;48;2;238;226;196m▌[38;2;237;223;192;48;2;241;229;198m▌[38;2;179;165;140;48;2;142;126;108m▝[38;2;163;143;124;48;2;176;159;137m▖[38;2;166;138;119;48;2;139;104;93m▀[38;2;161;118;97;48;2;178;153;132m▝[38;2;161;133;112;48;2;175;158;137m▀[38;2;151;143;109;48;2;141;115;94m▖[38;2;55;53;47;48;2;127;118;92m▝[38;2;58;57;51;48;2;37;36;35m▀[38;2;81;78;67;48;2;47;46;44m▝[38;2;99;96;80;48;2;58;57;51m▀[38;2;148;137;110;48;2;96;89;74m▀[38;2;143;132;106;48;2;92;85;70m▀[38;2;107;98;81;48;2;70;66;56m▘[38;2;75;70;60;48;2;139;125;100m▌[38;2;99;90;74;48;2;161;143;113m▝[38;2;84;77;63;48;2;161;144;123m▌[38;2;169;151;131;48;2;191;172;145m▝[38;2;172;150;131;48;2;150;149;109m▀[38;2;189;170;145;48;2;165;109;93m▌[38;2;180;87;75;48;2;179;126;107m▀[38;2;168;96;83;48;2;165;114;99m▀[38;2;172;90;77;48;2;179;123;104m▀[38;2;195;115;96;48;2;101;89;77m▛[38;2;139;125;107;48;2;176;144;123m▖[38;2;165;143;121;48;2;185;167;142m▛[38;2;181;165;142;48;2;170;153;131m▞[38;2;193;177;152;48;2;168;155;134m▌[38;2;165;149;128;48;2;183;166;142m▌[38;2;207;195;167;48;2;176;161;138m▖[38;2;177;165;136;48;2;152;152;115m▌[38;2;104;125;77;48;2;156;156;117m▀[38;2;156;159;118;48;2;138;145;103m▞[38;2;154;155;120;48;2;111;121;77m▀[38;2;195;180;157;48;2;139;133;102m▀[38;2;157;144;119;48;2;190;173;150m▖[38;2;178;161;140;48;2;172;149;125m▌[38;2;244;209;171;48;2;224;191;157m▌[38;2;158;141;120;48;2;186;172;147m▌[38;2;163;155;128;48;2;147;142;111m▘[38;2;107;107;78;48;2;136;134;100m▝[38;2;163;156;124;48;2;132;133;96m▞[38;2;139;139;102;48;2;164;153;125m▞[38;2;137;127;105;48;2;152;150;116m▞[38;2;138;138;106;48;2;122;135;89m▘[38;2;169;164;131;48;2;142;148;106m▝[38;2;136;139;103;48;2;122;139;89m▀[38;2;161;161;127;48;2;118;139;88m▘[38;2;136;142;103;48;2;98;128;71m▀[38;2;114;136;81;48;2;118;148;87m▘[38;2;119;123;84;48;2;217;202;171m▌[38;2;245;231;198;48;2;239;225;193m▌[38;2;240;227;195;48;2;240;229;199m▛[0m
[38;2;245;243;231;48;2;239;231;209m▌[38;2;237;224;194;48;2;236;222;192m▀[38;2;236;222;194;48;2;242;229;200m▌[38;2;154;121;107;48;2;165;153;132m▀[38;2;155;120;107;48;2;127;132;96m▀[38;2;146;122;105;48;2;113;127;83m▀[38;2;179;169;140;48;2;94;120;65m▀[38;2;181;164;143;48;2;112;129;82m▀[38;2;159;152;124;48;2;218;203;175m▌[38;2;193;179;154;48;2;174;159;137m▌[38;2;60;57;50;48;2;171;159;137m▝[38;2;67;65;57;48;2;103;100;83m▘[38;2;105;104;85;48;2;60;60;53m▌[38;2;45;45;42;48;2;85;85;72m▀[38;2;61;59;53;48;2;97;98;83m▀[38;2;79;77;66;48;2;66;66;58m▞[38;2;128;116;94;48;2;50;50;46m▀[38;2;136;124;98;48;2;70;67;59m▀[38;2;142;136;100;48;2;87;83;68m▀[38;2;128;154;89;48;2;125;115;89m▀[38;2;106;135;78;48;2;168;156;131m▀[38;2;155;148;117;48;2;124;141;94m▖[38;2;117;140;96;48;2;136;139;104m▀[38;2;167;171;140;48;2;124;138;93m▀[38;2;165;158;139;48;2;116;123;87m▀[38;2;157;147;126;48;2;178;170;144m▞[38;2;179;165;144;48;2;161;152;128m▝[38;2;172;160;139;48;2;200;187;162m▘[38;2;192;178;155;48;2;165;158;132m▀[38;2;160;148;128;48;2;186;177;151m▀[38;2;167;156;134;48;2;191;179;154m▌[38;2;190;181;152;48;2;123;132;94m▛[38;2;167;156;136;48;2;113;121;84m▀[38;2;163;155;125;48;2;176;160;141m▖[38;2;168;156;134;48;2;189;169;146m▀[38;2;154;146;121;48;2;171;155;134m▘[38;2;132;127;101;48;2;123;122;94m▖[38;2;128;139;94;48;2;141;145;107m▖[38;2;127;132;100;48;2;173;154;127m▌[38;2;245;209;171;48;2;225;192;158m▌[38;2;157;155;123;48;2;132;137;100m▀[38;2;153;160;120;48;2;131;142;100m▞[38;2;153;148;123;48;2;124;135;94m▀[38;2;147;150;115;48;2;121;144;89m▛[38;2;144;140;113;48;2;108;138;79m▀[38;2;116;132;84;48;2;126;169;99m▀[38;2;114;148;83;48;2;123;156;94m▀[38;2;109;144;79;48;2;135;187;112m▀[38;2;112;147;81;48;2;133;165;103m▀[38;2;117;161;90;48;2;128;186;107m▀[38;2;110;144;81;48;2;125;179;104m▀[38;2;111;143;82;48;2;121;169;97m▘[38;2;114;143;87;48;2;206;191;162m▌[38;2;247;233;198;48;2;239;224;191m▌[38;2;240;226;193;48;2;239;228;198m▌[0m
[38;2;245;242;230;48;2;238;230;207m▌[38;2;236;222;192;48;2;236;223;194m▀[38;2;235;221;190;48;2;243;229;198m▌[38;2;157;146;126;48;2;153;140;123m▀[38;2;162;152;127;48;2;136;128;110m▛[38;2;162;150;122;48;2;125;117;98m▘[38;2;124;115;91;48;2;148;138;118m▘[38;2;146;142;111;48;2;105;101;83m▛[38;2;177;168;141;48;2;101;103;75m▝[38;2;180;165;142;48;2;111;109;86m▀[38;2;161;150;129;48;2;122;117;97m▛[38;2;161;149;131;48;2;122;117;96m▘[38;2;146;133;107;48;2;81;80;62m▘[38;2;38;38;37;48;2;84;77;64m▀[38;2;40;40;38;48;2;112;103;83m▀[38;2;64;65;56;48;2;133;126;101m▘[38;2;32;32;32;48;2;102;99;81m▝[38;2;41;41;40;48;2;106;103;84m▀[38;2;61;62;56;48;2;120;121;98m▀[38;2;60;60;55;48;2;105;108;91m▀[38;2;64;63;55;48;2;80;79;68m▌[38;2;121;114;89;48;2;58;57;53m▀[38;2;149;146;103;48;2;69;63;57m▀[38;2;159;161;116;48;2;125;109;93m▀[38;2;153;151;111;48;2;160;140;120m▀[38;2;153;150;113;48;2;157;140;122m▀[38;2;143;147;104;48;2;145;130;114m▀[38;2;146;151;109;48;2;143;130;112m▀[38;2;126;143;90;48;2;151;138;118m▀[38;2;149;148;110;48;2;139;134;105m▛[38;2;144;143;106;48;2;119;127;89m▀[38;2;143;147;103;48;2;122;123;91m▀[38;2;145;147;106;48;2;122;123;92m▘[38;2;128;143;93;48;2;115;117;87m▀[38;2;155;160;118;48;2;122;126;91m▘[38;2;131;139;97;48;2;111;122;81m▝[38;2;146;150;109;48;2;129;150;99m▀[38;2;128;143;97;48;2;115;126;82m▌[38;2;136;154;109;48;2;172;152;124m▌[38;2;245;207;170;48;2;228;193;159m▌[38;2;113;140;84;48;2;130;170;103m▀[38;2;124;142;92;48;2;125;173;100m▀[38;2;123;170;96;48;2;128;183;106m▘[38;2;116;163;90;48;2;128;184;109m▀[38;2;112;153;85;48;2;129;186;109m▀[38;2;114;154;88;48;2;127;178;105m▘[38;2;132;181;111;48;2;135;193;117m▞[38;2;134;181;107;48;2;133;189;113m▘[38;2;136;182;110;48;2;133;189;113m▘[38;2;132;188;113;48;2;128;185;107m▌[38;2;129;187;107;48;2;128;186;107m▘[38;2;126;184;108;48;2;133;193;113m▌[38;2;116;147;89;48;2;207;192;163m▌[38;2;246;231;196;48;2;239;224;192m▌[38;2;240;226;194;48;2;240;228;198m▌[0m
[38;2;245;241;229;48;2;239;230;207m▌[38;2;236;223;193;48;2;238;224;195m▌[38;2;236;222;193;48;2;246;232;201m▌[38;2;146;135;115;48;2;88;85;67m▌[38;2;81;91;70;48;2;143;87;68m▌[38;2;195;78;54;48;2;234;79;56m▀[38;2;206;84;62;48;2;221;73;50m▀[38;2;198;80;54;48;2;238;85;58m▀[38;2;166;91;70;48;2;74;78;67m▌[38;2;94;93;75;48;2;79;78;63m▀[38;2;115;116;90;48;2;82;89;63m▘[38;2;81;88;63;48;2;87;88;70m▌[38;2;86;87;69;48;2;90;89;74m▝[38;2;106;100;81;48;2;71;77;57m▀[38;2;109;100;82;48;2;59;63;49m▀[38;2;121;110;88;48;2;211;188;146m▛[38;2;109;101;82;48;2;20;23;25m▛[38;2;91;86;71;48;2;33;33;33m▀[38;2;83;80;67;48;2;47;47;41m▀[38;2;95;91;74;48;2;141;134;107m▌[38;2;90;87;73;48;2;43;43;41m▌[38;2;43;42;40;48;2;58;57;51m▀[38;2;53;54;50;48;2;82;84;70m▀[38;2;77;82;70;48;2;106;112;95m▀[38;2;66;66;57;48;2;46;46;43m▛[38;2;122;114;95;48;2;75;74;64m▝[38;2;105;116;80;48;2;111;147;83m▛[38;2;117;122;92;48;2;98;125;71m▀[38;2;109;104;90;48;2;98;118;76m▀[38;2;111;109;90;48;2;86;92;70m▀[38;2;108;113;86;48;2;79;79;64m▀[38;2;102;117;76;48;2;83;97;62m▀[38;2;106;107;84;48;2;111;154;88m▀[38;2;111;128;87;48;2;122;178;102m▀[38;2;97;100;72;48;2;107;143;84m▀[38;2;110;146;87;48;2;127;183;106m▖[38;2;128;187;108;48;2;124;180;107m▀[38;2;129;175;107;48;2;129;190;113m▀[38;2;119;179;107;48;2;165;151;118m▌[38;2;247;208;173;48;2;226;192;159m▌[38;2;126;160;98;48;2;122;188;106m▌[38;2;127;188;108;48;2;124;187;109m▀[38;2;127;188;108;48;2;122;185;108m▀[38;2;129;189;110;48;2;123;184;108m▀[38;2;130;188;111;48;2;123;184;109m▀[38;2;131;189;112;48;2;122;183;108m▀[38;2;129;187;110;48;2;120;178;105m▀[38;2;131;188;111;48;2;124;183;109m▀[38;2;128;185;109;48;2;122;184;109m▀[38;2;130;187;111;48;2;119;175;106m▀[38;2;124;180;103;48;2;116;176;105m▀[38;2;124;183;105;48;2;112;172;102m▀[38;2;103;138;82;48;2;208;194;165m▌[38;2;245;231;197;48;2;238;224;191m▌[38;2;240;226;194;48;2;239;228;199m▌[0m
[38;2;245;241;229;48;2;239;229;206m▌[38;2;237;223;192;48;2;237;224;195m▖[38;2;235;221;191;48;2;247;232;202m▌[38;2;136;126;107;48;2;67;68;50m▌[38;2;64;77;57;48;2;140;72;56m▌[38;2;201;69;52;48;2;114;53;44m▌[38;2;191;70;53;48;2;130;58;46m▛[38;2;157;66;50;48;2;233;84;57m▌[38;2;164;79;58;48;2;66;79;56m▌[38;2;104;119;78;48;2;76;80;59m▖[38;2;68;62;57;48;2;84;99;62m▘[38;2;83;99;60;48;2;101;132;73m▀[38;2;81;81;64;48;2;90;112;61m▀[38;2;69;64;57;48;2;92;109;71m▀[38;2;75;68;62;48;2;98;116;77m▀[38;2;142;130;100;48;2;90;110;66m▝[38;2;109;97;78;48;2;111;127;78m▀[38;2;140;124;98;48;2;92;86;68m▀[38;2;152;137;107;48;2;101;91;74m▀[38;2;157;141;109;48;2;170;154;121m▖[38;2;110;102;82;48;2;65;62;55m▛[38;2;146;136;109;48;2;63;59;53m▀[38;2;140;134;108;48;2;74;71;60m▀[38;2;109;108;89;48;2;156;147;118m▛[38;2;80;79;68;48;2;37;36;37m▛[38;2;67;69;61;48;2;48;47;44m▀[38;2;58;57;53;48;2;67;68;62m▖[38;2;95;102;88;48;2;64;64;59m▖[38;2;64;64;58;48;2;74;78;71m▛[38;2;65;66;61;48;2;89;88;75m▛[38;2;69;74;60;48;2;113;161;99m▀[38;2;103;132;84;48;2;117;177;106m▘[38;2;126;186;108;48;2;109;174;102m▀[38;2;125;184;108;48;2;109;174;105m▀[38;2;125;187;110;48;2;105;173;106m▀[38;2;119;178;104;48;2;102;172;105m▀[38;2;123;184;111;48;2;99;170;104m▀[38;2;121;184;111;48;2;100;173;108m▀[38;2;99;162;102;48;2;165;148;119m▌[38;2;248;211;176;48;2;222;188;156m▌[38;2;118;168;105;48;2;88;147;98m▀[38;2;116;175;108;48;2;81;156;105m▀[38;2;116;180;109;48;2;77;160;110m▀[38;2;115;180;111;48;2;71;152;105m▀[38;2;111;176;108;48;2;62;142;102m▀[38;2;108;175;108;48;2;58;135;98m▀[38;2;104;173;107;48;2;72;140;102m▀[38;2;99;164;100;48;2;68;133;98m▀[38;2;98;166;102;48;2;56;129;99m▀[38;2;88;153;97;48;2;53;119;95m▀[38;2;83;150;99;48;2;67;131;116m▀[38;2;79;139;101;48;2;94;152;146m▀[38;2;98;122;111;48;2;211;196;166m▌[38;2;244;229;196;48;2;237;223;191m▌[38;2;238;225;192;48;2;238;227;198m▌[0m
[38;2;244;241;229;48;2;239;229;207m▌[38;2;236;221;191;48;2;237;223;194m▌[38;2;235;222;191;48;2;243;226;199m▌[38;2;85;97;60;48;2;141;162;108m▝[38;2;111;150;95;48;2;181;133;92m▌[38;2;222;76;54;48;2;235;98;65m▛[38;2;134;60;49;48;2;214;84;58m▝[38;2;155;69;52;48;2;230;85;57m▘[38;2;175;99;67;48;2;123;177;109m▌[38;2;117;152;88;48;2;129;180;108m▛[38;2;128;177;105;48;2;131;185;109m▝[38;2;123;168;100;48;2;130;183;111m▀[38;2;98;124;70;48;2;123;170;99m▝[38;2;108;142;85;48;2;128;179;104m▘[38;2;117;162;90;48;2;126;180;104m▀[38;2;113;153;87;48;2;128;182;105m▘[38;2;123;177;102;48;2;126;182;106m▝[38;2;114;153;93;48;2;132;189;110m▀[38;2;79;81;63;48;2;133;180;110m▀[38;2;220;194;149;48;2;165;155;115m▝[38;2;55;54;47;48;2;138;119;93m▀[38;2;59;57;49;48;2;171;152;115m▀[38;2;106;98;78;48;2;184;164;126m▀[38;2;187;169;133;48;2;130;117;94m▛[38;2;69;66;57;48;2;143;129;102m▀[38;2;75;73;62;48;2;143;132;106m▀[38;2;98;98;81;48;2;124;122;99m▘[38;2;101;105;89;48;2;76;76;66m▘[38;2;75;78;69;48;2;94;99;85m▘[38;2;70;72;64;48;2;59;61;55m▌[38;2;78;100;73;48;2;58;59;55m▝[38;2;96;136;90;48;2;61;59;56m▀[38;2;116;145;106;48;2;188;176;155m▛[38;2;89;131;88;48;2;169;155;136m▀[38;2;108;140;97;48;2;160;141;123m▀[38;2;93;137;99;48;2;126;110;97m▀[38;2;96;144;106;48;2;126;111;98m▀[38;2;82;122;89;48;2;121;107;94m▀[38;2;85;101;82;48;2;151;131;110m▌[38;2;245;207;174;48;2;215;182;154m▌[38;2;93;111;89;48;2;104;89;80m▀[38;2;102;118;96;48;2;110;94;84m▀[38;2;100;114;94;48;2;113;98;86m▀[38;2;84;95;79;48;2;118;111;95m▘[38;2;109;115;97;48;2;125;109;95m▀[38;2;111;109;92;48;2;133;126;113m▛[38;2;135;123;106;48;2;115;114;104m▛[38;2;148;122;105;48;2;124;122;108m▘[38;2;98;98;85;48;2;118;113;101m▘[38;2;117;114;102;48;2;126;109;94m▀[38;2;119;118;108;48;2;116;99;85m▀[38;2;115;120;113;48;2;104;87;74m▀[38;2;85;84;74;48;2;214;202;172m▌[38;2;243;228;194;48;2;238;223;191m▌[38;2;238;224;192;48;2;238;226;197m▌[0m
[38;2;244;240;228;48;2;238;229;207m▌[38;2;235;220;190;48;2;236;222;193m▌[38;2;234;221;190;48;2;242;225;197m▌[38;2;144;149;111;48;2;117;167;94m▌[38;2;128;191;118;48;2;166;127;84m▌[38;2;228;73;52;48;2;230;92;62m▌[38;2;152;67;51;48;2;194;74;54m▛[38;2;216;85;58;48;2;233;80;56m▘[38;2;182;113;75;48;2;124;187;115m▌[38;2;131;184;112;48;2;127;181;109m▀[38;2;128;183;111;48;2;130;184;113m▖[38;2;130;186;113;48;2;129;184;110m▌[38;2;129;183;111;48;2;126;179;107m▞[38;2;127;179;108;48;2;127;184;109m▘[38;2;128;184;109;48;2;129;186;111m▞[38;2;120;174;101;48;2;126;181;108m▝[38;2;124;179;103;48;2;128;186;111m▛[38;2;124;182;107;48;2;129;186;110m▀[38;2;122;179;102;48;2;127;185;107m▘[38;2;128;179;107;48;2;133;190;112m▀[38;2;96;104;74;48;2;131;185;111m▀[38;2;77;66;57;48;2;102;116;79m▀[38;2;141;122;93;48;2;183;161;120m▌[38;2;192;168;127;48;2;104;93;75m▌[38;2;55;51;47;48;2;95;86;68m▀[38;2;68;64;55;48;2;138;123;95m▀[38;2;86;81;66;48;2;163;148;116m▘[38;2;162;147;118;48;2;118;112;90m▖[38;2;129;128;104;48;2;79;78;66m▘[38;2;89;85;72;48;2;68;69;62m▖[38;2;61;62;56;48;2;70;73;65m▛[38;2;63;65;59;48;2;56;57;53m▌[38;2;50;52;50;48;2;64;64;59m▘[38;2;110;109;97;48;2;54;56;52m▀[38;2;86;95;87;48;2;114;125;113m▖[38;2;115;132;120;48;2;108;120;108m▞[38;2;91;105;95;48;2;110;125;114m▝[38;2;101;116;105;48;2;110;128;117m▀[38;2;90;104;95;48;2;168;146;124m▌[38;2;243;205;172;48;2;226;191;160m▌[38;2;84;80;70;48;2;72;97;95m▌[38;2;82;127;131;48;2;73;94;89m▖[38;2;97;148;150;48;2;68;113;120m▛[38;2;73;100;96;48;2;43;96;110m▀[38;2;56;84;87;48;2;32;98;124m▛[38;2;58;126;143;48;2;37;73;87m▝[38;2;46;129;154;48;2;15;86;126m▀[38;2;28;112;145;48;2;16;73;115m▀[38;2;19;96;132;48;2;19;66;106m▀[38;2;19;69;106;48;2;25;49;70m▌[38;2;25;46;67;48;2;21;36;58m▛[38;2;28;41;56;48;2;20;41;69m▀[38;2;49;55;62;48;2;223;210;179m▌[38;2;240;225;192;48;2;237;222;189m▌[38;2;238;223;191;48;2;238;226;197m▌[0m
[38;2;244;240;227;48;2;238;229;207m▌[38;2;232;218;188;48;2;234;220;190m▖[38;2;233;219;187;48;2;243;226;197m▌[38;2;149;154;116;48;2;111;161;89m▌[38;2;126;189;116;48;2;161;133;88m▌[38;2;228;81;57;48;2;201;81;59m▛[38;2;187;76;57;48;2;138;58;47m▘[38;2;196;79;57;48;2;239;79;58m▌[38;2;180;108;72;48;2;117;182;107m▌[38;2;127;181;108;48;2;124;179;109m▀[38;2;127;183;111;48;2;124;180;110m▀[38;2;129;183;113;48;2;126;181;113m▀[38;2;130;184;114;48;2;126;181;110m▘[38;2;129;185;112;48;2;125;182;112m▀[38;2;129;185;110;48;2;124;181;111m▀[38;2;128;185;110;48;2;121;179;107m▀[38;2;127;184;108;48;2;119;177;105m▀[38;2;119;178;108;48;2;123;182;108m▖[38;2;127;186;109;48;2;119;176;107m▀[38;2;131;187;110;48;2;121;179;108m▘[38;2;124;182;107;48;2;115;175;104m▀[38;2;131;185;109;48;2;118;178;107m▀[38;2;225;195;147;48;2;146;176;117m▝[38;2;184;163;123;48;2;93;79;65m▛[38;2;192;168;127;48;2;107;97;78m▀[38;2;186;165;126;48;2;106;96;78m▀[38;2;164;146;115;48;2;98;89;72m▀[38;2;96;88;73;48;2;125;112;90m▀[38;2;83;77;65;48;2;123;113;92m▞[38;2;144;132;107;48;2;77;74;64m▖[38;2;57;55;50;48;2;90;87;73m▞[38;2;78;79;69;48;2;52;52;49m▞[38;2;61;62;56;48;2;85;88;77m▛[38;2;62;63;58;48;2;49;49;47m▛[38;2;54;54;51;48;2;65;66;61m▘[38;2;110;128;118;48;2;63;66;63m▀[38;2;116;150;145;48;2;97;165;178m▛[38;2;119;152;145;48;2;80;157;174m▀[38;2;74;126;136;48;2;177;156;135m▌[38;2;241;206;174;48;2;229;194;163m▌[38;2;79;95;98;48;2;25;97;130m▌[38;2;43;137;169;48;2;19;86;125m▘[38;2;18;81;119;48;2;21;67;99m▌[38;2;10;89;131;48;2;17;59;101m▀[38;2;15;71;112;48;2;20;57;95m▝[38;2;18;71;114;48;2;21;54;92m▘[38;2;21;60;100;48;2;19;50;90m▀[38;2;19;53;93;48;2;16;46;86m▀[38;2;20;52;90;48;2;17;47;87m▀[38;2;21;36;59;48;2;18;42;73m▝[38;2;19;41;69;48;2;16;48;88m▝[38;2;22;44;72;48;2;15;49;91m▘[38;2;31;51;73;48;2;209;199;171m▌[38;2;242;226;193;48;2;236;221;189m▌[38;2;237;222;190;48;2;237;226;197m▌[0m
[38;2;243;241;227;48;2;232;224;204m▌[38;2;239;224;193;48;2;185;171;146m▀[38;2;240;224;194;48;2;214;199;171m▀[38;2;150;150;120;48;2;101;155;88m▌[38;2;159;140;94;48;2;111;171;107m▝[38;2;216;82;59;48;2;115;155;100m▀[38;2;208;82;60;48;2;116;155;101m▀[38;2;213;80;59;48;2;116;154;101m▀[38;2;180;108;74;48;2;105;165;104m▘[38;2;115;174;110;48;2;102;167;107m▀[38;2;118;177;112;48;2;103;167;110m▀[38;2;120;178;113;48;2;103;168;110m▀[38;2;117;177;112;48;2;101;167;111m▀[38;2;116;177;114;48;2;100;167;112m▀[38;2;116;177;112;48;2;96;163;109m▀[38;2;115;177;111;48;2;97;163;110m▀[38;2;114;177;113;48;2;95;161;109m▀[38;2;113;173;109;48;2;89;151;100m▀[38;2;108;168;108;48;2;74;133;90m▀[38;2;105;167;107;48;2;68;135;94m▀[38;2;62;110;76;48;2;95;159;106m▖[38;2;96;160;100;48;2;69;116;89m▀[38;2;67;115;91;48;2;84;144;98m▖[38;2;144;155;112;48;2;86;134;107m▝[38;2;99;87;67;48;2;144;162;141m▀[38;2;104;93;74;48;2;73;64;53m▌[38;2;121;108;86;48;2;75;68;57m▀[38;2;85;77;63;48;2;121;108;84m▀[38;2;134;120;96;48;2;84;76;63m▘[38;2;137;124;100;48;2;68;63;54m▞[38;2;60;56;50;48;2;145;131;105m▝[38;2;117;110;90;48;2;88;84;70m▞[38;2;64;63;56;48;2;128;123;101m▀[38;2;80;78;66;48;2;83;86;75m▖[38;2;102;106;92;48;2;67;67;62m▖[38;2;58;58;54;48;2;76;79;72m▞[38;2;63;90;96;48;2;60;58;54m▝[38;2;20;104;143;48;2;50;68;81m▀[38;2;16;65;102;48;2;183;159;139m▌[38;2;239;205;173;48;2;229;193;161m▌[38;2;71;84;100;48;2;13;50;96m▌[38;2;22;55;96;48;2;22;48;87m▀[38;2;17;49;92;48;2;17;45;86m▘[38;2;18;45;84;48;2;19;48;88m▝[38;2;19;46;85;48;2;17;46;86m▀[38;2;17;49;88;48;2;20;51;92m▛[38;2;19;47;87;48;2;21;57;99m▀[38;2;16;47;87;48;2;13;62;108m▀[38;2;17;50;91;48;2;7;74;120m▀[38;2;13;56;100;48;2;8;93;136m▀[38;2;7;67;114;48;2;31;124;158m▀[38;2;11;91;135;48;2;57;140;163m▀[38;2;60;98;110;48;2;211;198;169m▌[38;2;242;227;194;48;2;236;221;190m▌[38;2;237;222;191;48;2;237;226;198m▌[0m
[38;2;243;241;227;48;2;220;214;195m▌[38;2;200;186;159;48;2;153;140;119m▖[38;2;135;123;105;48;2;200;184;158m▖[38;2;139;141;117;48;2;53;120;89m▌[38;2;79;149;105;48;2;35;111;100m▀[38;2;75;150;107;48;2;34;107;97m▀[38;2;72;149;107;48;2;32;107;98m▀[38;2;71;148;107;48;2;31;109;101m▀[38;2;70;146;107;48;2;27;106;99m▀[38;2;67;144;106;48;2;21;104;97m▀[38;2;66;143;107;48;2;18;95;88m▀[38;2;66;141;107;48;2;19;91;85m▀[38;2;63;141;107;48;2;22;89;81m▀[38;2;57;132;100;48;2;30;92;84m▀[38;2;44;107;81;48;2;57;114;98m▝[38;2;51;118;89;48;2;88;134;127m▀[38;2;52;108;83;48;2;109;157;152m▀[38;2;62;118;94;48;2;117;164;161m▀[38;2;75;130;117;48;2;132;180;181m▀[38;2;86;130;120;48;2;129;175;177m▀[38;2;109;152;146;48;2;131;180;178m▘[38;2;122;165;165;48;2;125;176;176m▝[38;2;142;188;186;48;2;119;171;174m▝[38;2;132;181;183;48;2;101;162;172m▀[38;2;125;179;180;48;2;85;154;170m▀[38;2;140;159;145;48;2;63;142;166m▀[38;2;91;79;64;48;2;121;134;123m▀[38;2;79;69;57;48;2;97;87;71m▌[38;2;136;120;94;48;2;103;92;74m▘[38;2;150;134;105;48;2;77;70;59m▞[38;2;131;115;90;48;2;179;157;120m▛[38;2;173;153;119;48;2;192;172;137m▞[38;2;133;127;110;48;2;32;57;90m▛[38;2;118;118;102;48;2;27;57;94m▀[38;2;118;117;97;48;2;52;68;88m▀[38;2;78;78;70;48;2;103;106;92m▝[38;2;94;97;84;48;2;81;84;76m▖[38;2;90;95;85;48;2;72;72;66m▖[38;2;194;163;141;48;2;77;77;73m▝[38;2;204;174;148;48;2;236;198;166m▖[38;2;67;74;89;48;2;11;42;88m▌[38;2;16;45;86;48;2;21;52;94m▝[38;2;17;47;89;48;2;12;61;108m▀[38;2;20;52;94;48;2;8;74;123m▀[38;2;17;55;100;48;2;9;90;135m▀[38;2;12;66;111;48;2;18;108;148m▀[38;2;8;84;130;48;2;43;128;159m▀[38;2;11;101;144;48;2;69;146;167m▀[38;2;32;124;158;48;2;92;142;151m▀[38;2;57;143;165;48;2;108;102;98m▀[38;2;100;128;134;48;2;135;91;76m▀[38;2;126;103;95;48;2;190;157;136m▛[38;2;134;105;90;48;2;211;198;169m▌[38;2;241;224;191;48;2;235;219;187m▌[38;2;235;221;189;48;2;236;224;197m▌[0m
[38;2;242;240;226;48;2;224;218;198m▌[38;2;189;176;150;48;2;148;137;118m▌[38;2;119;109;93;48;2;190;175;151m▘[38;2;139;139;121;48;2;17;68;72m▌[38;2;13;77;82;48;2;42;87;91m▀[38;2;13;71;76;48;2;53;94;97m▀[38;2;13;73;79;48;2;74;114;114m▀[38;2;15;71;77;48;2;92;131;131m▀[38;2;18;71;75;48;2;101;139;138m▀[38;2;33;85;88;48;2;124;166;163m▀[38;2;48;94;93;48;2;130;174;172m▀[38;2;77;119;116;48;2;137;179;174m▀[38;2;91;135;134;48;2;127;177;179m▀[38;2;110;154;154;48;2;118;173;178m▀[38;2;133;176;175;48;2;111;168;175m▀[38;2;137;184;182;48;2;106;165;171m▀[38;2;127;177;177;48;2;97;159;168m▀[38;2;119;173;176;48;2;90;155;167m▀[38;2;110;167;172;48;2;77;149;167m▀[38;2;106;166;173;48;2;62;141;164m▀[38;2;97;160;170;48;2;45;130;160m▀[38;2;83;152;169;48;2;33;118;154m▀[38;2;70;147;169;48;2;19;106;147m▀[38;2;42;131;161;48;2;8;93;138m▀[38;2;22;115;154;48;2;8;80;128m▀[38;2;7;96;140;48;2;10;65;113m▀[38;2;56;104;132;48;2;7;63;113m▝[38;2;53;63;76;48;2;146;138;118m▞[38;2;119;107;88;48;2;93;84;69m▝[38;2;171;154;121;48;2;113;100;81m▞[38;2;134;118;93;48;2;190;170;133m▀[38;2;78;88;101;48;2;181;163;130m▝[38;2;45;58;86;48;2;8;32;79m▖[38;2;11;35;79;48;2;14;39;82m▝[38;2;9;37;81;48;2;14;41;85m▀[38;2;21;45;81;48;2;12;47;92m▀[38;2;32;55;85;48;2;11;53;100m▀[38;2;34;57;88;48;2;11;64;113m▀[38;2;64;77;90;48;2;211;176;149m▛[38;2;152;133;116;48;2;233;197;166m▘[38;2;71;96;110;48;2;12;91;135m▌[38;2;11;82;128;48;2;42;128;158m▀[38;2;15;97;138;48;2;72;132;149m▀[38;2;35;117;150;48;2;106;121;125m▀[38;2;100;120;126;48;2;69;144;164m▖[38;2;76;149;167;48;2;105;154;159m▀[38;2;100;164;173;48;2;137;146;138m▀[38;2;115;154;156;48;2;174;148;127m▀[38;2;123;94;81;48;2;185;164;142m▀[38;2;177;147;125;48;2;165;118;104m▝[38;2;165;137;121;48;2;174;96;84m▌[38;2;160;107;94;48;2;184;171;152m▌[38;2;154;141;123;48;2;209;195;165m▌[38;2;241;225;192;48;2;235;219;187m▌[38;2;235;219;187;48;2;235;224;198m▌[0m
[38;2;240;238;223;48;2;235;228;208m▌[38;2;238;223;193;48;2;231;215;185m▝[38;2;231;217;187;48;2;245;229;198m▌[38;2;155;150;131;48;2;105;143;142m▌[38;2;140;173;166;48;2;144;184;179m▝[38;2;148;181;173;48;2;140;179;174m▘[38;2;141;182;178;48;2;128;175;175m▀[38;2;138;183;180;48;2;116;168;171m▀[38;2;132;179;179;48;2;101;160;168m▀[38;2;126;175;175;48;2;90;155;167m▀[38;2;118;170;172;48;2;80;149;164m▀[38;2;111;165;169;48;2;71;144;162m▀[38;2;100;159;167;48;2;50;133;159m▀[38;2;85;152;165;48;2;36;124;155m▀[38;2;83;151;165;48;2;28;117;153m▀[38;2;64;141;162;48;2;18;106;148m▀[38;2;50;131;158;48;2;16;93;137m▀[38;2;36;121;152;48;2;12;84;129m▀[38;2;27;112;149;48;2;13;74;120m▀[38;2;15;98;141;48;2;18;67;112m▀[38;2;11;89;135;48;2;22;61;103m▀[38;2;11;75;122;48;2;22;54;97m▀[38;2;13;67;115;48;2;21;50;92m▀[38;2;17;60;105;48;2;19;46;87m▀[38;2;19;56;99;48;2;20;49;89m▀[38;2;20;51;93;48;2;17;50;93m▀[38;2;21;49;88;48;2;16;48;92m▀[38;2;20;49;90;48;2;12;43;89m▞[38;2;21;46;86;48;2;154;142;120m▖[38;2;188;169;134;48;2;139;125;101m▞[38;2;160;144;116;48;2;201;182;145m▘[38;2;200;180;141;48;2;217;199;160m▛[38;2;232;209;165;48;2;72;92;106m▌[38;2;13;51;98;48;2;5;91;140m▀[38;2;8;61;111;48;2;17;110;151m▀[38;2;4;76;125;48;2;42;129;161m▀[38;2;9;91;137;48;2;64;142;165m▀[38;2;18;107;148;48;2;76;151;171m▀[38;2;70;117;130;48;2;209;174;147m▌[38;2;232;198;169;48;2;227;188;159m▌[38;2;106;133;132;48;2;89;159;173m▌[38;2;90;157;171;48;2;126;158;155m▀[38;2;97;163;173;48;2;156;150;133m▀[38;2;94;136;115;48;2;149;151;110m▀[38;2;117;142;92;48;2;151;128;117m▌[38;2;176;153;134;48;2;200;182;162m▀[38;2;194;167;145;48;2;198;184;164m▀[38;2;176;159;140;48;2;152;105;94m▛[38;2;154;140;126;48;2;127;156;148m▛[38;2;188;164;138;48;2;122;135;88m▛[38;2;117;138;85;48;2;136;152;103m▀[38;2;164;116;104;48;2;192;175;154m▘[38;2;160;145;126;48;2;200;185;157m▌[38;2;240;224;190;48;2;232;216;184m▌[38;2;232;215;183;48;2;234;223;197m▌[0m
[38;2;239;236;221;48;2;234;227;206m▌[38;2;232;217;187;48;2;229;213;182m▝[38;2;238;222;192;48;2;229;212;181m▝[38;2;121;138;129;48;2;220;204;175m▝[38;2;97;146;151;48;2;188;181;157m▀[38;2;93;150;160;48;2;180;181;160m▀[38;2;78;142;157;48;2;177;180;162m▀[38;2;56;131;154;48;2;174;180;163m▀[38;2;39;119;147;48;2;167;174;157m▀[38;2;23;106;139;48;2;166;170;153m▀[38;2;15;100;137;48;2;163;167;152m▀[38;2;9;91;129;48;2;163;166;151m▀[38;2;0;82;125;48;2;168;166;150m▀[38;2;0;75;120;48;2;172;168;152m▀[38;2;0;68;115;48;2;171;167;150m▀[38;2;3;57;102;48;2;172;166;148m▀[38;2;8;50;94;48;2;174;168;150m▀[38;2;13;48;89;48;2;175;169;151m▀[38;2;11;41;82;48;2;173;167;149m▀[38;2;12;40;80;48;2;173;168;150m▀[38;2;12;36;77;48;2;171;165;150m▀[38;2;10;35;75;48;2;170;165;150m▀[38;2;9;36;78;48;2;168;165;150m▀[38;2;8;36;79;48;2;171;166;153m▀[38;2;8;40;85;48;2;168;165;151m▀[38;2;4;42;88;48;2;165;164;152m▀[38;2;4;46;93;48;2;164;165;153m▀[38;2;5;50;97;48;2;161;165;153m▀[38;2;7;53;97;48;2;161;167;155m▀[38;2;168;158;133;48;2;202;187;158m▛[38;2;181;161;128;48;2;203;187;154m▘[38;2;191;171;134;48;2;208;191;157m▘[38;2;24;103;135;48;2;183;177;153m▝[38;2;44;127;154;48;2;175;175;157m▀[38;2;71;140;158;48;2;178;178;159m▀[38;2;83;146;159;48;2;179;178;157m▀[38;2;95;152;162;48;2;181;180;159m▀[38;2;96;149;158;48;2;185;177;155m▀[38;2;90;113;114;48;2;192;171;147m▘[38;2;221;185;158;48;2;207;191;164m▀[38;2;131;136;128;48;2;203;186;159m▀[38;2;155;142;126;48;2;193;187;163m▀[38;2;137;140;128;48;2;184;185;163m▀[38;2;127;153;95;48;2;192;181;153m▝[38;2;124;139;93;48;2;191;178;152m▘[38;2;185;169;151;48;2;195;180;154m▀[38;2;185;169;149;48;2;196;181;155m▀[38;2;152;95;82;48;2;190;169;148m▝[38;2;135;123;113;48;2;202;179;153m▀[38;2;175;160;143;48;2;198;184;158m▀[38;2;159;144;129;48;2;191;175;152m▝[38;2;189;173;150;48;2;216;200;170m▛[38;2;180;165;141;48;2;228;212;180m▘[38;2;233;216;183;48;2;228;212;178m▀[38;2;227;210;177;48;2;231;219;193m▌[0m
[38;2;233;222;200;48;2;237;231;216m▀[38;2;223;207;176;48;2;232;226;207m▀[38;2;224;208;176;48;2;234;227;209m▀[38;2;224;209;179;48;2;234;227;209m▀[38;2;235;217;185;48;2;233;227;209m▀[38;2;237;218;184;48;2;234;227;209m▀[38;2;239;218;184;48;2;232;226;207m▀[38;2;239;217;182;48;2;232;225;206m▀[38;2;239;218;181;48;2;231;224;204m▀[38;2;241;220;183;48;2;232;224;205m▀[38;2;237;217;179;48;2;231;223;203m▀[38;2;239;219;181;48;2;232;224;205m▀[38;2;241;221;185;48;2;234;226;208m▀[38;2;242;223;187;48;2;233;226;207m▀[38;2;243;224;188;48;2;235;228;210m▀[38;2;244;226;190;48;2;236;229;212m▀[38;2;242;224;188;48;2;235;229;212m▀▀[38;2;241;224;189;48;2;235;229;213m▀[38;2;240;223;189;48;2;235;229;213m▀[38;2;242;225;191;48;2;236;229;213m▀[38;2;242;224;189;48;2;236;229;213m▀[38;2;240;223;188;48;2;235;228;211m▀[38;2;241;224;190;48;2;234;227;209m▀[38;2;243;225;190;48;2;234;227;208m▀[38;2;243;225;191;48;2;234;225;206m▀[38;2;245;226;192;48;2;233;226;206m▀[38;2;244;225;191;48;2;233;225;206m▀[38;2;244;225;189;48;2;233;225;207m▀[38;2;240;223;191;48;2;235;227;209m▀[38;2;238;223;192;48;2;236;228;209m▀[38;2;236;221;190;48;2;237;229;211m▀[38;2;240;223;191;48;2;236;230;213m▀[38;2;238;220;189;48;2;236;230;214m▀[38;2;238;221;190;48;2;237;232;216m▀[38;2;237;220;188;48;2;238;232;217m▀[38;2;238;220;190;48;2;238;232;217m▀[38;2;239;222;191;48;2;238;232;216m▀[38;2;237;222;192;48;2;238;232;216m▀[38;2;234;220;190;48;2;239;232;217m▀[38;2;237;223;192;48;2;238;232;217m▀[38;2;237;221;190;48;2;238;232;217m▀[38;2;238;220;189;48;2;238;231;215m▀[38;2;237;219;188;48;2;239;231;214m▀[38;2;236;218;186;48;2;238;230;214m▀[38;2;233;216;183;48;2;238;230;214m▀[38;2;235;218;186;48;2;237;230;214m▀[38;2;234;218;186;48;2;238;231;214m▀[38;2;236;220;188;48;2;237;230;214m▀[38;2;236;219;186;48;2;237;231;215m▀[38;2;234;217;184;48;2;237;231;214m▀[38;2;231;215;182;48;2;237;231;214m▀[38;2;223;207;176;48;2;237;230;214m▀[38;2;220;203;173;48;2;236;230;214m▀[38;2;220;206;180;48;2;237;231;216m▀[0m

  Utagawa Hiroshige: Suido Bridge and Surugadai, 1857
