          [38;2;209;201;176;48;2;204;195;161m▌[38;2;205;197;167;48;2;209;201;171m▀[38;2;205;197;166;48;2;210;202;171m▀[38;2;206;197;166;48;2;213;204;175m▛[38;2;207;198;167;48;2;218;209;177m▀[38;2;210;198;165;48;2;221;211;179m▀[38;2;212;200;169;48;2;222;212;180m▀[38;2;212;201;169;48;2;222;212;179m▀[38;2;213;201;170;48;2;222;212;181m▀[38;2;213;201;170;48;2;223;213;181m▀[38;2;214;203;171;48;2;223;213;181m▀[38;2;214;203;170;48;2;223;213;181m▀[38;2;214;203;171;48;2;223;213;181m▀[38;2;215;204;173;48;2;224;214;182m▀[38;2;215;204;172;48;2;225;215;183m▀[38;2;214;203;170;48;2;224;213;181m▀[38;2;215;204;172;48;2;223;214;182m▀[38;2;215;205;173;48;2;224;215;182m▀[38;2;215;203;169;48;2;223;213;181m▀[38;2;216;204;170;48;2;222;211;180m▀[38;2;216;204;171;48;2;223;213;180m▀[38;2;217;205;171;48;2;222;213;181m▀[38;2;216;204;170;48;2;221;211;179m▀[38;2;217;205;172;48;2;222;211;180m▀[38;2;215;204;169;48;2;220;210;178m▀[38;2;216;205;173;48;2;223;213;182m▀[38;2;215;204;173;48;2;224;214;182m▀[38;2;216;204;173;48;2;224;213;181m▀[38;2;216;205;174;48;2;222;212;180m▀[38;2;217;207;176;48;2;222;211;180m▀[38;2;217;207;177;48;2;221;210;179m▀[38;2;217;206;176;48;2;220;209;177m▀[38;2;217;206;175;48;2;222;211;179m▀[38;2;217;205;175;48;2;221;211;180m▀[38;2;217;206;176;48;2;224;213;181m▀[38;2;217;206;176;48;2;221;211;179m▀[38;2;217;206;176;48;2;220;210;179m▀[38;2;216;205;175;48;2;220;210;179m▀[38;2;215;204;174;48;2;220;210;178m▀[38;2;215;204;173;48;2;220;209;177m▀[38;2;214;203;171;48;2;220;209;178m▀[38;2;213;202;170;48;2;220;209;177m▀[38;2;213;202;170;48;2;220;209;178m▀[38;2;213;201;168;48;2;220;209;178m▀[38;2;212;201;168;48;2;219;208;176m▀[38;2;212;200;165;48;2;219;208;175m▀[38;2;211;200;166;48;2;218;207;173m▀[38;2;211;199;164;48;2;217;206;171m▀[38;2;211;200;166;48;2;217;206;173m▀[38;2;211;200;166;48;2;217;206;172m▀[38;2;210;199;164;48;2;216;206;171m▀[38;2;207;197;164;48;2;214;205;173m▀[38;2;201;192;160;48;2;204;197;168m▀[38;2;198;189;159;48;2;204;197;168m▀[38;2;193;184;153;48;2;203;195;166m▀[0m
          [38;2;212;205;179;48;2;209;198;164m▌[38;2;213;204;172;48;2;211;201;169m▝[38;2;212;203;173;48;2;203;196;167m▛[38;2;192;186;161;48;2;58;62;76m▛[38;2;178;174;153;48;2;22;32;63m▀[38;2;180;176;155;48;2;23;32;63m▀[38;2;182;177;154;48;2;24;35;66m▀[38;2;184;178;156;48;2;24;33;64m▀[38;2;185;180;158;48;2;24;35;66m▀[38;2;186;180;157;48;2;23;33;64m▀[38;2;187;182;159;48;2;23;34;66m▀[38;2;188;183;160;48;2;25;36;67m▀[38;2;189;183;160;48;2;25;36;67m▀[38;2;190;184;161;48;2;26;37;68m▀[38;2;190;185;162;48;2;27;38;69m▀[38;2;190;185;161;48;2;27;40;71m▀[38;2;191;186;162;48;2;29;42;71m▀[38;2;188;184;162;48;2;40;48;70m▀[38;2;188;182;160;48;2;97;111;88m▀[38;2;198;193;164;48;2;130;134;96m▀[38;2;196;190;162;48;2;138;109;85m▀[38;2;204;193;164;48;2;143;125;91m▀[38;2;201;195;167;48;2;130;138;104m▀[38;2;204;196;168;48;2;149;116;86m▀[38;2;206;199;170;48;2;128;104;90m▀[38;2;202;195;168;48;2;54;60;78m▀[38;2;199;193;167;48;2;35;45;74m▀[38;2;199;192;168;48;2;83;82;79m▀[38;2;207;199;168;48;2;109;117;90m▀[38;2;209;202;172;48;2;132;113;85m▀[38;2;214;204;174;48;2;142;115;90m▀[38;2;212;204;174;48;2;147;119;93m▀[38;2;206;200;173;48;2;99;88;77m▀[38;2;212;204;175;48;2;97;85;78m▀[38;2;203;198;173;48;2;110;94;85m▀[38;2;211;202;171;48;2;93;86;84m▀[38;2;218;207;173;48;2;87;81;85m▀[38;2;207;199;171;48;2;53;58;76m▀[38;2;204;198;169;48;2;44;54;79m▀[38;2;206;200;170;48;2;43;54;79m▀[38;2;209;201;171;48;2;44;54;78m▀[38;2;209;201;171;48;2;46;55;78m▀[38;2;210;203;172;48;2;48;56;78m▀[38;2;212;203;173;48;2;47;56;80m▀[38;2;210;201;170;48;2;47;55;78m▀[38;2;208;200;169;48;2;43;53;76m▀[38;2;208;199;168;48;2;45;52;76m▀[38;2;210;200;168;48;2;34;48;75m▀[38;2;207;198;166;48;2;36;50;80m▀[38;2;206;197;165;48;2;33;48;78m▀[38;2;202;194;164;48;2;34;47;74m▀[38;2;204;196;166;48;2;45;54;75m▀[38;2;129;133;128;48;2;209;202;172m▖[38;2;207;200;170;48;2;213;206;176m▀[38;2;210;202;173;48;2;207;199;170m▖[0m
          [38;2;214;207;181;48;2;211;201;168m▌[38;2;213;204;172;48;2;213;205;175m▘[38;2;217;210;179;48;2;182;177;150m▌[38;2;19;39;75;48;2;52;90;120m▀[38;2;19;45;85;48;2;47;93;129m▀[38;2;20;45;86;48;2;48;94;130m▀[38;2;19;47;90;48;2;46;93;129m▀[38;2;19;47;89;48;2;46;93;130m▀[38;2;20;48;90;48;2;47;94;131m▀[38;2;18;46;89;48;2;46;91;129m▀[38;2;17;47;89;48;2;45;92;130m▀[38;2;16;47;90;48;2;46;92;130m▀[38;2;15;46;88;48;2;46;91;128m▀[38;2;16;48;90;48;2;43;89;126m▀[38;2;21;49;90;48;2;43;87;124m▀[38;2;19;47;89;48;2;40;86;126m▀[38;2;26;55;92;48;2;110;122;106m▛[38;2;75;84;87;48;2;143;148;114m▘[38;2;141;159;122;48;2;125;112;91m▘[38;2;122;98;80;48;2;141;111;86m▖[38;2;150;115;83;48;2;146;151;118m▛[38;2;144;155;118;48;2;131;110;83m▛[38;2;156;108;76;48;2;156;124;92m▖[38;2;163;115;82;48;2;138;104;80m▌[38;2;124;97;80;48;2;94;92;81m▀[38;2;51;59;83;48;2;115;104;87m▝[38;2;38;62;92;48;2;99;106;97m▘[38;2;100;100;87;48;2;109;100;99m▛[38;2;68;76;85;48;2;126;101;83m▘[38;2;136;112;88;48;2;132;104;81m▖[38;2;130;103;81;48;2;127;99;78m▞[38;2;79;70;70;48;2;121;100;83m▝[38;2;84;73;70;48;2;119;95;77m▌[38;2;69;66;73;48;2;69;94;117m▀[38;2;78;75;80;48;2;45;94;136m▀[38;2;111;91;78;48;2;57;91;121m▀[38;2;30;50;87;48;2;86;88;93m▝[38;2;21;50;93;48;2;45;92;130m▀[38;2;20;50;94;48;2;47;94;132m▀[38;2;19;51;94;48;2;44;92;131m▀[38;2;14;49;95;48;2;76;110;127m▀[38;2;15;47;94;48;2;81;115;129m▀[38;2;16;48;95;48;2;56;97;116m▀[38;2;9;43;91;48;2;52;90;110m▀[38;2;13;44;90;48;2;54;93;113m▀[38;2;13;43;89;48;2;50;88;108m▀[38;2;11;41;88;48;2;47;86;107m▀[38;2;86;69;76;48;2;173;115;81m▀[38;2;86;68;72;48;2;148;92;59m▀[38;2;98;70;70;48;2;180;105;64m▀[38;2;172;112;79;48;2;55;67;92m▖[38;2;18;43;84;48;2;43;85;122m▀[38;2;20;53;93;48;2;136;138;124m▌[38;2;222;215;183;48;2;210;204;176m▌[38;2;208;201;173;48;2;210;204;176m▝[0m
          [38;2;216;209;183;48;2;213;202;169m▌[38;2;214;205;173;48;2;216;207;176m▀[38;2;221;214;182;48;2;189;182;154m▌[38;2;86;114;120;48;2;117;152;153m▘[38;2;98;141;152;48;2;138;170;163m▀[38;2;99;141;152;48;2;142;172;164m▀[38;2;96;142;155;48;2;142;158;148m▀[38;2;100;143;156;48;2;138;149;136m▀[38;2;92;136;152;48;2;136;168;162m▀[38;2;94;137;153;48;2;138;168;162m▀[38;2;91;135;152;48;2;140;169;163m▀[38;2;92;136;153;48;2;139;170;164m▀[38;2;90;134;151;48;2;136;168;163m▀[38;2;90;135;153;48;2;137;168;162m▀[38;2;95;141;158;48;2;109;129;123m▀[38;2;90;121;129;48;2;135;137;114m▀[38;2;133;141;117;48;2;131;161;154m▛[38;2;120;129;118;48;2;137;172;169m▀[38;2;119;139;137;48;2;129;104;84m▌[38;2;167;136;108;48;2;108;122;112m▛[38;2;140;144;120;48;2;162;165;139m▌[38;2;107;111;103;48;2;143;148;124m▝[38;2;135;147;130;48;2;150;126;100m▖[38;2;155;128;99;48;2;159;140;113m▌[38;2;137;154;147;48;2;144;127;104m▖[38;2;127;125;112;48;2;163;128;100m▀[38;2;114;118;115;48;2;137;167;163m▀[38;2;134;156;151;48;2;112;120;118m▖[38;2;143;118;96;48;2;147;141;123m▛[38;2;137;161;157;48;2;126;110;95m▖[38;2;154;113;83;48;2;148;131;112m▌[38;2;121;109;95;48;2;127;151;146m▀[38;2;108;113;109;48;2;131;167;166m▀[38;2;124;112;98;48;2;134;164;160m▀[38;2;94;121;132;48;2;127;147;137m▀[38;2;89;137;158;48;2;134;167;163m▀[38;2;81;129;150;48;2;136;169;164m▀[38;2;90;134;151;48;2;138;170;166m▀[38;2;88;133;152;48;2;137;169;165m▀[38;2;88;132;150;48;2;136;169;163m▀[38;2;181;185;158;48;2;131;152;136m▀[38;2;141;148;123;48;2;87;106;92m▀[38;2;93;122;109;48;2;128;145;124m▝[38;2;79;99;86;48;2;128;144;124m▘[38;2;155;164;139;48;2;151;164;142m▝[38;2;145;159;137;48;2;120;134;116m▌[38;2;113;124;105;48;2;129;149;130m▌[38;2;167;130;100;48;2;177;101;67m▌[38;2;168;101;70;48;2;153;92;62m▖[38;2;158;93;62;48;2;170;96;62m▌[38;2;164;111;83;48;2;116;150;151m▌[38;2;93;136;151;48;2;141;171;162m▀[38;2;77;119;135;48;2;137;149;135m▘[38;2;224;217;186;48;2;215;210;181m▘[38;2;214;209;181;48;2;211;206;178m▌[0m
          [38;2;217;210;184;48;2;215;203;170m▌[38;2;217;208;175;48;2;217;208;177m▖[38;2;224;215;185;48;2;191;184;156m▌[38;2;155;120;88;48;2;185;144;110m▌[38;2;162;180;163;48;2;171;137;106m▝[38;2;161;169;151;48;2;154;126;100m▘[38;2;143;116;90;48;2;162;133;105m▖[38;2;168;182;164;48;2;145;126;103m▀[38;2;167;187;171;48;2;153;137;112m▀[38;2;173;179;156;48;2;170;188;169m▖[38;2;165;186;169;48;2;160;167;145m▀[38;2;161;179;160;48;2;173;190;170m▘[38;2;164;184;166;48;2;180;194;171m▀[38;2;174;190;170;48;2;153;163;142m▛[38;2;123;126;107;48;2;156;157;134m▛[38;2;120;119;98;48;2;161;166;141m▝[38;2;120;127;111;48;2;181;197;175m▘[38;2;178;194;174;48;2;175;186;164m▀[38;2;164;175;154;48;2;147;154;134m▌[38;2;138;141;118;48;2;155;163;142m▞[38;2;147;148;123;48;2;161;161;133m▝[38;2;151;155;132;48;2;181;194;172m▘[38;2;182;198;178;48;2;160;141;114m▌[38;2;164;113;79;48;2;174;173;149m▘[38;2;172;185;167;48;2;185;201;180m▝[38;2;152;126;100;48;2;189;201;179m▀[38;2;156;120;91;48;2;160;164;141m▘[38;2;168;179;159;48;2;188;203;181m▀[38;2;169;192;176;48;2;183;196;172m▀[38;2;182;200;181;48;2;154;157;135m▌[38;2;146;107;76;48;2;165;170;148m▘[38;2;168;190;175;48;2;184;198;176m▀[38;2;168;187;170;48;2;182;196;176m▀[38;2;167;189;174;48;2;182;196;175m▀[38;2;170;191;175;48;2;184;196;175m▀[38;2;169;188;171;48;2;185;198;175m▀[38;2;169;188;171;48;2;188;199;174m▀[38;2;171;190;172;48;2;187;198;174m▀[38;2;172;189;171;48;2;188;198;174m▀[38;2;168;188;170;48;2;186;197;173m▀[38;2;210;205;173;48;2;171;181;156m▀[38;2;172;173;145;48;2;149;156;130m▛[38;2;177;183;156;48;2;155;154;124m▌[38;2;168;167;137;48;2;205;201;171m▛[38;2;158;160;132;48;2;140;145;119m▌[38;2;182;178;147;48;2;143;156;132m▀[38;2;183;186;159;48;2;159;164;137m▝[38;2;179;137;103;48;2;189;107;69m▌[38;2;167;101;68;48;2;151;93;62m▞[38;2;160;94;63;48;2;184;101;66m▌[38;2;171;118;85;48;2;170;186;164m▌[38;2;166;185;167;48;2;181;194;172m▀[38;2;159;173;152;48;2;167;165;137m▌[38;2;223;218;188;48;2;216;211;183m▌[38;2;216;211;183;48;2;213;207;180m▌[0m
          [38;2;217;210;184;48;2;215;205;171m▌[38;2;218;209;177;48;2;217;209;178m▘[38;2;224;217;187;48;2;193;186;159m▌[38;2;157;123;92;48;2;173;133;101m▌[38;2;166;133;103;48;2;146;109;81m▌[38;2;126;100;77;48;2;179;167;140m▀[38;2;143;109;82;48;2;161;146;119m▀[38;2;160;130;101;48;2;174;163;137m▌[38;2;175;175;152;48;2;148;118;91m▛[38;2;163;155;131;48;2;143;115;88m▘[38;2;173;179;156;48;2;151;130;103m▝[38;2;187;196;172;48;2;144;126;101m▀[38;2;183;194;170;48;2;137;133;110m▀[38;2;144;145;121;48;2;163;161;134m▀[38;2;158;157;133;48;2;130;128;107m▌[38;2;142;149;129;48;2;99;97;82m▀[38;2;117;122;106;48;2;96;94;80m▀[38;2;104;106;91;48;2;117;118;101m▛[38;2;127;129;111;48;2;113;113;97m▖[38;2;141;140;118;48;2;92;92;78m▀[38;2;148;147;121;48;2;107;106;90m▀[38;2;187;196;171;48;2;125;127;107m▀[38;2;196;206;181;48;2;164;170;148m▀[38;2;181;187;162;48;2;196;205;179m▖[38;2;194;202;176;48;2;202;210;184m▀[38;2;195;202;178;48;2;203;209;183m▀[38;2;187;196;170;48;2;196;204;180m▝[38;2;192;201;177;48;2;196;203;178m▝[38;2;191;201;176;48;2;194;203;178m▀[38;2;188;198;174;48;2;195;203;178m▝[38;2;191;202;178;48;2;196;203;178m▀[38;2;190;200;176;48;2;197;204;178m▀[38;2;192;201;177;48;2;196;203;177m▀[38;2;190;201;176;48;2;193;202;177m▀[38;2;189;200;176;48;2;194;203;179m▀[38;2;190;200;176;48;2;197;204;178m▀[38;2;193;201;176;48;2;202;206;180m▛[38;2;193;201;177;48;2;202;205;177m▀[38;2;194;201;175;48;2;199;204;175m▀[38;2;195;201;174;48;2;198;203;175m▘[38;2;154;169;147;48;2;167;177;150m▝[38;2;120;141;124;48;2;161;172;148m▀[38;2;133;153;133;48;2;100;122;107m▌[38;2;99;125;111;48;2;116;142;126m▌[38;2;84;103;89;48;2;130;148;128m▀[38;2;117;139;122;48;2;138;155;133m▘[38;2;147;161;139;48;2;196;198;167m▛[38;2;171;131;97;48;2;189;110;71m▌[38;2;171;103;70;48;2;159;96;62m▘[38;2;163;100;66;48;2;186;106;69m▖[38;2;174;124;89;48;2;185;197;171m▌[38;2;188;200;176;48;2;192;200;175m▝[38;2;172;179;153;48;2;173;169;140m▌[38;2;225;219;190;48;2;218;212;185m▌[38;2;217;211;184;48;2;213;207;180m▌[0m
          [38;2;218;210;184;48;2;217;206;174m▌[38;2;219;210;180;48;2;217;209;179m▖[38;2;226;219;189;48;2;183;177;151m▌[38;2;139;138;115;48;2;180;183;159m▌[38;2;192;197;172;48;2;167;168;141m▘[38;2;182;186;159;48;2;159;153;127m▛[38;2;167;161;133;48;2;147;131;107m▀[38;2;121;102;81;48;2;157;149;125m▝[38;2;138;118;94;48;2;154;159;139m▀[38;2;142;133;111;48;2;153;155;135m▀[38;2;133;129;109;48;2;159;157;134m▀[38;2;159;162;139;48;2;146;142;120m▖[38;2;143;145;124;48;2;147;129;103m▀[38;2;151;152;129;48;2;153;133;104m▀[38;2;128;130;111;48;2;181;184;158m▀[38;2;146;150;130;48;2;200;204;177m▀[38;2;174;177;151;48;2;201;208;182m▀[38;2;192;197;171;48;2;200;205;179m▘[38;2;202;208;180;48;2;193;200;175m▀[38;2;187;190;163;48;2;204;208;181m▀[38;2;169;172;148;48;2;203;210;185m▀[38;2;150;152;131;48;2;202;210;184m▀[38;2;129;131;112;48;2;194;201;177m▀[38;2;130;132;113;48;2;172;179;156m▀[38;2;170;177;154;48;2;123;126;109m▝[38;2;181;189;165;48;2;122;124;107m▀[38;2;200;208;183;48;2;150;155;134m▀[38;2;202;209;184;48;2;171;177;156m▀[38;2;201;209;184;48;2;179;187;165m▀[38;2;186;196;172;48;2;198;206;181m▖[38;2;198;205;179;48;2;205;212;186m▛[38;2;198;205;178;48;2;202;208;182m▀[38;2;198;205;179;48;2;195;203;178m▖[38;2;194;202;178;48;2;195;204;180m▖[38;2;194;203;179;48;2;196;204;180m▘[38;2;200;207;180;48;2;199;205;179m▖[38;2;198;205;178;48;2;203;207;180m▛[38;2;203;206;179;48;2;201;205;178m▝[38;2;204;207;177;48;2;206;207;179m▞[38;2;202;204;175;48;2;202;205;176m▝[38;2;188;194;166;48;2;205;207;178m▀[38;2;184;193;166;48;2;201;205;176m▀[38;2;187;195;167;48;2;203;206;177m▀[38;2;189;196;168;48;2;203;205;174m▀[38;2;187;194;167;48;2;204;205;175m▀[38;2;184;192;164;48;2;201;204;175m▀[38;2;194;198;168;48;2;194;203;174m▌[38;2;177;140;102;48;2;192;115;75m▌[38;2;181;113;75;48;2;145;92;60m▌[38;2;158;99;66;48;2;189;112;74m▘[38;2;179;131;96;48;2;185;197;172m▌[38;2;192;199;173;48;2;194;204;179m▌[38;2;177;181;154;48;2;178;173;142m▌[38;2;226;221;193;48;2;219;213;185m▌[38;2;215;209;183;48;2;218;212;186m▝[0m
          [38;2;219;211;185;48;2;218;208;175m▌[38;2;218;211;181;48;2;219;210;179m▝[38;2;228;219;188;48;2;187;180;152m▌[38;2;168;171;148;48;2;133;131;111m▀[38;2;158;160;138;48;2;144;145;125m▀[38;2;155;155;134;48;2;149;147;125m▀[38;2;157;162;141;48;2;146;127;102m▀[38;2;158;159;137;48;2;141;116;91m▀[38;2;162;155;129;48;2;161;129;99m▀[38;2;172;154;125;48;2;158;124;95m▌[38;2;155;122;93;48;2;138;102;75m▝[38;2;160;138;112;48;2;146;114;85m▘[38;2;142;114;86;48;2;154;122;92m▛[38;2;150;120;91;48;2;172;150;121m▀[38;2;140;116;90;48;2;179;177;151m▀[38;2;162;137;108;48;2;194;200;175m▀[38;2;174;171;143;48;2;190;197;172m▘[38;2;196;203;179;48;2;199;204;180m▘[38;2;198;203;176;48;2;198;204;179m▀[38;2;201;204;177;48;2;198;205;180m▀[38;2;196;202;177;48;2;194;203;179m▀[38;2;192;201;177;48;2;195;203;180m▀[38;2;193;203;178;48;2;195;205;181m▌[38;2;201;211;186;48;2;196;204;180m▀[38;2;180;188;165;48;2;198;206;181m▝[38;2;170;177;154;48;2;202;210;185m▀[38;2;152;156;135;48;2;203;211;185m▀[38;2;137;139;121;48;2;199;205;179m▀[38;2;135;138;118;48;2;190;196;172m▀[38;2;142;147;126;48;2;170;176;153m▀[38;2;161;166;144;48;2;144;148;129m▞[38;2;191;197;172;48;2;141;145;125m▀[38;2;203;210;184;48;2;153;158;137m▀[38;2;168;173;150;48;2;197;204;178m▖[38;2;200;206;180;48;2;205;212;185m▛[38;2;201;206;180;48;2;206;211;185m▀[38;2;203;207;180;48;2;200;205;176m▛[38;2;204;207;178;48;2;206;208;179m▛[38;2;204;207;176;48;2;204;207;178m▀[38;2;202;206;177;48;2;205;206;177m▀[38;2;201;205;177;48;2;203;204;175m▀[38;2;198;203;176;48;2;196;200;172m▀[38;2;198;203;175;48;2;195;201;173m▀[38;2;196;201;173;48;2;200;204;174m▖[38;2;201;204;174;48;2;200;203;173m▖[38;2;199;202;172;48;2;194;199;169m▌[38;2;196;200;170;48;2;192;203;175m▌[38;2;179;141;103;48;2;189;115;76m▌[38;2;132;81;54;48;2;171;110;76m▝[38;2;176;102;67;48;2;184;123;88m▀[38;2;181;138;103;48;2;189;202;176m▌[38;2;191;198;172;48;2;197;206;180m▘[38;2;173;179;154;48;2;174;170;139m▌[38;2;228;222;194;48;2;221;215;188m▌[38;2;220;215;190;48;2;218;212;187m▌[0m
          [38;2;220;213;186;48;2;218;209;177m▌[38;2;218;210;181;48;2;220;211;180m▝[38;2;227;218;188;48;2;191;184;158m▌[38;2;111;110;93;48;2;171;172;149m▛[38;2;131;119;97;48;2;190;185;158m▀[38;2;144;117;91;48;2;184;176;150m▀[38;2;141;111;85;48;2;150;109;80m▛[38;2;147;112;84;48;2;180;155;125m▀[38;2;140;106;77;48;2;161;125;93m▀[38;2;150;107;75;48;2;169;139;108m▘[38;2;169;150;124;48;2;157;118;87m▘[38;2;172;154;124;48;2;193;199;177m▛[38;2;183;154;123;48;2;186;138;102m▞[38;2;182;157;123;48;2;187;194;169m▛[38;2;191;183;153;48;2;182;147;111m▖[38;2;202;210;184;48;2;176;152;118m▝[38;2;203;208;182;48;2;204;207;180m▌[38;2;202;206;179;48;2;201;206;180m▖[38;2;200;206;179;48;2;202;207;181m▛[38;2;205;209;183;48;2;202;207;181m▝[38;2;203;208;182;48;2;200;206;180m▖[38;2;199;206;181;48;2;194;204;180m▛[38;2;195;204;180;48;2;198;206;180m▖[38;2;199;207;183;48;2;198;206;181m▘[38;2;198;205;180;48;2;199;206;181m▀[38;2;197;205;181;48;2;200;207;181m▀[38;2;198;205;181;48;2;203;208;182m▀[38;2;198;206;181;48;2;202;208;182m▘[38;2;200;207;182;48;2;201;207;181m▀[38;2;202;211;187;48;2;197;205;179m▀[38;2;197;205;180;48;2;200;208;183m▞[38;2;179;186;163;48;2;197;206;181m▝[38;2;156;161;139;48;2;201;210;185m▀[38;2;132;135;115;48;2;190;198;173m▀[38;2;165;171;147;48;2;142;146;125m▖[38;2;169;175;151;48;2;124;125;106m▀[38;2;201;207;180;48;2;123;125;107m▀[38;2;208;213;185;48;2;166;170;148m▀[38;2;208;211;181;48;2;188;193;167m▀[38;2;210;211;181;48;2;180;184;158m▀[38;2;211;213;182;48;2;159;162;137m▀[38;2;208;210;179;48;2;166;170;142m▀[38;2;206;209;178;48;2;177;180;152m▀[38;2;206;209;179;48;2;182;184;155m▀[38;2;208;210;180;48;2;188;190;161m▀[38;2;203;206;175;48;2;193;197;167m▀[38;2;197;202;173;48;2;193;199;171m▘[38;2;188;195;167;48;2;179;188;162m▛[38;2;174;177;148;48;2;146;143;116m▛[38;2;165;155;126;48;2;134;123;99m▀[38;2;161;160;134;48;2;143;121;92m▀[38;2;167;173;148;48;2;135;105;78m▀[38;2;145;139;113;48;2;172;167;139m▌[38;2;230;224;195;48;2;221;216;188m▌[38;2;220;214;187;48;2;219;213;187m▌[0m
          [38;2;220;213;186;48;2;220;211;179m▌[38;2;221;213;183;48;2;219;211;181m▌[38;2;226;218;188;48;2;194;188;159m▌[38;2;183;184;156;48;2;174;143;109m▀[38;2;201;208;183;48;2;184;183;157m▀[38;2;157;121;90;48;2;180;168;140m▝[38;2;167;142;113;48;2;202;209;182m▀[38;2;199;203;177;48;2;183;166;136m▌[38;2;182;137;101;48;2;160;121;89m▀[38;2;176;165;136;48;2;192;203;181m▌[38;2;176;165;136;48;2;200;209;186m▀[38;2;172;147;115;48;2;191;195;170m▀[38;2;177;137;102;48;2;184;184;157m▝[38;2;165;142;107;48;2;197;206;181m▌[38;2;200;209;185;48;2;200;205;177m▀[38;2;167;160;129;48;2;204;209;182m▝[38;2;181;187;159;48;2;202;207;180m▘[38;2;200;205;179;48;2;205;209;181m▀[38;2;200;206;180;48;2;204;207;181m▀[38;2;199;206;180;48;2;204;208;181m▀[38;2;200;207;182;48;2;205;209;182m▀[38;2;197;206;181;48;2;203;209;182m▀[38;2;202;207;181;48;2;199;206;179m▞[38;2;202;207;180;48;2;207;210;183m▛[38;2;200;206;179;48;2;204;208;181m▀[38;2;202;206;179;48;2;204;209;182m▀[38;2;202;206;178;48;2;202;207;181m▀[38;2;204;209;184;48;2;203;208;181m▝[38;2;204;209;183;48;2;202;208;181m▝[38;2;202;208;181;48;2;199;206;180m▖[38;2;198;206;181;48;2;201;207;182m▀[38;2;197;205;179;48;2;199;206;181m▝[38;2;198;206;180;48;2;196;204;178m▖[38;2;200;209;184;48;2;198;206;179m▝[38;2;204;213;186;48;2;198;205;178m▀[38;2;195;200;174;48;2;204;209;183m▝[38;2;164;166;142;48;2;209;214;187m▀[38;2;114;115;97;48;2;200;203;175m▀[38;2;139;139;117;48;2;99;99;85m▖[38;2;146;148;125;48;2;100;100;84m▝[38;2;170;174;149;48;2;207;213;184m▛[38;2;170;175;148;48;2;212;218;189m▀[38;2;171;175;148;48;2;200;206;179m▀[38;2;181;185;157;48;2;155;158;131m▀[38;2;155;158;132;48;2;164;167;140m▞[38;2;132;134;109;48;2;181;184;156m▀[38;2;139;140;116;48;2;193;199;171m▀[38;2;137;138;115;48;2;185;187;159m▀[38;2;150;146;119;48;2;150;115;83m▛[38;2;173;178;152;48;2;149;111;78m▀[38;2;174;162;132;48;2;150;115;82m▀[38;2;152;128;101;48;2;119;96;76m▀[38;2;106;81;61;48;2;181;173;145m▌[38;2;228;222;192;48;2;220;213;185m▌[38;2;221;215;187;48;2;219;213;186m▌[0m
          [38;2;220;213;186;48;2;220;211;180m▌[38;2;220;212;182;48;2;219;211;181m▛[38;2;228;219;189;48;2;192;184;156m▌[38;2;169;127;93;48;2;188;141;104m▖[38;2;195;202;179;48;2;179;151;119m▝[38;2;197;201;175;48;2;171;134;100m▀[38;2;197;200;173;48;2;170;142;109m▀[38;2;203;210;184;48;2;188;176;143m▀[38;2;177;159;126;48;2;191;196;167m▀[38;2;207;210;184;48;2;203;207;180m▖[38;2;202;205;179;48;2;204;208;180m▀[38;2;206;211;185;48;2;203;207;179m▝[38;2;198;202;176;48;2;203;207;179m▘[38;2;188;193;166;48;2;205;208;180m▘[38;2;203;207;179;48;2;205;209;181m▘[38;2;204;208;181;48;2;204;209;182m▀[38;2;207;211;185;48;2;204;209;183m▘[38;2;205;209;183;48;2;203;208;180m▛[38;2;204;208;181;48;2;205;209;181m▝[38;2;205;210;183;48;2;206;210;182m▝[38;2;207;210;184;48;2;206;210;183m▞[38;2;205;209;183;48;2;206;210;184m▞[38;2;202;208;182;48;2;206;210;183m▀[38;2;203;209;181;48;2;207;210;183m▘[38;2;207;210;184;48;2;204;209;182m▌[38;2;205;209;182;48;2;203;208;181m▖[38;2;203;208;181;48;2;206;210;183m▛[38;2;204;210;183;48;2;203;209;183m▖[38;2;200;208;181;48;2;203;209;183m▝[38;2;200;208;182;48;2;202;208;182m▘[38;2;201;208;182;48;2;202;208;181m▀[38;2;201;207;181;48;2;202;208;181m▝[38;2;202;208;182;48;2;202;208;181m▛[38;2;202;208;181;48;2;200;207;180m▀[38;2;203;207;180;48;2;200;208;181m▀[38;2;205;209;180;48;2;200;207;181m▀[38;2;205;207;179;48;2;201;207;180m▀[38;2;204;208;180;48;2;208;212;184m▌[38;2;202;204;175;48;2;212;215;187m▝[38;2;132;131;110;48;2;194;196;168m▝[38;2;189;190;160;48;2;124;124;103m▖[38;2;156;158;135;48;2;134;134;114m▝[38;2;143;144;120;48;2;124;124;103m▀[38;2;197;201;172;48;2;165;166;139m▝[38;2;192;193;164;48;2;203;207;178m▖[38;2;202;206;177;48;2;204;208;178m▀[38;2;190;196;168;48;2;200;206;178m▝[38;2;181;182;153;48;2;199;205;177m▀[38;2;180;179;150;48;2;198;207;179m▀[38;2;182;185;158;48;2;191;200;174m▀[38;2;188;195;170;48;2;172;170;141m▛[38;2;129;99;72;48;2;169;158;130m▀[38;2;115;95;71;48;2;170;168;142m▘[38;2;229;222;193;48;2;221;215;187m▌[38;2;221;215;187;48;2;221;215;189m▌[0m
          [38;2;220;213;186;48;2;220;212;182m▌[38;2;221;214;184;48;2;219;212;183m▌[38;2;229;221;191;48;2;183;179;154m▌[38;2;124;124;85;48;2;173;144;104m▌[38;2;187;139;102;48;2;192;158;122m▘[38;2;190;189;162;48;2;183;155;121m▀[38;2;194;194;166;48;2;203;205;178m▘[38;2;202;204;178;48;2;194;192;164m▀[38;2;190;192;164;48;2;201;206;180m▖[38;2;201;206;180;48;2;204;207;180m▌[38;2;205;208;179;48;2;204;206;177m▀[38;2;201;206;179;48;2;203;207;181m▖[38;2;204;208;182;48;2;201;207;180m▞[38;2;205;208;181;48;2;201;207;182m▀[38;2;203;209;185;48;2;205;209;183m▖[38;2;204;210;184;48;2;203;209;183m▞[38;2;203;208;181;48;2;203;209;183m▀[38;2;204;209;183;48;2;202;208;184m▛[38;2;204;209;182;48;2;203;209;183m▝[38;2;206;210;183;48;2;204;209;182m▝[38;2;207;210;184;48;2;204;210;183m▘[38;2;204;210;183;48;2;203;210;184m▀[38;2;204;209;183;48;2;204;210;184m▝[38;2;204;210;184;48;2;203;209;182m▝[38;2;202;209;183;48;2;203;210;184m▖[38;2;204;210;184;48;2;203;210;183m▛[38;2;202;209;184;48;2;205;210;184m▘[38;2;203;209;182;48;2;201;208;181m▖[38;2;202;209;183;48;2;206;211;185m▛[38;2;203;210;182;48;2;200;207;181m▖[38;2;199;206;179;48;2;203;209;182m▘[38;2;198;207;181;48;2;202;208;182m▖[38;2;203;208;181;48;2;206;213;186m▀[38;2;199;206;179;48;2;204;213;186m▀[38;2;204;211;184;48;2;200;206;180m▞[38;2;205;212;185;48;2;184;190;164m▀[38;2;204;212;186;48;2;169;172;145m▀[38;2;146;147;120;48;2;189;195;168m▖[38;2;180;185;157;48;2;160;163;136m▌[38;2;170;173;145;48;2;204;208;180m▀[38;2;189;193;166;48;2;201;205;177m▘[38;2;199;204;178;48;2;207;214;185m▖[38;2;180;172;142;48;2;153;113;81m▛[38;2;157;146;119;48;2;174;169;141m▞[38;2;144;145;120;48;2;183;186;157m▀[38;2;150;157;135;48;2;153;136;108m▀[38;2;150;157;134;48;2;145;120;92m▀[38;2;160;165;139;48;2;159;135;104m▀[38;2;167;167;139;48;2;187;191;163m▛[38;2;154;159;134;48;2;195;203;177m▀[38;2;192;200;174;48;2;171;175;148m▖[38;2;143;135;105;48;2;163;169;144m▖[38;2;141;142;117;48;2;181;177;150m▌[38;2;230;225;195;48;2;221;216;188m▌[38;2;223;217;190;48;2;221;215;188m▖[0m
          [38;2;221;212;181;48;2;219;212;183m▝[38;2;221;213;185;48;2;219;211;182m▛[38;2;228;220;189;48;2;187;182;158m▌[38;2;117;130;96;48;2;146;159;117m▌[38;2;192;194;170;48;2;161;130;97m▘[38;2;167;132;99;48;2;156;122;92m▀[38;2;151;126;98;48;2;164;139;109m▘[38;2;168;146;115;48;2;181;170;142m▘[38;2;184;177;151;48;2;197;201;174m▖[38;2;199;205;179;48;2;203;213;190m▛[38;2;205;210;185;48;2;203;207;180m▖[38;2;202;207;182;48;2;197;206;180m▛[38;2;199;206;181;48;2;201;207;182m▖[38;2;199;207;183;48;2;198;206;181m▘[38;2;200;207;181;48;2;201;208;183m▖[38;2;202;209;183;48;2;200;208;183m▝[38;2;203;209;185;48;2;200;208;184m▀[38;2;204;210;185;48;2;201;208;184m▘[38;2;201;208;183;48;2;201;209;184m▖[38;2;203;209;183;48;2;201;208;181m▌[38;2;200;208;182;48;2;198;207;181m▛[38;2;201;208;183;48;2;197;207;182m▀[38;2;199;208;183;48;2;198;208;183m▛[38;2;198;207;181;48;2;200;209;184m▌[38;2;203;210;184;48;2;199;208;184m▀[38;2;202;210;184;48;2;200;208;183m▌[38;2;199;208;183;48;2;201;208;181m▖[38;2;203;209;182;48;2;199;206;179m▝[38;2;199;207;181;48;2;196;205;179m▛[38;2;202;209;181;48;2;206;213;187m▛[38;2;203;210;185;48;2;194;203;178m▛[38;2;203;211;184;48;2;167;176;151m▀[38;2;179;187;163;48;2;149;156;134m▀[38;2;157;165;142;48;2;170;179;156m▞[38;2;152;155;131;48;2;194;207;183m▀[38;2;197;200;173;48;2;173;175;149m▖[38;2;173;169;142;48;2;187;195;169m▖[38;2;182;186;160;48;2;166;155;127m▛[38;2;203;208;181;48;2;172;182;158m▀[38;2;205;207;179;48;2;195;202;175m▘[38;2;186;183;154;48;2;168;151;120m▌[38;2;163;146;118;48;2;152;125;94m▝[38;2;145;124;96;48;2;136;106;79m▘[38;2;166;136;103;48;2;138;103;73m▀[38;2;170;146;113;48;2;165;120;83m▘[38;2;168;123;86;48;2;157;118;82m▘[38;2;173;148;117;48;2;158;119;84m▝[38;2;164;154;125;48;2;170;126;88m▀[38;2;166;169;143;48;2;167;128;93m▀[38;2;177;186;161;48;2;143;131;103m▀[38;2;138;129;103;48;2;160;159;134m▞[38;2;169;180;153;48;2;164;160;132m▝[38;2;146;146;121;48;2;180;174;148m▌[38;2;230;223;193;48;2;221;214;186m▌[38;2;222;217;189;48;2;220;215;187m▘[0m
          [38;2;220;212;183;48;2;220;212;181m▌[38;2;223;216;187;48;2;221;214;185m▖[38;2;227;217;185;48;2;191;185;156m▌[38;2;128;136;103;48;2;143;160;121m▌[38;2;133;147;108;48;2;126;116;83m▌[38;2;161;129;97;48;2;139;110;84m▝[38;2;159;126;95;48;2;139;117;94m▀[38;2;147;121;95;48;2;176;176;152m▛[38;2;150;111;81;48;2;176;177;154m▀[38;2;162;127;94;48;2;168;158;131m▘[38;2;148;146;121;48;2;194;201;176m▖[38;2;195;205;181;48;2;200;207;183m▀[38;2;198;206;182;48;2;201;208;183m▀[38;2;199;207;183;48;2;201;208;184m▛[38;2;201;208;182;48;2;199;204;175m▛[38;2;197;205;178;48;2;199;208;183m▖[38;2;199;208;184;48;2;198;206;181m▀[38;2;200;208;184;48;2;198;207;182m▘[38;2;200;209;184;48;2;198;207;182m▝▀[38;2;200;208;183;48;2;195;205;181m▌[38;2;196;207;182;48;2;188;199;175m▀[38;2;197;207;182;48;2;197;211;188m▀[38;2;201;212;188;48;2;198;207;183m▖[38;2;199;207;183;48;2;200;212;188m▛[38;2;201;214;190;48;2;199;208;184m▖[38;2;202;211;186;48;2;188;196;172m▀[38;2;201;211;186;48;2;179;183;157m▀[38;2;196;206;181;48;2;179;176;149m▛[38;2;196;204;179;48;2;173;173;146m▀[38;2;126;128;106;48;2;174;183;158m▞[38;2;189;192;166;48;2;152;150;125m▞[38;2;173;171;145;48;2;183;187;160m▖[38;2;192;197;171;48;2;178;176;149m▌[38;2;157;148;122;48;2;169;162;135m▝[38;2;155;129;99;48;2;165;152;125m▝[38;2;165;142;112;48;2;149;116;85m▖[38;2;143;108;77;48;2;144;121;93m▛[38;2;157;142;114;48;2;144;110;79m▀[38;2;166;148;118;48;2;164;138;105m▞[38;2;166;174;149;48;2;170;157;129m▀[38;2;174;181;156;48;2;190;196;171m▌[38;2;200;208;182;48;2;171;154;124m▘[38;2;156;135;105;48;2;198;206;181m▛[38;2;160;125;89;48;2;196;196;171m▀[38;2;165;126;90;48;2;182;172;143m▀[38;2;180;162;132;48;2;186;190;165m▌[38;2;183;186;160;48;2;198;207;181m▀[38;2;189;195;170;48;2;178;180;152m▛[38;2;183;185;160;48;2;157;141;113m▀[38;2;158;138;108;48;2;139;113;86m▘[38;2;130;96;67;48;2;145;119;91m▀[38;2;140;110;81;48;2;184;177;150m▌[38;2;228;221;191;48;2;220;213;185m▌[38;2;218;211;183;48;2;220;213;186m▝[0m
          [38;2;221;214;186;48;2;221;213;182m▌[38;2;222;215;186;48;2;220;213;183m▌[38;2;226;216;183;48;2;195;187;158m▌[38;2;135;138;110;48;2;155;165;132m▌[38;2;147;161;126;48;2;129;134;98m▌[38;2;124;106;86;48;2;150;125;96m▘[38;2;150;130;103;48;2;192;191;163m▛[38;2;124;104;80;48;2;181;184;158m▀[38;2;172;174;148;48;2;196;202;175m▘[38;2;200;212;187;48;2;202;206;180m▀[38;2;194;200;174;48;2;203;208;181m▝[38;2;201;207;181;48;2;204;208;181m▀[38;2;201;208;181;48;2;203;208;181m▝[38;2;202;208;182;48;2;207;210;183m▀[38;2;203;208;180;48;2;209;211;182m▀[38;2;204;209;182;48;2;207;211;184m▘[38;2;203;209;181;48;2;208;212;184m▀[38;2;201;208;182;48;2;207;213;186m▀[38;2;201;207;180;48;2;206;213;187m▀[38;2;202;208;181;48;2;209;216;191m▀[38;2;198;204;179;48;2;171;148;118m▛[38;2;192;203;178;48;2;168;154;124m▘[38;2;188;180;151;48;2;171;132;96m▝[38;2;187;147;108;48;2;192;195;168m▖[38;2;193;196;171;48;2;174;138;105m▀[38;2;162;139;110;48;2;178;138;103m▀[38;2;163;137;105;48;2;192;178;147m▀[38;2;179;177;150;48;2;197;197;170m▘[38;2;199;196;167;48;2;202;206;178m▖[38;2;207;213;187;48;2;161;165;140m▘[38;2;149;156;130;48;2;196;202;174m▘[38;2;159;167;140;48;2;184;189;159m▘[38;2;197;199;168;48;2;201;207;179m▖[38;2;206;215;189;48;2;208;212;184m▀[38;2;201;209;182;48;2;186;188;162m▌[38;2;154;138;110;48;2;198;196;168m▀[38;2;168;145;114;48;2;209;215;189m▀[38;2;184;175;148;48;2;205;210;185m▘[38;2;189;183;155;48;2;165;142;110m▌[38;2;147;122;93;48;2;168;152;123m▀[38;2;162;132;99;48;2;144;109;78m▖[38;2;128;102;76;48;2;172;152;120m▀[38;2;132;97;68;48;2;159;124;90m▘[38;2;163;131;97;48;2;156;126;93m▀[38;2;176;143;108;48;2;159;116;79m▀[38;2;162;138;105;48;2;179;165;134m▖[38;2;180;180;153;48;2;193;194;163m▘[38;2;197;204;176;48;2;201;206;176m▀[38;2;183;183;153;48;2;203;208;179m▀[38;2;183;185;159;48;2;204;209;180m▀[38;2;197;199;172;48;2;169;139;105m▛[38;2;141;106;76;48;2;177;163;133m▛[38;2;129;104;75;48;2;179;174;147m▘[38;2;229;222;193;48;2;222;216;187m▌[38;2;222;216;187;48;2;220;214;188m▌[0m
          [38;2;218;212;186;48;2;215;210;180m▌[38;2;219;214;185;48;2;219;212;183m▌[38;2;224;215;183;48;2;199;192;162m▌[38;2;138;141;114;48;2;157;165;134m▌[38;2;131;148;112;48;2;146;158;124m▝[38;2;118;128;93;48;2;168;162;133m▌[38;2;156;136;106;48;2;209;208;177m▀[38;2;187;186;154;48;2;206;208;177m▖[38;2;208;209;179;48;2;212;210;179m▀[38;2;205;207;178;48;2;211;209;178m▀[38;2;208;209;178;48;2;213;211;179m▀[38;2;209;210;179;48;2;212;211;180m▘[38;2;207;209;180;48;2;213;212;182m▀[38;2;211;213;184;48;2;215;213;183m▀[38;2;212;212;182;48;2;215;214;183m▝[38;2;212;212;183;48;2;207;207;177m▛[38;2;207;209;181;48;2;189;181;150m▀[38;2;201;201;173;48;2;172;146;114m▀[38;2;203;198;168;48;2;180;138;102m▀[38;2;203;198;171;48;2;181;133;95m▀[38;2;180;162;132;48;2;180;131;92m▘[38;2;178;142;106;48;2;170;123;84m▝[38;2;179;152;119;48;2;172;132;95m▘[38;2;173;123;84;48;2;159;123;88m▘[38;2;163;124;89;48;2;173;142;108m▛[38;2;171;136;102;48;2;178;147;112m▀[38;2;169;140;107;48;2;194;179;146m▛[38;2;160;134;103;48;2;201;198;167m▀[38;2;158;147;117;48;2;221;217;186m▛[38;2;183;174;145;48;2;220;216;184m▘[38;2;217;216;186;48;2;221;218;187m▀[38;2;219;219;188;48;2;221;217;185m▀[38;2;212;211;180;48;2;223;218;187m▀[38;2;205;206;175;48;2;219;216;185m▀[38;2;212;215;185;48;2;207;206;172m▀[38;2;215;217;188;48;2;213;209;176m▀[38;2;210;207;174;48;2;213;212;181m▖[38;2;206;206;176;48;2;215;214;182m▝[38;2;205;203;173;48;2;215;214;183m▘[38;2;197;190;159;48;2;146;105;70m▛[38;2;167;125;89;48;2;199;191;160m▛[38;2;198;192;163;48;2;215;215;183m▀[38;2;195;188;153;48;2;169;122;84m▖[38;2;177;167;136;48;2;157;123;89m▝[38;2;188;173;140;48;2;216;217;186m▀[38;2;169;146;114;48;2;218;215;184m▀[38;2;192;182;147;48;2;212;209;177m▌[38;2;209;209;177;48;2;217;213;178m▀[38;2;210;209;177;48;2;217;211;176m▀[38;2;211;209;177;48;2;217;212;179m▀[38;2;181;165;130;48;2;216;213;181m▝[38;2;200;194;164;48;2;225;221;191m▘[38;2;183;178;153;48;2;177;172;144m▝[38;2;230;225;196;48;2;221;216;187m▌[38;2;220;215;187;48;2;221;215;189m▀[0m
          [38;2;215;209;180;48;2;214;208;177m▛[38;2;216;211;182;48;2;219;212;184m▖[38;2;226;219;189;48;2;198;193;165m▌[38;2;138;140;115;48;2;162;166;139m▌[38;2;156;163;133;48;2;147;159;124m▌[38;2;176;176;141;48;2;129;142;104m▝[38;2;221;213;180;48;2;218;213;181m▖[38;2;216;211;178;48;2;219;213;181m▝[38;2;218;213;182;48;2;221;214;181m▀[38;2;218;213;183;48;2;222;215;183m▀[38;2;220;215;184;48;2;223;216;183m▀[38;2;219;214;182;48;2;222;216;184m▘[38;2;220;215;184;48;2;222;216;184m▀[38;2;219;215;184;48;2;222;216;184m▀[38;2;221;216;185;48;2;222;217;185m▘[38;2;222;218;188;48;2;214;210;179m▛[38;2;215;211;181;48;2;179;164;133m▀[38;2;178;146;112;48;2;184;160;127m▝[38;2;178;134;96;48;2;202;179;145m▀[38;2;182;138;101;48;2;215;207;177m▀[38;2;192;155;120;48;2;186;133;95m▛[38;2;169;130;93;48;2;200;171;134m▀[38;2;206;206;175;48;2;206;185;150m▝[38;2;206;198;165;48;2;186;151;114m▀[38;2;186;158;120;48;2;192;182;148m▘[38;2;193;181;146;48;2;210;202;169m▝[38;2;185;170;134;48;2;224;219;186m▀[38;2;180;174;141;48;2;230;224;193m▀[38;2;216;211;178;48;2;172;158;123m▀[38;2;222;219;186;48;2;194;176;141m▀[38;2;226;220;188;48;2;208;203;169m▀[38;2;228;224;190;48;2;187;161;127m▀[38;2;226;219;188;48;2;172;144;110m▀[38;2;202;188;155;48;2;219;212;180m▖[38;2;222;217;184;48;2;224;215;185m▀[38;2;220;213;181;48;2;216;207;174m▛[38;2;219;213;180;48;2;223;217;189m▛[38;2;216;210;175;48;2;224;218;187m▀[38;2;227;220;189;48;2;216;210;176m▖[38;2;192;181;148;48;2;228;222;189m▀[38;2;225;222;191;48;2;224;215;181m▀[38;2;219;212;176;48;2;224;215;181m▀[38;2;220;215;180;48;2;225;218;185m▀[38;2;228;224;191;48;2;176;151;115m▖[38;2;218;210;177;48;2;224;217;184m▌[38;2;222;215;182;48;2;224;216;184m▘[38;2;226;221;188;48;2;223;215;180m▘[38;2;220;213;178;48;2;224;216;182m▀[38;2;219;212;177;48;2;224;215;181m▀[38;2;221;214;180;48;2;221;213;177m▀[38;2;222;214;183;48;2;233;224;192m▛[38;2;219;212;180;48;2;155;162;121m▛[38;2;125;133;94;48;2;180;178;150m▌[38;2;229;223;194;48;2;219;215;186m▌[38;2;220;214;187;48;2;219;214;185m▀[0m
          [38;2;218;211;181;48;2;221;213;183m▛[38;2;221;215;186;48;2;220;212;183m▖[38;2;227;219;188;48;2;201;195;167m▌[38;2;146;146;122;48;2;169;173;146m▌[38;2;163;167;137;48;2;156;164;132m▌[38;2;146;161;124;48;2;128;144;106m▌[38;2;169;165;130;48;2;229;219;186m▌[38;2;222;213;180;48;2;224;215;182m▌[38;2;224;215;183;48;2;225;216;184m▘[38;2;225;216;184;48;2;225;217;186m▀[38;2;225;216;184;48;2;226;217;185m▀[38;2;226;217;185;48;2;225;216;183m▌[38;2;225;217;185;48;2;226;217;185m▝[38;2;225;217;184;48;2;227;218;187m▘[38;2;226;219;187;48;2;227;219;188m▀[38;2;221;214;182;48;2;228;219;187m▝[38;2;222;214;182;48;2;229;221;189m▘[38;2;232;228;197;48;2;224;215;182m▀[38;2;233;230;201;48;2;211;201;170m▀[38;2;229;227;200;48;2;191;162;128m▀[38;2;200;174;141;48;2;191;149;113m▀[38;2;201;165;129;48;2;181;136;99m▀[38;2;188;142;104;48;2;173;130;94m▘[38;2;158;116;82;48;2;186;156;121m▀[38;2;166;125;90;48;2;200;184;152m▛[38;2;211;199;167;48;2;188;163;126m▞[38;2;230;225;193;48;2;202;189;155m▀[38;2;218;211;177;48;2;187;172;136m▛[38;2;200;196;162;48;2;177;157;124m▘[38;2;161;125;92;48;2;145;112;79m▛[38;2;181;158;122;48;2;134;107;79m▀[38;2;137;104;73;48;2;153;118;85m▖[38;2;177;141;104;48;2;162;128;93m▝[38;2;179;143;109;48;2;162;124;88m▀[38;2;176;138;102;48;2;197;172;139m▀[38;2;177;146;111;48;2;217;210;181m▀[38;2;189;175;145;48;2;230;226;199m▀[38;2;213;208;179;48;2;226;220;192m▘[38;2;227;218;185;48;2;225;217;183m▞[38;2;225;215;181;48;2;227;218;186m▝[38;2;226;217;183;48;2;226;218;183m▀[38;2;227;218;186;48;2;226;217;184m▌[38;2;225;217;182;48;2;226;217;184m▖[38;2;228;220;188;48;2;226;217;184m▝[38;2;225;216;183;48;2;226;217;184m▘[38;2;226;217;184;48;2;225;217;182m▀[38;2;225;217;183;48;2;225;216;182m▞[38;2;224;216;179;48;2;225;215;180m▀[38;2;224;215;182;48;2;227;218;185m▛[38;2;223;214;179;48;2;170;166;135m▛[38;2;223;213;182;48;2;143;151;115m▘[38;2;121;131;97;48;2;144;161;120m▘[38;2;128;140;98;48;2;176;173;147m▌[38;2;229;223;193;48;2;219;214;185m▌[38;2;220;215;187;48;2;218;213;184m▘[0m
          [38;2;218;211;182;48;2;220;213;183m▌[38;2;221;214;185;48;2;221;213;184m▌[38;2;226;218;187;48;2;204;197;168m▌[38;2;154;152;126;48;2;175;176;148m▌[38;2;177;178;146;48;2;171;173;144m▘[38;2;155;163;129;48;2;134;150;111m▌[38;2;213;202;167;48;2;132;138;102m▝[38;2;224;214;181;48;2;224;216;183m▞[38;2;224;215;181;48;2;225;216;183m▖[38;2;225;216;183;48;2;226;217;186m▌[38;2;226;218;187;48;2;226;217;186m▌[38;2;226;218;186;48;2;227;218;187m▌[38;2;226;217;186;48;2;227;218;187m▘[38;2;227;218;187;48;2;226;217;185m▛[38;2;226;218;186;48;2;227;219;188m▖[38;2;228;219;187;48;2;226;218;187m▀[38;2;228;221;191;48;2;227;219;189m▘[38;2;217;207;172;48;2;227;218;186m▝[38;2;213;202;171;48;2;229;221;188m▀[38;2;232;226;196;48;2;218;206;175m▖[38;2;204;185;153;48;2;180;145;110m▀[38;2;177;135;100;48;2;207;183;148m▀[38;2;192;156;119;48;2;225;215;184m▘[38;2;180;150;115;48;2;224;216;186m▝[38;2;180;138;99;48;2;223;214;181m▘[38;2;224;215;183;48;2;232;226;196m▞[38;2;206;192;158;48;2;233;227;196m▀[38;2;173;150;115;48;2;219;208;175m▝[38;2;180;160;126;48;2;215;206;172m▀[38;2;194;184;150;48;2;227;220;188m▌[38;2;125;96;67;48;2;200;186;153m▝[38;2;145;119;88;48;2;210;201;170m▀[38;2;171;143;109;48;2;169;130;93m▞[38;2;186;156;121;48;2;226;221;192m▛[38;2;178;142;107;48;2;221;214;182m▀[38;2;180;148;113;48;2;223;212;179m▀[38;2;205;190;158;48;2;219;209;176m▌[38;2;225;218;186;48;2;231;223;187m▀[38;2;225;217;184;48;2;234;225;189m▀[38;2;227;219;185;48;2;226;217;182m▀[38;2;226;217;183;48;2;224;215;180m▀[38;2;226;217;183;48;2;223;214;178m▀[38;2;225;217;183;48;2;225;215;180m▝[38;2;225;215;180;48;2;226;217;182m▖[38;2;225;216;182;48;2;226;216;183m▛[38;2;225;216;181;48;2;224;215;179m▛[38;2;225;217;182;48;2;224;214;179m▀▘[38;2;227;218;181;48;2;164;157;122m▛[38;2;89;106;71;48;2;122;137;95m▝[38;2;124;143;100;48;2;135;152;109m▀[38;2;146;159;121;48;2;158;172;129m▌[38;2;133;143;101;48;2;181;178;150m▌[38;2;228;223;193;48;2;219;214;184m▌[38;2;220;215;186;48;2;219;213;185m▘[0m
          [38;2;218;210;181;48;2;220;212;182m▌[38;2;221;213;184;48;2;219;212;182m▛[38;2;227;218;187;48;2;204;196;168m▌[38;2;147;146;122;48;2;172;174;148m▌[38;2;167;170;142;48;2;166;168;141m▀[38;2;151;161;127;48;2;164;168;138m▝[38;2;130;146;109;48;2;108;126;88m▌[38;2;158;159;120;48;2;228;218;186m▌[38;2;223;215;182;48;2;227;219;186m▛[38;2;224;215;183;48;2;226;218;185m▀[38;2;225;215;184;48;2;225;218;185m▀[38;2;225;217;187;48;2;227;221;189m▀[38;2;225;218;186;48;2;226;221;190m▀[38;2;226;218;187;48;2;221;215;183m▛[38;2;229;221;189;48;2;214;209;178m▀[38;2;231;225;193;48;2;192;188;160m▀[38;2;230;223;191;48;2;160;157;133m▀[38;2;230;223;190;48;2;157;155;131m▀[38;2;231;223;190;48;2;165;164;139m▀[38;2;224;215;181;48;2;162;162;136m▀[38;2;231;223;191;48;2;198;191;161m▝[38;2;233;229;198;48;2;205;200;169m▀[38;2;228;220;188;48;2;215;211;180m▀[38;2;230;222;190;48;2;202;202;174m▀[38;2;230;223;190;48;2;205;204;176m▀[38;2;230;225;194;48;2;192;169;136m▀[38;2;221;213;180;48;2;170;140;105m▀[38;2;232;227;195;48;2;183;162;130m▀[38;2;212;207;173;48;2;178;155;121m▀[38;2;215;210;176;48;2;184;162;127m▀[38;2;230;225;192;48;2;173;156;125m▀[38;2;220;211;178;48;2;173;139;102m▀[38;2;220;215;183;48;2;191;169;136m▀[38;2;223;214;180;48;2;184;178;149m▝[38;2;222;216;183;48;2;143;143;121m▀[38;2;180;176;150;48;2;109;108;90m▀[38;2;149;146;122;48;2;103;103;87m▀[38;2;196;191;159;48;2;112;112;94m▀[38;2;182;176;146;48;2;106;107;91m▀[38;2;223;216;181;48;2;145;145;122m▀[38;2;226;218;182;48;2;185;184;153m▀[38;2;226;219;183;48;2;183;182;151m▀[38;2;223;216;180;48;2;201;202;168m▀[38;2;221;213;176;48;2;209;210;176m▀[38;2;224;215;180;48;2;207;207;173m▀[38;2;221;213;177;48;2;211;211;177m▀[38;2;221;212;177;48;2;214;213;178m▀[38;2;213;210;173;48;2;219;212;176m▖[38;2;152;146;116;48;2;101;111;78m▌[38;2;114;138;92;48;2;125;148;102m▘[38;2;136;155;110;48;2;147;162;119m▌[38;2;153;165;126;48;2;162;174;135m▌[38;2;135;142;107;48;2;181;176;150m▌[38;2;228;223;193;48;2;219;214;186m▌[38;2;218;213;184;48;2;219;214;185m▝[0m
          [38;2;220;212;181;48;2;218;210;179m▝[38;2;219;210;179;48;2;219;211;181m▝[38;2;224;216;185;48;2;209;201;171m▌[38;2;156;154;129;48;2;173;173;150m▌[38;2;165;167;140;48;2;167;169;142m▌[38;2;165;169;139;48;2;169;172;142m▞[38;2;156;166;132;48;2;135;150;112m▌[38;2;174;178;141;48;2;122;139;97m▝[38;2;197;191;161;48;2;167;151;123m▛[38;2;191;191;162;48;2;172;156;128m▀[38;2;189;191;163;48;2;159;143;115m▀[38;2;182;184;157;48;2;164;148;120m▀[38;2;176;176;150;48;2;159;149;122m▘[38;2;150;151;127;48;2;174;157;128m▀[38;2;149;149;126;48;2;188;172;140m▀[38;2;129;132;112;48;2;175;160;130m▀[38;2;119;120;103;48;2;176;159;130m▀[38;2;124;125;108;48;2;155;142;115m▀[38;2;126;127;108;48;2;173;156;126m▀[38;2;128;130;109;48;2;191;172;138m▀[38;2;142;142;119;48;2;183;166;134m▀[38;2;153;155;130;48;2;201;181;148m▀[38;2;166;166;139;48;2;190;169;136m▀[38;2;161;148;123;48;2;188;157;125m▀[38;2;189;148;114;48;2;170;137;105m▖[38;2;166;126;91;48;2;180;140;104m▀[38;2;175;141;106;48;2;167;126;91m▖[38;2;141;105;73;48;2;174;132;95m▀[38;2;164;123;86;48;2;169;128;92m▘[38;2;166;125;89;48;2;187;151;113m▛[38;2;152;115;82;48;2;173;136;100m▀[38;2;173;141;106;48;2;160;121;86m▖[38;2;175;136;102;48;2;176;160;134m▛[38;2;164;131;100;48;2;154;136;110m▀[38;2;161;160;135;48;2;152;134;105m▝[38;2;165;165;139;48;2;161;154;127m▀[38;2;155;149;122;48;2;167;165;138m▖[38;2;159;156;131;48;2;138;133;108m▛[38;2;130;126;101;48;2;165;161;134m▖[38;2;147;148;125;48;2;170;153;123m▀[38;2;129;130;109;48;2;182;161;129m▀[38;2;125;126;105;48;2;175;155;125m▀[38;2;157;148;121;48;2;134;128;104m▞[38;2;152;148;122;48;2;173;156;124m▛[38;2;147;147;121;48;2;160;144;115m▀[38;2;144;131;104;48;2;162;156;127m▖[38;2;153;140;112;48;2;158;153;125m▖[38;2;187;177;145;48;2;176;167;135m▞[38;2;162;153;123;48;2;109;120;83m▌[38;2;122;145;98;48;2;137;156;112m▌[38;2;136;152;110;48;2;146;161;120m▖[38;2;154;164;128;48;2;162;172;137m▌[38;2;138;142;111;48;2;182;177;150m▌[38;2;227;222;192;48;2;219;214;186m▌[38;2;220;215;187;48;2;219;213;185m▌[0m
          [38;2;218;211;182;48;2;217;209;179m▀[38;2;219;212;182;48;2;219;211;181m▌[38;2;222;214;183;48;2;206;198;169m▌[38;2;149;147;120;48;2;169;170;146m▌[38;2;164;165;141;48;2;157;162;139m▛[38;2;165;168;140;48;2;158;163;138m▀[38;2;161;167;137;48;2;151;161;128m▌[38;2;132;146;103;48;2;139;156;117m▝[38;2;88;91;80;48;2;131;137;108m▝[38;2;102;107;92;48;2;123;136;112m▘[38;2;94;106;92;48;2;113;130;110m▘[38;2;114;136;113;48;2;106;118;101m▖[38;2;113;124;104;48;2;98;113;95m▞[38;2;132;131;110;48;2;63;86;77m▀[38;2;134;134;112;48;2;63;88;81m▀[38;2;130;131;109;48;2;62;83;76m▀[38;2;151;147;123;48;2;64;88;81m▀[38;2;117;120;100;48;2;76;96;85m▘[38;2;129;136;114;48;2;90;107;93m▝[38;2;145;142;118;48;2;74;100;90m▀[38;2;109;120;102;48;2;83;108;96m▀[38;2;152;153;129;48;2;88;114;100m▀[38;2;129;131;110;48;2;99;119;104m▘[38;2;123;128;111;48;2;157;132;104m▘[38;2;179;139;104;48;2;147;135;111m▀[38;2;162;128;96;48;2;167;138;107m▞[38;2;134;125;102;48;2;161;121;88m▖[38;2;188;149;112;48;2;178;136;98m▝[38;2;144;126;102;48;2;165;126;92m▖[38;2;168;130;95;48;2;146;126;100m▛[38;2;167;119;82;48;2;131;119;97m▘[38;2;141;118;90;48;2;172;137;103m▖[38;2;180;131;93;48;2;120;116;99m▌[38;2;72;91;82;48;2;79;106;96m▀[38;2;71;81;69;48;2;75;97;88m▝[38;2;85;99;84;48;2;85;113;101m▀[38;2;78;89;75;48;2;81;102;90m▘[38;2;82;95;81;48;2;88;106;90m▝[38;2;81;96;83;48;2;110;132;107m▀[38;2;86;99;86;48;2;117;137;107m▀[38;2;90;103;89;48;2;117;132;106m▝[38;2;91;105;92;48;2;129;141;106m▀[38;2;80;98;86;48;2;131;141;106m▀[38;2;87;106;93;48;2;150;156;117m▀[38;2;85;103;90;48;2;153;161;122m▀[38;2;79;99;88;48;2;141;150;114m▀[38;2;72;88;76;48;2;138;143;106m▀[38;2;85;97;84;48;2;138;143;105m▀[38;2;77;97;85;48;2;148;155;115m▀[38;2;156;157;116;48;2;119;133;98m▖[38;2;135;149;110;48;2;151;162;126m▌[38;2;156;164;132;48;2;164;171;141m▌[38;2;141;144;114;48;2;186;181;153m▌[38;2;226;220;192;48;2;219;214;185m▌[38;2;218;214;184;48;2;218;213;185m▌[0m
          [38;2;215;207;176;48;2;217;209;179m▖[38;2;219;212;183;48;2;218;210;180m▖[38;2;219;209;175;48;2;211;202;169m▌[38;2;151;148;122;48;2;164;163;139m▘[38;2;162;161;136;48;2;177;124;89m▀[38;2;161;160;133;48;2;172;112;77m▀[38;2;159;160;131;48;2;162;118;83m▀[38;2;145;159;122;48;2;156;165;132m▝[38;2;142;155;111;48;2;116;141;98m▛[38;2;119;124;83;48;2;177;167;118m▖[38;2;162;156;107;48;2;170;163;113m▞[38;2;162;156;108;48;2;173;166;115m▘[38;2;160;160;114;48;2;197;185;129m▀[38;2;132;143;112;48;2;198;185;128m▀[38;2;117;133;107;48;2;194;181;122m▀[38;2;115;132;107;48;2;196;183;124m▀[38;2;123;141;116;48;2;217;200;140m▀[38;2;217;203;147;48;2;142;154;122m▖[38;2;97;115;97;48;2;81;96;79m▘[38;2;92;115;102;48;2;76;92;80m▝[38;2;83;104;92;48;2;79;94;82m▀[38;2;92;117;104;48;2;82;100;88m▘[38;2;84;105;93;48;2;75;99;87m▛[38;2;94;112;99;48;2;78;102;91m▘[38;2;91;109;96;48;2;71;91;81m▛[38;2;75;94;85;48;2;97;107;95m▞[38;2;129;124;105;48;2;165;123;89m▘[38;2;156;128;98;48;2;83;102;92m▛[38;2;169;131;101;48;2;94;112;101m▝[38;2;175;146;113;48;2;156;120;86m▝[38;2;167;134;104;48;2;88;105;95m▖[38;2;87;115;102;48;2;108;134;116m▌[38;2;145;126;100;48;2;113;132;108m▘[38;2;96;129;115;48;2;140;151;113m▀[38;2;112;133;110;48;2;160;161;114m▀[38;2;133;145;112;48;2;184;176;125m▀[38;2;145;155;117;48;2;193;184;132m▀[38;2;147;155;113;48;2;196;186;130m▀[38;2;161;166;119;48;2;197;186;132m▀[38;2;182;179;128;48;2;162;157;114m▀[38;2;162;157;110;48;2;144;141;99m▌[38;2;127;124;88;48;2;169;163;118m▛[38;2;173;167;113;48;2;190;181;128m▘[38;2;188;177;120;48;2;112;114;83m▀[38;2;144;144;104;48;2;186;176;120m▖[38;2;183;174;118;48;2;169;161;107m▖[38;2;171;161;105;48;2;162;155;102m▝[38;2;183;171;112;48;2;158;151;99m▀[38;2;174;165;110;48;2;191;179;120m▖[38;2;179;168;115;48;2;131;137;101m▌[38;2;147;158;122;48;2;152;162;129m▖[38;2;159;165;137;48;2;167;172;145m▌[38;2;136;138;112;48;2;185;180;152m▌[38;2;226;220;191;48;2;219;213;185m▌[38;2;218;212;184;48;2;217;211;183m▌[0m
          [38;2;215;207;176;48;2;217;209;179m▌[38;2;218;211;181;48;2;218;210;179m▛[38;2;219;210;178;48;2;214;205;173m▌[38;2;166;163;135;48;2;168;168;144m▌[38;2;122;80;57;48;2;170;116;84m▝[38;2;174;111;78;48;2;139;90;63m▖[38;2;154;98;67;48;2;168;135;100m▌[38;2;158;167;138;48;2;157;163;132m▘[38;2;149;160;124;48;2;140;157;115m▌[38;2;160;161;110;48;2;128;150;103m▝[38;2;179;174;122;48;2;200;188;136m▖[38;2;184;175;126;48;2;154;147;105m▌[38;2;102;97;69;48;2;144;141;101m▖[38;2;178;173;124;48;2;193;187;136m▛[38;2;167;165;118;48;2;145;153;113m▛[38;2;170;167;118;48;2;112;127;95m▀[38;2;140;146;108;48;2;110;123;91m▀[38;2;122;129;96;48;2;88;100;77m▀[38;2;79;102;81;48;2;122;131;103m▀[38;2;87;102;83;48;2;121;122;97m▀[38;2;77;101;92;48;2;147;152;120m▀[38;2;78;105;95;48;2;171;170;132m▀[38;2;92;115;102;48;2;178;176;145m▀[38;2;116;130;113;48;2;153;154;128m▀[38;2;110;122;106;48;2;81;99;87m▖[38;2;72;93;84;48;2;91;105;92m▘[38;2;120;115;95;48;2;143;148;118m▛[38;2;81;112;105;48;2;198;192;146m▀[38;2;70;98;92;48;2;171;169;130m▀[38;2;83;108;97;48;2;120;131;100m▀[38;2;110;109;86;48;2;146;153;115m▀[38;2;129;141;108;48;2;171;169;125m▀[38;2;149;154;112;48;2;186;180;132m▀[38;2;168;167;122;48;2;199;190;141m▀[38;2;182;179;133;48;2;167;164;120m▖[38;2;165;160;112;48;2;127;139;105m▀[38;2;181;172;123;48;2;144;153;114m▀[38;2;145;156;115;48;2;182;176;125m▖[38;2;199;188;137;48;2;161;155;113m▛[38;2;148;146;105;48;2;137;138;101m▘[38;2;184;175;127;48;2;214;198;145m▛[38;2;157;145;100;48;2;89;91;67m▛[38;2;199;189;135;48;2;140;135;97m▀[38;2;152;141;99;48;2;212;196;143m▛[38;2;185;174;123;48;2;154;147;101m▌[38;2;203;191;136;48;2;162;155;110m▝[38;2;204;190;133;48;2;158;159;115m▀[38;2;212;196;137;48;2;132;144;107m▀[38;2;213;197;137;48;2;163;163;120m▀[38;2;138;146;108;48;2;149;161;125m▛[38;2;143;153;118;48;2;154;161;132m▘[38;2;156;160;135;48;2;161;166;142m▌[38;2;129;130;107;48;2;179;175;147m▌[38;2;225;219;189;48;2;216;211;182m▌[38;2;216;211;182;48;2;215;209;180m▛[0m
          [38;2;213;204;172;48;2;216;207;175m▖[38;2;216;208;177;48;2;216;206;174m▛[38;2;216;208;176;48;2;209;202;171m▌[38;2;150;147;120;48;2;167;166;141m▖[38;2;184;130;96;48;2;191;117;79m▌[38;2;149;95;63;48;2;180;113;77m▖[38;2;193;120;82;48;2;166;133;99m▌[38;2;158;164;136;48;2;155;159;131m▛[38;2;143;155;121;48;2;153;160;130m▝[38;2;137;152;115;48;2;125;143;103m▌[38;2;151;148;105;48;2;114;133;93m▝[38;2;147;144;104;48;2;74;94;94m▀[38;2;118;118;85;48;2;63;87;91m▀[38;2;172;165;119;48;2;86;112;110m▝[38;2;177;172;126;48;2;70;108;119m▀[38;2;140;142;105;48;2;61;92;99m▀[38;2;125;126;93;48;2;58;85;93m▀[38;2;114;118;91;48;2;66;89;91m▀[38;2;148;153;122;48;2;60;90;94m▀[38;2;152;147;116;48;2;75;113;124m▀[38;2;184;167;123;48;2;76;111;125m▀[38;2;183;168;127;48;2;73;107;121m▀[38;2;164;159;128;48;2;75;108;118m▀[38;2;148;151;129;48;2;85;117;123m▀[38;2;148;151;131;48;2;89;118;124m▀[38;2;142;140;119;48;2;98;116;115m▀[38;2;156;141;108;48;2;123;120;104m▀[38;2;169;151;112;48;2;153;142;115m▘[38;2;143;137;108;48;2;112;124;117m▀[38;2;129;133;107;48;2;97;127;132m▀[38;2;139;146;117;48;2;75;103;110m▀[38;2;137;145;115;48;2;78;108;113m▀[38;2;146;151;119;48;2;95;117;114m▀[38;2;202;191;135;48;2;174;167;123m▝[38;2;200;189;137;48;2;213;193;143m▛[38;2;164;163;117;48;2;197;182;132m▝[38;2;111;133;110;48;2;212;195;141m▀[38;2;86;116;99;48;2;182;178;133m▀[38;2;143;148;114;48;2;222;207;149m▀[38;2;164;167;127;48;2;222;204;143m▀[38;2;131;139;109;48;2;196;185;133m▀[38;2;112;116;90;48;2;139;146;116m▀[38;2;97;97;74;48;2;125;127;98m▘[38;2;194;187;136;48;2;138;137;104m▝[38;2;159;162;122;48;2;87;116;103m▀[38;2;144;152;115;48;2;114;130;103m▘[38;2;109;125;104;48;2;143;148;112m▀[38;2;70;97;86;48;2;115;123;94m▀[38;2;87;110;88;48;2;125;142;101m▘[38;2;141;155;116;48;2;151;161;126m▌[38;2;153;159;129;48;2;154;158;133m▌[38;2;153;156;133;48;2;158;162;140m▌[38;2;124;125;103;48;2;177;172;146m▌[38;2;224;218;188;48;2;216;210;182m▌[38;2;216;210;181;48;2;214;208;180m▌[0m
          [38;2;214;205;174;48;2;216;207;176m▌[38;2;216;209;178;48;2;215;207;175m▘[38;2;217;208;176;48;2;207;200;169m▌[38;2;140;138;114;48;2;167;168;143m▌[38;2;184;130;97;48;2;187;114;77m▌[38;2;175;107;72;48;2;139;92;63m▀[38;2;182;111;74;48;2;161;123;89m▌[38;2;155;161;135;48;2;154;157;130m▌[38;2;153;158;131;48;2;149;155;129m▛[38;2;135;149;113;48;2;145;155;122m▝[38;2;127;149;105;48;2;134;151;112m▝[38;2;72;92;87;48;2;112;135;95m▝[38;2;61;80;86;48;2;73;102;112m▘[38;2;76;110;124;48;2;68;93;102m▛[38;2;80;118;135;48;2;90;103;102m▀[38;2;75;116;135;48;2;60;82;85m▀[38;2;72;107;121;48;2;65;88;94m▘[38;2;67;90;93;48;2;76;106;117m▀[38;2;67;99;108;48;2;74;114;132m▀[38;2;63;86;90;48;2;69;103;117m▀[38;2;71;106;120;48;2;64;92;103m▝[38;2;78;123;146;48;2;71;108;125m▖[38;2;65;97;110;48;2;74;118;139m▌[38;2;83;120;131;48;2;74;120;146m▀[38;2;83;116;122;48;2;68;112;135m▀[38;2;83;114;116;48;2;65;106;126m▀[38;2;87;110;104;48;2;62;93;106m▀[38;2;125;136;119;48;2;70;93;93m▀[38;2;151;158;135;48;2;86;103;94m▀[38;2;162;166;142;48;2;104;118;105m▀[38;2;142;145;125;48;2;152;154;131m▞[38;2;157;160;138;48;2;163;164;139m▖[38;2;157;157;134;48;2;171;172;148m▀[38;2;132;131;109;48;2;161;161;138m▝[38;2;127;122;101;48;2;165;167;144m▛[38;2;130;123;101;48;2;166;168;145m▀[38;2;131;122;95;48;2;154;157;136m▀[38;2;154;139;107;48;2;153;154;133m▀[38;2;165;150;114;48;2;142;139;116m▀[38;2;158;154;120;48;2;157;158;134m▀[38;2;172;167;131;48;2;162;163;139m▀[38;2;106;121;103;48;2;162;162;134m▝[38;2;94;103;89;48;2;138;128;102m▀[38;2;89;105;90;48;2;148;144;116m▀[38;2;115;123;95;48;2;153;144;107m▘[38;2;207;191;133;48;2;141;126;94m▀[38;2;228;207;147;48;2;144;136;99m▀[38;2;166;159;109;48;2;129;147;103m▘[38;2;132;149;105;48;2;148;160;118m▘[38;2;155;164;125;48;2;160;164;131m▘[38;2;161;163;135;48;2;165;167;137m▀[38;2;156;158;134;48;2;161;163;138m▘[38;2;120;121;100;48;2;177;171;145m▌[38;2;224;217;187;48;2;215;209;180m▌[38;2;215;209;180;48;2;214;207;179m▌[0m
          [38;2;212;203;170;48;2;215;206;174m▌[38;2;213;204;170;48;2;214;205;174m▝[38;2;215;207;175;48;2;207;201;171m▌[38;2;140;137;112;48;2;166;166;141m▌[38;2;177;102;68;48;2;174;123;90m▝[38;2;156;93;63;48;2;171;117;84m▀[38;2;172;100;65;48;2;160;117;84m▘[38;2;153;156;130;48;2;156;159;133m▝[38;2;156;161;133;48;2;157;161;134m▀[38;2;148;156;125;48;2;152;157;128m▝[38;2;134;150;111;48;2;142;154;119m▝[38;2;113;135;91;48;2;129;148;107m▝[38;2;98;120;82;48;2;119;122;97m▌[38;2;115;115;104;48;2;165;140;106m▀[38;2;113;110;96;48;2;161;139;107m▀[38;2;73;87;90;48;2;148;140;116m▀[38;2;56;71;78;48;2;129;127;108m▀[38;2;55;72;86;48;2;125;122;107m▀[38;2;36;63;88;48;2;134;143;137m▀[38;2;37;76;114;48;2;129;136;131m▀[38;2;39;71;101;48;2;123;130;125m▀[38;2;39;78;114;48;2;122;131;126m▀[38;2;41;76;109;48;2;103;115;112m▀[38;2;37;77;116;48;2;121;131;126m▀[38;2;42;80;118;48;2;126;133;124m▀[38;2;44;80;116;48;2;115;123;116m▀[38;2;44;76;107;48;2;116;123;113m▀[38;2;39;74;104;48;2;122;131;121m▀[38;2;38;67;93;48;2;119;128;121m▀[38;2;41;67;82;48;2;122;130;118m▀[38;2;53;71;80;48;2;122;130;118m▀[38;2;67;84;84;48;2;114;123;113m▀[38;2;95;108;101;48;2;112;122;109m▘[38;2;139;146;125;48;2;126;133;114m▝[38;2;149;155;134;48;2;141;145;126m▀[38;2;161;163;140;48;2;154;156;133m▀[38;2;158;159;134;48;2;164;165;141m▖[38;2;174;175;151;48;2;166;165;139m▝[38;2;114;120;105;48;2;159;159;134m▝[38;2;130;134;115;48;2;170;169;142m▘[38;2;173;171;144;48;2;171;169;142m▛[38;2;172;169;141;48;2;174;171;142m▌[38;2;169;166;138;48;2;162;148;116m▛[38;2;175;174;145;48;2;166;151;120m▀[38;2;158;148;116;48;2;171;168;139m▖[38;2;159;154;127;48;2;109;120;86m▛[38;2;115;122;88;48;2;126;145;101m▘[38;2;136;153;108;48;2;144;156;114m▘[38;2;150;158;120;48;2;155;160;127m▛[38;2;156;161;130;48;2;163;166;134m▌[38;2;166;167;136;48;2;162;163;133m▛[38;2;174;173;143;48;2;164;165;138m▘[38;2;120;119;98;48;2;182;176;149m▌[38;2;221;214;185;48;2;214;208;179m▌[38;2;214;208;179;48;2;210;204;175m▌[0m
          [38;2;212;203;173;48;2;215;207;176m▛[38;2;212;203;171;48;2;215;206;173m▀[38;2;215;206;173;48;2;207;200;169m▌[38;2;148;147;124;48;2;124;122;102m▝[38;2;140;139;119;48;2;153;154;131m▖[38;2;156;160;136;48;2;160;158;133m▀[38;2;159;161;137;48;2;167;165;137m▀[38;2;158;160;134;48;2;163;163;135m▀[38;2;156;159;132;48;2;159;161;134m▘[38;2;153;158;130;48;2;158;162;134m▛[38;2;143;154;119;48;2;149;157;126m▝[38;2;144;155;118;48;2;132;148;109m▖[38;2;107;134;90;48;2;120;142;100m▝[38;2;100;121;84;48;2;113;134;94m▘[38;2;148;153;131;48;2;97;117;97m▀[38;2;141;147;126;48;2;83;107;97m▀[38;2;135;130;105;48;2;94;108;96m▀[38;2;134;128;104;48;2;78;101;93m▀[38;2;124;134;112;48;2;65;90;85m▀[38;2;110;126;108;48;2;64;92;86m▀[38;2;110;127;110;48;2;56;80;80m▀[38;2;102;120;106;48;2;46;70;79m▀[38;2;86;105;95;48;2;45;71;85m▀[38;2;77;94;90;48;2;48;73;85m▀[38;2;64;80;83;48;2;53;86;103m▀[38;2;60;75;77;48;2;55;93;117m▀[38;2;60;78;81;48;2;56;96;122m▀[38;2;61;78;85;48;2;58;98;123m▀[38;2;55;76;89;48;2;60;104;132m▀[38;2;51;77;95;48;2;65;108;135m▀[38;2;48;74;94;48;2;67;111;138m▀[38;2;54;84;107;48;2;64;109;136m▀[38;2;49;82;110;48;2;60;104;132m▀[38;2;47;81;109;48;2;61;105;131m▀[38;2;60;101;125;48;2;49;84;111m▖[38;2;52;85;113;48;2;56;88;102m▀[38;2;56;83;106;48;2;58;85;94m▀[38;2;59;82;100;48;2;61;90;96m▀[38;2;64;85;90;48;2;74;92;90m▌[38;2;93;105;102;48;2;73;96;90m▀[38;2;104;118;109;48;2;94;99;86m▀[38;2;123;135;119;48;2;108;100;80m▀[38;2;130;129;109;48;2;116;105;82m▀[38;2;140;115;84;48;2;107;90;69m▀[38;2;168;132;95;48;2;118;117;83m▘[38;2;110;123;86;48;2;126;144;101m▘[38;2;134;149;107;48;2;140;152;111m▌[38;2;148;157;118;48;2;157;163;128m▛[38;2;164;166;135;48;2;157;162;129m▖[38;2;161;165;135;48;2;156;160;131m▝[38;2;159;159;131;48;2;163;164;134m▖[38;2;159;160;132;48;2;151;151;125m▛[38;2;112;109;89;48;2;177;171;145m▌[38;2;222;215;185;48;2;213;206;178m▌[38;2;214;207;179;48;2;211;204;175m▘[0m
          [38;2;205;196;164;48;2;168;161;131m▛[38;2;162;153;121;48;2;179;171;139m▖[38;2;174;165;133;48;2;203;195;163m▖[38;2;109;107;92;48;2;92;91;80m▛[38;2;133;131;111;48;2;112;111;96m▀[38;2;128;126;108;48;2;152;150;125m▖[38;2;167;165;137;48;2;157;156;130m▀[38;2;163;162;135;48;2;156;157;132m▀[38;2;153;155;130;48;2;158;159;133m▖[38;2;158;161;133;48;2;152;156;129m▘[38;2;151;155;128;48;2;147;153;124m▌[38;2;142;151;119;48;2;132;145;111m▌[38;2;128;144;107;48;2;120;140;100m▌[38;2;110;133;92;48;2;101;123;82m▛[38;2;93;114;79;48;2;53;82;94m▌[38;2;49;76;89;48;2;65;109;137m▀[38;2;50;79;92;48;2;71;115;138m▀[38;2;55;86;97;48;2;74;118;140m▀[38;2;57;88;98;48;2;83;126;146m▀[38;2;61;93;106;48;2;80;125;147m▀[38;2;64;97;113;48;2;86;129;148m▀[38;2;66;102;117;48;2;83;128;149m▀[38;2;75;115;129;48;2;88;132;149m▀[38;2;74;116;136;48;2;85;128;148m▀[38;2;77;123;147;48;2;83;127;148m▀[38;2;79;124;148;48;2;85;127;148m▛[38;2;78;123;148;48;2;82;126;147m▀[38;2;84;127;148;48;2;81;125;148m▖[38;2;84;128;149;48;2;79;124;146m▝[38;2;80;124;146;48;2;89;131;150m▖[38;2;84;127;147;48;2;91;133;150m▝[38;2;82;126;145;48;2;86;129;149m▀[38;2;85;126;140;48;2;93;135;152m▀[38;2;84;125;140;48;2;77;116;130m▛[38;2;84;123;136;48;2;82;120;132m▌[38;2;79;116;125;48;2;79;118;130m▀[38;2;75;110;118;48;2;73;114;128m▀[38;2;73;105;108;48;2;64;108;128m▀[38;2;66;99;104;48;2;94;111;116m▀[38;2;65;102;112;48;2;100;113;113m▀[38;2;81;100;103;48;2;100;110;110m▛[38;2;98;92;78;48;2;132;110;84m▀[38;2;111;93;69;48;2;124;109;79m▘[38;2;115;109;78;48;2;120;138;98m▀[38;2;118;138;97;48;2;125;141;102m▘[38;2;130;144;106;48;2;134;146;109m▌[38;2;139;149;112;48;2;143;150;116m▀[38;2;151;157;123;48;2;159;163;130m▌[38;2;162;163;132;48;2;157;158;127m▛[38;2;156;157;128;48;2;153;154;125m▀[38;2;157;156;126;48;2;144;143;116m▀[38;2;136;136;113;48;2;124;123;104m▀[38;2;90;88;72;48;2;176;171;145m▌[38;2;220;213;183;48;2;211;204;176m▌[38;2;211;204;175;48;2;209;202;173m▌[0m
          [38;2;203;194;161;48;2;196;186;152m▛[38;2;188;179;146;48;2;193;184;150m▖[38;2;200;192;158;48;2;209;202;170m▌[38;2;106;104;89;48;2;77;77;68m▌[38;2;101;101;89;48;2;88;88;77m▝[38;2;94;94;82;48;2;110;108;94m▖[38;2;119;118;101;48;2;139;138;117m▖[38;2;142;142;121;48;2;149;149;126m▖[38;2;147;148;126;48;2;150;152;128m▖[38;2;148;151;127;48;2;146;149;125m▞[38;2;143;148;124;48;2;147;150;125m▝[38;2;133;143;114;48;2;142;148;122m▝[38;2;131;143;111;48;2;126;140;104m▌[38;2;110;131;92;48;2;121;139;102m▝[38;2;91;117;90;48;2;111;134;91m▝[38;2;87;123;133;48;2;73;93;89m▀[38;2;83;123;137;48;2;65;86;88m▀[38;2;83;126;145;48;2;80;118;132m▀[38;2;80;114;125;48;2;64;85;89m▛[38;2;58;73;72;48;2;70;98;106m▖[38;2;78;113;123;48;2;88;129;143m▖[38;2;88;129;145;48;2;98;137;148m▀[38;2;86;129;145;48;2;98;138;149m▀[38;2;86;129;145;48;2;91;133;147m▀[38;2;84;126;145;48;2;91;133;149m▝[38;2;86;128;145;48;2;96;138;152m▀[38;2;85;125;141;48;2;89;129;141m▀[38;2;80;122;139;48;2;85;124;139m▀[38;2;79;120;137;48;2;83;123;138m▝[38;2;84;125;139;48;2;78;119;136m▖[38;2;73;110;122;48;2;74;112;126m▝[38;2;69;106;119;48;2;75;112;125m▀[38;2;72;110;122;48;2;86;103;103m▛[38;2;65;105;118;48;2;102;100;88m▀[38;2;64;97;107;48;2;114;106;90m▀[38;2;61;97;107;48;2;103;106;97m▀[38;2;70;100;106;48;2;122;111;92m▘[38;2;92;101;96;48;2;138;112;84m▀[38;2;110;98;81;48;2;137;112;84m▀[38;2;131;107;77;48;2;143;117;88m▀[38;2;176;139;106;48;2;128;108;81m▖[38;2;116;102;77;48;2;108;127;89m▀[38;2;104;118;80;48;2;110;128;89m▀[38;2;112;130;90;48;2;128;144;104m▘[38;2;130;144;104;48;2;136;145;106m▛[38;2;141;150;113;48;2;144;151;116m▌[38;2;146;150;119;48;2;140;144;117m▛[38;2;147;150;122;48;2;154;155;126m▌[38;2;155;156;127;48;2;147;147;121m▀[38;2;145;145;118;48;2;127;126;104m▀[38;2;131;130;108;48;2;108;109;92m▘[38;2;106;106;92;48;2;96;96;84m▀[38;2;77;76;65;48;2;175;169;143m▌[38;2;218;210;179;48;2;209;202;173m▌[38;2;208;201;173;48;2;204;197;167m▛[0m
          [38;2;201;191;158;48;2;172;163;131m▛[38;2;155;145;112;48;2;193;184;151m▖[38;2;198;190;158;48;2;179;171;138m▀[38;2;95;93;80;48;2;67;67;60m▌[38;2;81;80;71;48;2;77;77;68m▀[38;2;94;94;82;48;2;83;83;73m▝[38;2;99;98;85;48;2;113;112;96m▖[38;2;145;144;123;48;2;128;127;107m▝[38;2;146;147;124;48;2;140;140;118m▀[38;2;149;150;126;48;2;144;146;123m▀[38;2;146;148;125;48;2;140;144;121m▌[38;2;147;150;125;48;2;144;148;122m▌[38;2;130;142;108;48;2;139;146;116m▝[38;2;120;137;100;48;2;126;140;104m▝[38;2;113;135;94;48;2;111;133;93m▛[38;2;101;123;90;48;2;67;84;76m▌[38;2;64;81;82;48;2;148;150;119m▛[38;2;81;113;121;48;2;189;180;132m▀[38;2;65;81;82;48;2;177;166;117m▀[38;2;129;130;104;48;2;60;79;80m▖[38;2;83;112;117;48;2;143;147;116m▛[38;2;77;119;137;48;2;153;157;125m▀[38;2;77;119;137;48;2;135;143;115m▀[38;2;82;117;126;48;2;56;86;95m▛[38;2;74;106;118;48;2;49;71;75m▀[38;2;69;95;102;48;2;54;68;69m▀[38;2;73;108;120;48;2;49;74;81m▀[38;2;71;106;117;48;2;49;83;95m▀[38;2;72;108;118;48;2;47;70;78m▀[38;2;68;98;107;48;2;51;63;63m▀[38;2;69;106;119;48;2;52;79;85m▀[38;2;73;108;119;48;2;53;88;97m▀[38;2;78;102;109;48;2;56;92;102m▀[38;2;64;95;104;48;2;78;95;96m▖[38;2;87;97;95;48;2;101;101;93m▌[38;2;107;94;77;48;2;87;89;84m▀[38;2;127;113;94;48;2;137;112;84m▖[38;2;138;112;84;48;2;142;115;86m▞[38;2;149;122;93;48;2;143;117;88m▝[38;2;147;117;88;48;2;117;107;81m▀[38;2;130;119;87;48;2;107;129;91m▘[38;2;112;134;95;48;2;117;134;95m▘[38;2;123;139;99;48;2;127;142;103m▌[38;2;129;141;105;48;2;134;143;109m▀[38;2;136;143;111;48;2;142;147;117m▛[38;2;139;144;113;48;2;143;146;118m▌[38;2;141;145;117;48;2;147;149;120m▀[38;2;145;146;119;48;2;140;140;114m▛[38;2;136;136;112;48;2;117;116;97m▛[38;2;115;115;97;48;2;102;102;88m▘[38;2;102;102;88;48;2;88;88;76m▘[38;2;86;86;76;48;2;92;92;82m▌[38;2;67;65;56;48;2;155;149;127m▌[38;2;217;209;179;48;2;205;199;169m▌[38;2;208;202;176;48;2;218;213;196m▛[0m
          [38;2;178;169;134;48;2;194;184;149m▝[38;2;168;159;126;48;2;127;120;94m▛[38;2;147;138;108;48;2;169;161;129m▖[38;2;80;77;66;48;2;70;69;62m▌[38;2;77;77;69;48;2;75;75;67m▌[38;2;81;80;71;48;2;76;75;67m▝[38;2;98;97;84;48;2;83;82;72m▝[38;2;93;92;81;48;2;112;110;94m▖[38;2;139;137;116;48;2;124;123;104m▝[38;2;140;142;120;48;2;134;136;114m▀[38;2;142;145;122;48;2;140;142;119m▀[38;2;139;142;119;48;2;143;147;123m▖[38;2;143;146;121;48;2;137;143;115m▌[38;2;131;142;110;48;2;127;137;106m▀[38;2;123;138;102;48;2;113;131;93m▌[38;2;105;127;88;48;2;102;115;77m▌[38;2;156;137;98;48;2;123;100;72m▀[38;2;144;115;78;48;2;179;152;108m▖[38;2;213;197;140;48;2;183;158;115m▀[38;2;209;192;134;48;2;195;176;129m▘[38;2;179;152;111;48;2;142;110;81m▛[38;2;193;165;117;48;2;147;111;80m▀[38;2;190;163;115;48;2;151;114;84m▀[38;2;180;153;111;48;2;150;118;88m▘[38;2;99;106;99;48;2;176;145;110m▀[38;2;50;72;77;48;2;153;147;109m▀[38;2;79;95;88;48;2;205;190;132m▀[38;2;93;110;100;48;2;209;192;132m▀[38;2;81;95;87;48;2;185;165;115m▀[38;2;53;73;77;48;2;116;102;81m▀[38;2;64;79;82;48;2;128;107;85m▀[38;2;82;99;100;48;2;153;120;90m▀[38;2;67;91;98;48;2;127;108;88m▀[38;2;70;90;94;48;2;92;100;96m▀[38;2;89;94;90;48;2;129;113;94m▛[38;2;127;108;87;48;2;144;114;85m▌[38;2;132;106;79;48;2;139;110;82m▝[38;2;150;118;88;48;2;135;107;80m▌[38;2;143;112;84;48;2;108;105;76m▀[38;2;109;111;80;48;2;104;126;87m▘[38;2;110;127;90;48;2;119;133;97m▌[38;2;122;136;99;48;2;126;138;102m▘[38;2;129;141;105;48;2;136;144;108m▀[38;2;140;145;112;48;2;137;143;110m▖[38;2;138;143;112;48;2;144;146;117m▘[38;2;145;147;118;48;2;147;148;120m▌[38;2;147;147;118;48;2;141;140;113m▛[38;2;136;135;110;48;2;123;122;101m▛[38;2;123;121;99;48;2;104;102;86m▘[38;2;97;96;83;48;2;87;87;75m▀[38;2;82;81;71;48;2;77;74;65m▛[38;2;77;74;65;48;2;85;84;74m▖[38;2;64;61;54;48;2;136;131;111m▌[38;2;216;208;177;48;2;204;197;169m▌[38;2;205;198;170;48;2;200;193;164m▛[0m
          [38;2;189;178;143;48;2;192;181;147m▀[38;2;120;113;86;48;2;162;153;120m▝[38;2;143;135;105;48;2;174;166;133m▘[38;2;109;105;87;48;2;74;72;63m▖[38;2;76;76;67;48;2;64;64;58m▀[38;2;74;74;65;48;2;62;63;57m▀[38;2;80;80;70;48;2;66;66;59m▀[38;2;94;92;79;48;2;76;76;67m▀[38;2;95;94;82;48;2;114;113;95m▖[38;2;120;119;99;48;2;132;132;110m▖[38;2;138;139;117;48;2;137;138;115m▀[38;2;142;144;119;48;2;135;137;114m▀[38;2;140;143;117;48;2;128;133;109m▀[38;2;126;133;105;48;2;117;127;98m▛[38;2;118;130;97;48;2;108;122;88m▛[38;2;108;125;89;48;2;95;114;77m▛[38;2;127;103;78;48;2;98;105;71m▝[38;2;124;95;69;48;2;144;107;76m▌[38;2;148;111;79;48;2;132;96;67m▛[38;2;162;124;90;48;2;149;106;74m▀[38;2;135;95;63;48;2;169;129;94m▖[38;2;161;120;86;48;2;150;108;74m▛[38;2;152;118;87;48;2;155;112;78m▀[38;2;166;125;91;48;2;156;113;79m▛[38;2;154;114;80;48;2;161;123;86m▖[38;2;187;155;109;48;2;163;117;82m▀[38;2;195;172;119;48;2;157;115;78m▀[38;2;201;183;131;48;2;158;117;83m▀[38;2;186;162;115;48;2;158;114;81m▀[38;2;186;160;112;48;2;162;123;88m▘[38;2;155;121;89;48;2;152;112;78m▝[38;2;152;118;87;48;2;158;113;78m▀[38;2;167;128;95;48;2;160;117;83m▘[38;2;159;119;85;48;2;154;112;77m▀[38;2;164;124;90;48;2;159;115;83m▀[38;2;148;115;84;48;2;137;103;72m▀[38;2;147;114;83;48;2;158;116;82m▀[38;2;166;125;93;48;2;113;115;78m▘[38;2;106;127;87;48;2;100;119;82m▀[38;2;111;127;90;48;2;109;123;87m▀[38;2;121;133;99;48;2;115;126;94m▀[38;2;117;127;97;48;2;126;135;103m▖[38;2;136;143;110;48;2;126;133;103m▀[38;2;139;144;113;48;2;130;135;107m▀[38;2;146;146;119;48;2;135;137;110m▀[38;2;145;146;118;48;2;135;136;108m▀[38;2;143;142;115;48;2;121;119;98m▀[38;2;121;120;99;48;2;100;98;83m▘[38;2;97;95;81;48;2;78;77;67m▀[38;2;85;83;72;48;2;73;71;63m▀[38;2;85;83;72;48;2;71;68;60m▘[38;2;74;72;64;48;2;107;104;88m▛[38;2;50;48;42;48;2;153;146;122m▘[38;2;214;206;174;48;2;203;195;165m▘[38;2;200;192;163;48;2;206;199;177m▛[0m
          [38;2;194;184;152;48;2;190;179;147m▝[38;2;196;186;153;48;2;188;178;144m▀[38;2;195;186;151;48;2;186;176;142m▀[38;2;169;160;128;48;2;192;181;146m▝[38;2;123;118;99;48;2;202;191;156m▀[38;2;122;117;98;48;2;202;190;154m▀[38;2;123;119;98;48;2;201;190;154m▀[38;2;125;121;101;48;2;201;190;155m▀[38;2;132;127;105;48;2;199;188;153m▀[38;2;147;142;118;48;2;203;193;160m▀[38;2;152;147;122;48;2;204;193;161m▀[38;2;150;146;120;48;2;203;193;160m▀[38;2;152;149;122;48;2;204;194;162m▀[38;2;149;146;118;48;2;204;193;160m▀[38;2;144;143;113;48;2;207;195;163m▀[38;2;145;146;114;48;2;206;194;162m▀[38;2;144;144;113;48;2;206;194;163m▀[38;2;161;140;110;48;2;201;191;157m▀[38;2;161;142;112;48;2;203;193;160m▀[38;2;163;143;113;48;2;205;196;163m▀[38;2;165;145;115;48;2;203;195;162m▀[38;2;166;147;115;48;2;203;194;160m▀[38;2;164;145;114;48;2;201;192;158m▀[38;2;165;147;114;48;2;203;194;161m▀[38;2;169;152;121;48;2;206;198;166m▀[38;2;175;154;122;48;2;201;192;158m▀[38;2;175;153;123;48;2;207;198;166m▀[38;2;169;152;123;48;2;208;199;167m▀[38;2;175;157;127;48;2;208;200;169m▀[38;2;174;155;125;48;2;210;201;170m▀[38;2;175;157;127;48;2;209;200;169m▀[38;2;177;159;127;48;2;210;202;171m▀[38;2;176;158;126;48;2;211;202;171m▀[38;2;173;155;124;48;2;208;199;166m▀[38;2;180;160;127;48;2;207;198;166m▀[38;2;172;155;123;48;2;209;200;168m▀[38;2;177;160;127;48;2;208;199;168m▀[38;2;163;161;128;48;2;212;199;168m▀[38;2;163;159;125;48;2;210;197;166m▀[38;2;166;160;127;48;2;209;196;164m▀[38;2;166;161;128;48;2;209;197;165m▀[38;2;170;163;130;48;2;209;197;166m▀[38;2;171;163;131;48;2;209;197;165m▀[38;2;171;163;130;48;2;207;195;163m▀[38;2;170;161;129;48;2;209;198;166m▀[38;2;172;163;130;48;2;208;196;164m▀[38;2;168;158;127;48;2;209;197;165m▀[38;2;166;157;125;48;2;208;196;162m▀[38;2;166;157;126;48;2;208;196;162m▀[38;2;167;157;128;48;2;207;195;161m▀[38;2;169;159;130;48;2;208;196;163m▀[38;2;173;163;133;48;2;202;191;159m▘[38;2;212;201;164;48;2;199;189;157m▘[38;2;202;192;161;48;2;195;185;152m▌[38;2;191;182;150;48;2;204;196;173m▌[0m

Utagawa Hiroshige: Maple Trees at Mama, Tekona Shrine and Tsugi Bridge, 1857
