       [38;2;245;241;230;48;2;240;234;217m▌[38;2;229;213;182;48;2;234;220;193m▛[38;2;233;216;185;48;2;234;220;194m▀[38;2;234;217;185;48;2;233;219;193m▀[38;2;235;218;185;48;2;234;220;192m▀[38;2;237;220;187;48;2;236;221;191m▀[38;2;240;221;186;48;2;239;223;189m▀[38;2;241;222;187;48;2;241;225;192m▀[38;2;240;222;186;48;2;241;225;192m▀[38;2;241;222;187;48;2;240;223;191m▀[38;2;241;224;190;48;2;239;223;192m▀[38;2;241;223;188;48;2;238;223;192m▀[38;2;241;222;188;48;2;238;223;191m▀[38;2;241;223;189;48;2;239;223;191m▀[38;2;239;223;192;48;2;241;224;191m▖[38;2;241;224;190;48;2;238;223;191m▛[38;2;241;223;188;48;2;239;223;191m▀[38;2;241;222;187;48;2;238;223;190m▀[38;2;241;224;190;48;2;239;224;193m▀[38;2;241;224;189;48;2;240;224;193m▀[38;2;241;223;189;48;2;241;225;193m▀[38;2;241;224;189;48;2;240;225;193m▀[38;2;241;224;190;48;2;240;225;194m▀[38;2;240;223;189;48;2;240;225;194m▀[38;2;240;224;191;48;2;240;225;193m▘[38;2;240;225;193;48;2;240;223;192m▌[38;2;242;226;194;48;2;241;224;193m▝[38;2;241;225;193;48;2;239;224;193m▀[38;2;241;226;194;48;2;239;224;192m▀[38;2;241;226;196;48;2;240;224;192m▀[38;2;241;226;195;48;2;240;224;192m▀[38;2;242;227;197;48;2;240;224;192m▀▀[38;2;242;228;198;48;2;239;224;192m▀[38;2;241;227;197;48;2;239;223;191m▀[38;2;241;227;197;48;2;238;223;191m▀[38;2;240;226;197;48;2;239;223;191m▀[38;2;240;226;196;48;2;239;223;190m▀[38;2;240;226;196;48;2;240;224;191m▀[38;2;240;225;195;48;2;239;223;190m▀[38;2;240;225;196;48;2;238;222;189m▀[38;2;239;224;194;48;2;218;201;170m▛[38;2;232;217;189;48;2;202;186;155m▀[38;2;204;187;157;48;2;236;220;191m▖[38;2;239;225;196;48;2;239;222;188m▀[38;2;239;226;198;48;2;237;220;186m▀[38;2;236;222;196;48;2;185;169;140m▀[38;2;236;223;196;48;2;179;163;136m▀[38;2;237;223;198;48;2;232;217;187m▀[38;2;237;224;199;48;2;232;217;186m▀[38;2;236;223;198;48;2;232;216;186m▀[38;2;236;222;196;48;2;231;216;187m▘[38;2;233;216;186;48;2;227;211;179m▀[38;2;233;217;188;48;2;226;209;176m▀[0m
       [38;2;245;242;231;48;2;242;236;219m▌[38;2;234;218;184;48;2;236;220;189m▌[38;2;239;224;193;48;2;231;216;187m▛[38;2;250;233;202;48;2;147;137;119m▀[38;2;251;235;201;48;2;136;125;109m▀[38;2;252;235;201;48;2;146;135;117m▀[38;2;252;236;201;48;2;155;141;118m▀[38;2;242;225;194;48;2;211;194;166m▀[38;2;242;226;195;48;2;202;188;161m▀[38;2;248;234;202;48;2;170;146;124m▀[38;2;255;240;205;48;2;120;116;116m▀[38;2;255;241;206;48;2;121;118;117m▀[38;2;255;241;206;48;2;122;119;119m▀[38;2;255;242;207;48;2;125;123;122m▀[38;2;251;237;205;48;2;166;148;131m▀[38;2;251;238;206;48;2;157;143;128m▀[38;2;255;240;206;48;2;133;130;127m▀[38;2;255;241;205;48;2;133;130;128m▀[38;2;255;240;205;48;2;134;132;129m▀[38;2;255;242;208;48;2;136;134;131m▀[38;2;250;238;206;48;2;183;162;141m▀[38;2;255;242;208;48;2;150;144;135m▀[38;2;255;242;208;48;2;143;140;135m▀[38;2;255;241;207;48;2;145;144;138m▀[38;2;255;241;206;48;2;148;145;139m▀[38;2;255;240;204;48;2;152;148;139m▀[38;2;248;234;203;48;2;191;173;147m▀[38;2;255;240;206;48;2;159;152;141m▀[38;2;255;241;206;48;2;158;152;142m▀[38;2;255;241;207;48;2;161;156;146m▀[38;2;255;240;206;48;2;165;159;148m▀[38;2;255;240;207;48;2;172;165;151m▀[38;2;249;236;204;48;2;199;183;157m▀[38;2;255;240;205;48;2;174;167;153m▀[38;2;255;240;206;48;2;172;166;152m▀[38;2;255;239;205;48;2;175;168;152m▀[38;2;255;239;205;48;2;178;171;154m▀[38;2;253;238;204;48;2;186;175;156m▀[38;2;250;235;203;48;2;201;186;160m▀[38;2;253;237;203;48;2;185;176;157m▀[38;2;252;236;202;48;2;191;182;160m▀[38;2;241;225;192;48;2;193;183;161m▀[38;2;209;194;165;48;2;194;182;159m▀[38;2;244;230;198;48;2;211;196;168m▝[38;2;248;234;202;48;2;213;197;169m▀[38;2;249;232;199;48;2;204;190;166m▀[38;2;205;191;162;48;2;217;205;175m▀[38;2;210;194;165;48;2;222;213;182m▀[38;2;243;227;196;48;2;218;208;177m▀[38;2;243;227;196;48;2;210;198;169m▀[38;2;243;228;197;48;2;203;188;158m▀[38;2;211;195;165;48;2;238;223;192m▖[38;2;242;226;193;48;2;232;217;186m▖[38;2;234;218;187;48;2;228;211;177m▌[0m
       [38;2;245;244;232;48;2;243;237;220m▌[38;2;236;220;185;48;2;247;231;197m▌[38;2;205;192;162;48;2;80;72;63m▌[38;2;86;84;79;48;2;68;67;62m▖[38;2;62;61;58;48;2;75;73;67m▀[38;2;82;80;75;48;2;58;56;54m▖[38;2;28;26;25;48;2;145;130;106m▌[38;2;252;236;205;48;2;234;219;188m▖[38;2;209;198;170;48;2;229;215;184m▝[38;2;196;146;116;48;2;141;96;75m▌[38;2;0;19;65;48;2;25;52;96m▀[38;2;0;18;65;48;2;25;53;97m▀[38;2;0;19;66;48;2;23;50;96m▀[38;2;1;16;65;48;2;16;45;95m▀[38;2;69;61;81;48;2;211;146;109m▌[38;2;173;122;87;48;2;15;32;75m▌[38;2;0;17;65;48;2;19;46;95m▀[38;2;0;17;66;48;2;17;45;93m▀[38;2;0;18;67;48;2;19;46;92m▀[38;2;0;16;65;48;2;17;47;96m▀[38;2;127;90;88;48;2;218;145;98m▌[38;2;97;77;77;48;2;4;29;84m▌[38;2;0;21;69;48;2;20;50;99m▀[38;2;0;21;69;48;2;20;46;93m▀[38;2;1;23;72;48;2;20;51;101m▀[38;2;16;36;82;48;2;67;70;98m▛[38;2;191;132;96;48;2;213;148;107m▀[38;2;18;27;65;48;2;34;56;98m▀[38;2;1;19;63;48;2;19;49;97m▀[38;2;0;18;62;48;2;16;46;94m▀[38;2;3;20;64;48;2;16;44;92m▀[38;2;4;27;77;48;2;85;66;76m▌[38;2;173;119;84;48;2;212;144;105m▝[38;2;13;26;65;48;2;29;49;91m▀[38;2;6;23;66;48;2;25;53;98m▀[38;2;4;23;66;48;2;18;46;94m▀[38;2;7;23;65;48;2;22;47;93m▀[38;2;7;25;69;48;2;159;123;108m▌[38;2;224;166;120;48;2;130;96;84m▌[38;2;4;21;64;48;2;59;67;97m▛[38;2;0;13;55;48;2;77;81;106m▀[38;2;1;16;58;48;2;63;69;96m▀[38;2;3;17;59;48;2;58;68;100m▀[38;2;59;55;78;48;2;208;146;113m▌[38;2;224;154;102;48;2;134;100;88m▌[38;2;15;16;53;48;2;71;72;97m▀[38;2;206;152;120;48;2;210;88;68m▛[38;2;202;153;129;48;2;194;58;47m▀[38;2;200;155;130;48;2;179;57;47m▀[38;2;200;55;44;48;2;181;141;112m▖[38;2;204;191;161;48;2;248;234;201m▀[38;2;255;245;210;48;2;171;156;131m▖[38;2;183;169;143;48;2;245;229;195m▌[38;2;235;218;185;48;2;231;213;180m▌[0m
       [38;2;246;244;232;48;2;244;238;221m▌[38;2;238;223;189;48;2;249;233;200m▌[38;2;209;196;167;48;2;77;71;61m▌[38;2;70;68;63;48;2;73;72;65m▛[38;2;70;67;62;48;2;77;75;70m▀[38;2;81;80;75;48;2;74;73;69m▛[38;2;30;27;27;48;2;146;131;108m▌[38;2;244;228;195;48;2;224;207;172m▛[38;2;239;226;197;48;2;222;207;173m▀[38;2;208;158;125;48;2;167;118;88m▌[38;2;49;102;143;48;2;134;175;181m▀[38;2;48;104;148;48;2;131;176;184m▀[38;2;43;100;144;48;2;126;173;183m▀[38;2;35;96;144;48;2;122;172;184m▀[38;2;119;125;130;48;2;217;149;111m▌[38;2;186;134;99;48;2;81;125;150m▌[38;2;37;95;143;48;2;125;174;185m▀[38;2;37;93;140;48;2;125;173;184m▀[38;2;33;90;136;48;2;118;168;183m▀[38;2;40;96;141;48;2;124;171;183m▀[38;2;157;126;114;48;2;228;149;100m▌[38;2;26;92;145;48;2;132;141;139m▝[38;2;40;99;144;48;2;131;177;186m▀[38;2;31;87;135;48;2;115;167;183m▀[38;2;37;95;141;48;2;119;170;183m▀[38;2;56;101;138;48;2;128;165;172m▀[38;2;222;151;114;48;2;220;151;101m▌[38;2;52;100;139;48;2;129;167;173m▀[38;2;37;94;140;48;2;117;167;181m▀[38;2;35;92;139;48;2;117;168;182m▀[38;2;37;93;139;48;2;122;170;183m▀[38;2;26;90;141;48;2;125;135;140m▘[38;2;229;151;109;48;2;210;145;99m▌[38;2;45;90;131;48;2;119;161;172m▀[38;2;36;93;139;48;2;115;167;181m▀[38;2;33;90;137;48;2;114;167;182m▀[38;2;33;84;133;48;2;108;162;180m▀[38;2;57;108;144;48;2;183;141;119m▌[38;2;233;159;110;48;2;159;128;109m▌[38;2;12;68;123;48;2;137;159;165m▘[38;2;237;209;178;48;2;189;166;151m▘[38;2;167;147;133;48;2;195;175;157m▝[38;2;176;157;138;48;2;217;195;170m▌[38;2;237;213;183;48;2;235;211;181m▖[38;2;237;212;182;48;2;230;204;174m▌[38;2;219;193;163;48;2;204;177;150m▛[38;2;233;211;179;48;2;214;99;79m▌[38;2;176;61;53;48;2;189;59;50m▝[38;2;177;57;50;48;2;191;59;50m▛[38;2;186;55;44;48;2;188;131;99m▌[38;2;220;205;168;48;2;231;218;185m▀[38;2;238;221;183;48;2;168;151;125m▌[38;2;180;165;139;48;2;249;233;198m▌[38;2;234;218;185;48;2;232;215;182m▌[0m
       [38;2;247;245;234;48;2;244;239;222m▌[38;2;239;223;189;48;2;251;235;201m▌[38;2;206;194;166;48;2;71;66;59m▌[38;2;80;79;73;48;2;74;72;67m▌[38;2;66;64;60;48;2;69;68;63m▝[38;2;72;71;66;48;2;60;58;55m▌[38;2;36;33;31;48;2;156;141;116m▌[38;2;250;237;207;48;2;236;218;184m▀[38;2;246;233;203;48;2;229;213;180m▀[38;2;209;155;122;48;2;186;125;90m▌[38;2;179;193;179;48;2;183;207;193m▌[38;2;181;203;190;48;2;188;207;191m▀[38;2;176;201;190;48;2;184;205;191m▀[38;2;173;202;192;48;2;182;206;193m▀[38;2;166;157;142;48;2;213;143;106m▌[38;2;195;139;97;48;2;169;189;178m▌[38;2;189;210;196;48;2;183;205;193m▖[38;2;178;203;192;48;2;187;207;194m▘[38;2;173;200;193;48;2;186;206;193m▀[38;2;191;210;196;48;2;174;199;190m▖[38;2;191;149;124;48;2;219;141;93m▌[38;2;187;160;131;48;2;178;207;199m▌[38;2;176;203;193;48;2;189;208;194m▀[38;2;173;201;192;48;2;186;208;194m▝[38;2;170;199;191;48;2;185;206;194m▀[38;2;175;208;199;48;2;170;167;152m▌[38;2;221;148;109;48;2;219;149;96m▌[38;2;181;184;167;48;2;179;209;199m▌[38;2;172;200;190;48;2;183;205;192m▀[38;2;173;200;191;48;2;184;205;193m▀[38;2;173;200;191;48;2;187;206;192m▀[38;2;179;207;197;48;2;183;159;138m▌[38;2;228;156;114;48;2;209;145;100m▌[38;2;169;177;164;48;2;178;207;197m▌[38;2;171;200;190;48;2;182;204;191m▀[38;2;176;202;191;48;2;183;205;193m▀[38;2;168;198;191;48;2;182;205;192m▀[38;2;164;192;184;48;2;202;155;124m▌[38;2;227;149;101;48;2;189;152;118m▌[38;2;155;194;190;48;2;193;190;174m▌[38;2;235;209;182;48;2;222;198;175m▀[38;2;237;211;181;48;2;214;189;160m▌[38;2;215;188;160;48;2;238;212;181m▌[38;2;217;190;161;48;2;190;164;138m▛[38;2;232;206;175;48;2;236;210;178m▘[38;2;196;170;143;48;2;228;203;174m▌[38;2;222;203;176;48;2;209;97;79m▌[38;2;214;62;50;48;2;188;62;53m▌[38;2;176;60;51;48;2;190;64;53m▞[38;2;207;59;46;48;2;190;129;99m▌[38;2;243;231;198;48;2;217;203;167m▀[38;2;241;225;189;48;2;178;161;133m▌[38;2;191;175;147;48;2;248;232;197m▌[38;2;236;219;187;48;2;234;218;184m▘[0m
       [38;2;247;246;234;48;2;244;239;223m▌[38;2;240;224;190;48;2;250;235;201m▌[38;2;213;199;171;48;2;83;77;68m▌[38;2;84;83;77;48;2;76;74;69m▌[38;2;71;69;64;48;2;74;73;68m▞[38;2;78;77;72;48;2;64;63;59m▖[38;2;40;36;32;48;2;181;166;136m▌[38;2;251;235;202;48;2;240;225;193m▌[38;2;229;215;182;48;2;243;229;196m▝[38;2;215;161;125;48;2;191;129;92m▌[38;2;183;196;182;48;2;190;210;195m▌[38;2;188;207;192;48;2;192;209;193m▀[38;2;189;207;192;48;2;185;206;193m▖[38;2;188;207;193;48;2;182;209;198m▌[38;2;173;155;136;48;2;216;141;101m▌[38;2;198;143;101;48;2;178;196;184m▌[38;2;195;214;199;48;2;190;209;195m▖[38;2;191;209;195;48;2;195;212;196m▀[38;2;193;211;196;48;2;189;209;196m▌[38;2;194;212;199;48;2;179;199;186m▌[38;2;193;142;114;48;2;212;136;91m▌[38;2;181;156;127;48;2;188;213;202m▌[38;2;191;209;194;48;2;190;210;196m▘[38;2;191;211;196;48;2;193;212;199m▛[38;2;190;211;198;48;2;190;209;196m▖[38;2;188;215;203;48;2;178;171;153m▌[38;2;211;142;105;48;2;207;139;88m▌[38;2;181;183;165;48;2;190;214;202m▌[38;2;190;209;194;48;2;190;209;196m▌[38;2;188;207;194;48;2;189;208;195m▘[38;2;189;208;194;48;2;183;204;192m▛[38;2;186;211;199;48;2;185;164;141m▌[38;2;227;152;110;48;2;208;143;96m▌[38;2;174;181;166;48;2;191;214;200m▌[38;2;186;206;192;48;2;189;209;194m▘[38;2;187;207;193;48;2;191;210;196m▀[38;2;180;204;192;48;2;188;209;194m▝[38;2;168;194;184;48;2;194;146;117m▌[38;2;221;144;95;48;2;194;153;117m▌[38;2;168;199;191;48;2;200;196;177m▌[38;2;202;176;149;48;2;231;201;169m▝[38;2;195;168;142;48;2;231;203;172m▌[38;2;217;190;161;48;2;245;215;183m▀[38;2;185;159;135;48;2;232;205;177m▀[38;2;217;194;172;48;2;196;171;151m▞[38;2;188;159;144;48;2;208;182;161m▖[38;2;186;167;150;48;2;192;86;72m▌[38;2;215;62;50;48;2;182;61;51m▌[38;2;156;56;48;48;2;192;63;52m▘[38;2;213;62;46;48;2;197;137;103m▌[38;2;232;217;182;48;2;246;233;199m▀[38;2;248;232;196;48;2;196;176;144m▌[38;2;204;186;155;48;2;246;231;195m▌[38;2;237;220;184;48;2;235;218;184m▌[0m
       [38;2;247;246;235;48;2;245;240;223m▌[38;2;239;224;191;48;2;251;236;202m▌[38;2;207;193;166;48;2;72;66;58m▌[38;2;67;65;60;48;2;72;71;66m▌[38;2;71;70;64;48;2;76;75;70m▘[38;2;91;91;85;48;2;76;75;71m▖[38;2;44;40;35;48;2;190;176;142m▌[38;2;236;217;179;48;2;251;239;208m▀[38;2;228;212;174;48;2;246;233;202m▀[38;2;215;161;125;48;2;186;127;89m▌[38;2;182;197;184;48;2;196;213;197m▌[38;2;193;211;194;48;2;195;211;195m▖[38;2;191;209;193;48;2;193;210;195m▀[38;2;191;210;195;48;2;184;210;198m▌[38;2;176;153;132;48;2;217;142;99m▌[38;2;195;141;96;48;2;180;196;183m▌[38;2;193;210;194;48;2;197;214;197m▝[38;2;195;211;195;48;2;197;213;196m▌[38;2;194;212;196;48;2;197;213;197m▝[38;2;199;216;200;48;2;182;198;183m▌[38;2;195;140;109;48;2;207;133;88m▌[38;2;181;152;123;48;2;194;216;203m▌[38;2;194;212;196;48;2;190;210;197m▌[38;2;197;214;198;48;2;194;212;197m▖[38;2;194;213;198;48;2;190;209;196m▘[38;2;191;216;204;48;2;172;168;151m▌[38;2;214;143;104;48;2;212;143;91m▌[38;2;183;184;164;48;2;191;216;203m▌[38;2;189;209;195;48;2;191;211;197m▘[38;2;190;210;196;48;2;193;211;196m▀[38;2;186;206;193;48;2;190;209;195m▝[38;2;188;213;201;48;2;183;158;136m▌[38;2;227;150;105;48;2;210;144;95m▌[38;2;178;186;171;48;2;190;214;200m▌[38;2;189;209;194;48;2;188;209;195m▘[38;2;190;209;195;48;2;193;211;195m▌[38;2;193;212;197;48;2;190;210;196m▝[38;2;175;197;186;48;2;193;146;117m▌[38;2;219;144;98;48;2;190;151;117m▌[38;2;180;205;194;48;2;190;208;193m▌[38;2;201;210;190;48;2;186;208;194m▀[38;2;198;207;190;48;2;181;206;193m▀[38;2;195;205;188;48;2;181;207;195m▀[38;2;166;176;163;48;2;207;150;115m▌[38;2;220;145;89;48;2;198;154;114m▖[38;2;177;209;200;48;2;173;181;167m▖[38;2;216;158;119;48;2;204;90;70m▌[38;2;211;62;50;48;2;178;60;50m▌[38;2;162;56;48;48;2;200;65;54m▌[38;2;212;60;46;48;2;189;126;93m▌[38;2;224;209;172;48;2;229;215;179m▀[38;2;235;219;182;48;2;190;171;138m▌[38;2;209;189;156;48;2;246;230;194m▌[38;2;238;222;187;48;2;236;219;184m▌[0m
       [38;2;248;246;235;48;2;245;239;223m▌[38;2;239;223;189;48;2;252;236;201m▌[38;2;198;184;159;48;2;69;65;57m▌[38;2;86;85;77;48;2;75;74;68m▖[38;2;66;65;59;48;2;71;70;65m▘[38;2;84;84;77;48;2;65;63;59m▘[38;2;44;40;34;48;2;185;172;137m▌[38;2;250;235;202;48;2;235;219;185m▖[38;2;240;225;189;48;2;230;217;182m▖[38;2;214;159;123;48;2;184;133;98m▌[38;2;184;202;188;48;2;195;213;196m▌[38;2;197;212;194;48;2;192;210;194m▛[38;2;196;212;195;48;2;192;210;194m▛[38;2;195;211;195;48;2;183;208;197m▌[38;2;181;153;131;48;2;216;139;96m▌[38;2;198;145;103;48;2;185;202;189m▌[38;2;200;216;198;48;2;199;214;196m▌[38;2;199;214;196;48;2;203;215;196m▛[38;2;202;216;197;48;2;196;212;196m▌[38;2;204;219;201;48;2;180;197;181m▌[38;2;195;139;108;48;2;206;132;88m▌[38;2;184;158;130;48;2;196;217;203m▌[38;2;202;215;196;48;2;197;214;196m▌[38;2;197;214;197;48;2;199;215;197m▞[38;2;200;216;198;48;2;193;211;196m▖[38;2;192;216;203;48;2;180;176;158m▌[38;2;220;147;105;48;2;219;150;94m▌[38;2;189;189;167;48;2;191;215;203m▌[38;2;193;211;196;48;2;189;208;193m▛[38;2;195;213;197;48;2;185;204;189m▀[38;2;193;211;195;48;2;186;205;190m▀[38;2;186;210;197;48;2;176;150;128m▌[38;2;229;151;108;48;2;211;146;98m▌[38;2;173;183;168;48;2;187;210;196m▌[38;2;185;204;190;48;2;189;211;196m▀[38;2;189;209;194;48;2;193;212;196m▘[38;2;187;209;196;48;2;188;209;195m▝[38;2;176;200;188;48;2;191;147;118m▌[38;2;218;146;99;48;2;187;149;115m▌[38;2;184;206;193;48;2;197;214;196m▌[38;2;201;216;197;48;2;193;211;195m▖[38;2;185;206;193;48;2;193;211;194m▝[38;2;185;205;191;48;2;190;212;197m▌[38;2;167;179;164;48;2;207;141;104m▌[38;2;220;146;94;48;2;200;158;119m▌[38;2;182;209;198;48;2;166;175;162m▌[38;2;213;157;117;48;2;211;95;73m▌[38;2;162;61;52;48;2;204;57;46m▝[38;2;147;57;50;48;2;192;57;46m▘[38;2;203;56;42;48;2;189;122;89m▌[38;2;245;232;198;48;2;222;208;170m▀[38;2;243;229;193;48;2;197;177;144m▌[38;2;207;187;154;48;2;248;232;196m▌[38;2;238;222;187;48;2;236;219;183m▌[0m
       [38;2;248;247;236;48;2;245;239;222m▌[38;2;239;223;189;48;2;253;237;202m▌[38;2;200;185;158;48;2;73;69;60m▌[38;2;92;91;82;48;2;75;75;69m▌[38;2;74;73;68;48;2;70;69;63m▀[38;2;75;75;68;48;2;63;61;57m▌[38;2;49;45;37;48;2;197;183;145m▌[38;2;245;231;199;48;2;232;215;177m▀[38;2;242;230;199;48;2;228;211;173m▀[38;2;212;153;114;48;2;196;144;106m▌[38;2;189;208;193;48;2;197;215;197m▌[38;2;200;215;196;48;2;196;213;195m▌[38;2;195;211;195;48;2;198;213;195m▞[38;2;195;212;195;48;2;179;206;193m▌[38;2;182;153;128;48;2;221;146;101m▌[38;2;202;153;108;48;2;185;202;188m▌[38;2;198;215;196;48;2;195;212;194m▀[38;2;199;214;195;48;2;193;210;193m▀[38;2;203;216;197;48;2;192;210;193m▘[38;2;197;215;198;48;2;178;195;180m▌[38;2;196;140;109;48;2;216;141;92m▌[38;2;184;159;131;48;2;189;213;200m▌[38;2;202;216;195;48;2;195;213;196m▌[38;2;195;213;196;48;2;200;215;197m▖[38;2;198;215;197;48;2;200;214;195m▘[38;2;197;219;203;48;2;180;175;156m▌[38;2;218;147;105;48;2;213;145;93m▌[38;2;177;177;159;48;2;192;217;204m▌[38;2;184;202;187;48;2;192;211;195m▖[38;2;188;208;193;48;2;181;201;187m▀[38;2;184;202;186;48;2;187;206;191m▀[38;2;183;209;195;48;2;176;142;119m▌[38;2;230;150;106;48;2;213;148;98m▌[38;2;180;187;168;48;2;194;217;201m▌[38;2;186;208;193;48;2;191;211;195m▖[38;2;194;213;196;48;2;188;209;195m▀[38;2;190;210;195;48;2;183;207;193m▀[38;2;176;199;187;48;2;197;149;119m▌[38;2;221;146;99;48;2;188;148;112m▌[38;2;181;205;193;48;2;192;211;195m▌[38;2;195;212;195;48;2;186;208;193m▛[38;2;195;213;194;48;2;187;208;192m▀[38;2;189;209;192;48;2;194;215;198m▌[38;2;171;182;166;48;2;207;138;102m▌[38;2;225;148;93;48;2;200;159;117m▌[38;2;189;213;198;48;2;174;182;164m▌[38;2;194;146;111;48;2;212;167;124m▝[38;2;228;180;152;48;2;247;240;206m▀[38;2;230;181;153;48;2;251;243;207m▀[38;2;250;241;203;48;2;204;169;129m▖[38;2;231;216;179;48;2;246;230;195m▀[38;2;247;232;194;48;2;196;176;144m▌[38;2;204;184;152;48;2;248;233;198m▌[38;2;237;221;186;48;2;236;218;183m▌[0m
       [38;2;248;247;236;48;2;245;240;223m▌[38;2;240;224;190;48;2;251;236;202m▌[38;2;210;194;166;48;2;75;69;60m▌[38;2;70;69;62;48;2;74;73;66m▛[38;2;78;78;71;48;2;74;72;66m▞[38;2;88;89;81;48;2;69;67;62m▌[38;2;53;47;37;48;2;216;200;161m▌[38;2;249;236;206;48;2;239;222;185m▀[38;2;249;236;205;48;2;238;223;189m▘[38;2;223;168;128;48;2;196;139;99m▌[38;2;188;193;173;48;2;194;165;135m▀[38;2;187;200;182;48;2;190;158;129m▀[38;2;188;206;189;48;2;186;154;125m▀[38;2;182;208;194;48;2;190;161;132m▀[38;2;189;154;126;48;2;218;151;108m▌[38;2;177;203;191;48;2;192;148;112m▝[38;2;191;217;201;48;2;187;172;147m▀[38;2;190;215;200;48;2;188;180;156m▀[38;2;191;214;199;48;2;189;191;169m▀[38;2;193;216;202;48;2;180;193;176m▘[38;2;199;145;113;48;2;219;145;96m▌[38;2;186;158;129;48;2;185;212;198m▌[38;2;195;211;193;48;2;192;215;198m▀[38;2;197;212;194;48;2;195;218;201m▀[38;2;196;214;195;48;2;183;205;188m▛[38;2;191;217;202;48;2;177;173;154m▌[38;2;220;147;107;48;2;218;146;94m▌[38;2;180;177;156;48;2;186;211;197m▌[38;2;188;206;192;48;2;191;211;195m▀[38;2;189;209;194;48;2;195;214;198m▀[38;2;191;212;197;48;2;189;209;194m▌[38;2;187;212;199;48;2;184;157;134m▌[38;2;230;153;108;48;2;212;143;94m▌[38;2;182;187;168;48;2;191;215;200m▌[38;2;188;209;193;48;2;190;211;195m▌[38;2;187;209;194;48;2;191;211;195m▀[38;2;187;209;194;48;2;185;208;194m▞[38;2;177;201;189;48;2;201;154;122m▌[38;2;219;145;96;48;2;189;150;114m▌[38;2;179;204;192;48;2;189;210;195m▌[38;2;190;210;193;48;2;186;208;193m▌[38;2;186;207;192;48;2;189;209;192m▌[38;2;184;206;190;48;2;190;213;195m▌[38;2;175;187;170;48;2;214;148;109m▌[38;2;227;151;93;48;2;200;162;118m▌[38;2;189;214;200;48;2;179;184;164m▌[38;2;214;157;117;48;2;198;166;123m▌[38;2;224;207;169;48;2;238;225;188m▀[38;2;224;207;171;48;2;237;223;187m▀[38;2;230;213;176;48;2;184;165;120m▌[38;2;224;208;170;48;2;229;212;175m▌[38;2;233;217;178;48;2;182;165;132m▌[38;2;204;185;153;48;2;248;233;198m▌[38;2;234;214;176;48;2;236;219;184m▀[0m
       [38;2;248;247;236;48;2;245;239;222m▌[38;2;240;224;190;48;2;247;232;198m▌[38;2;230;213;180;48;2;108;101;86m▌[38;2;75;73;66;48;2;83;83;75m▝[38;2;77;77;69;48;2;72;70;64m▖[38;2;77;77;69;48;2;60;59;55m▌[38;2;64;57;44;48;2;225;207;166m▌[38;2;240;225;189;48;2;248;234;206m▀[38;2;234;218;182;48;2;245;232;201m▀[38;2;221;168;127;48;2;200;144;103m▌[38;2;208;228;207;48;2;204;177;145m▀[38;2;206;224;203;48;2;206;188;157m▀[38;2;201;214;194;48;2;207;199;169m▀[38;2;205;209;184;48;2;191;202;180m▌[38;2;193;156;127;48;2;226;155;106m▌[38;2;203;149;104;48;2;200;200;177m▌[38;2;198;179;151;48;2;221;235;211m▀[38;2;192;167;139;48;2;216;235;212m▀[38;2;193;162;133;48;2;215;233;211m▀[38;2;193;157;127;48;2;204;220;198m▀[38;2;201;138;95;48;2;216;153;111m▝[38;2;201;162;126;48;2;218;220;195m▛[38;2;203;169;134;48;2;218;209;180m▀[38;2;201;172;139;48;2;214;196;167m▀[38;2;196;172;140;48;2;214;186;155m▀[38;2;206;186;157;48;2;199;164;132m▌[38;2;227;155;112;48;2;214;143;95m▌[38;2;197;205;181;48;2;205;168;134m▝[38;2;196;203;180;48;2;212;165;128m▀[38;2;198;213;192;48;2;203;158;123m▀[38;2;199;217;197;48;2;197;156;122m▀[38;2;195;222;205;48;2;201;162;129m▘[38;2;227;148;104;48;2;207;139;91m▌[38;2;204;229;210;48;2;201;186;155m▝[38;2;202;223;204;48;2;200;187;156m▀[38;2;202;222;202;48;2;203;196;167m▀[38;2;195;216;199;48;2;203;204;177m▀[38;2;190;206;186;48;2;207;166;132m▌[38;2;229;159;107;48;2;204;164;122m▌[38;2;193;212;194;48;2;207;221;198m▀[38;2;194;211;191;48;2;211;225;200m▀[38;2;195;211;191;48;2;214;226;201m▀[38;2;195;212;192;48;2;217;230;203m▀[38;2;188;194;171;48;2;213;150;112m▌[38;2;211;145;93;48;2;211;167;121m▌[38;2;214;227;204;48;2;189;189;166m▌[38;2;215;146;105;48;2;196;162;122m▌[38;2;246;234;200;48;2;228;212;174m▀[38;2;250;237;202;48;2;229;212;175m▀[38;2;240;224;188;48;2;187;167;125m▌[38;2;250;236;200;48;2;233;217;181m▝[38;2;250;237;201;48;2;186;171;140m▌[38;2;197;179;146;48;2;251;235;199m▌[38;2;237;222;188;48;2;238;221;186m▀[0m
       [38;2;249;247;237;48;2;243;235;215m▌[38;2;236;221;188;48;2;242;230;200m▌[38;2;232;216;186;48;2;114;106;91m▌[38;2;82;83;77;48;2;75;74;67m▌[38;2;81;80;73;48;2;76;75;67m▀[38;2;83;83;74;48;2;62;61;56m▌[38;2;59;53;41;48;2;220;201;159m▌[38;2;249;234;199;48;2;240;222;183m▖[38;2;244;227;191;48;2;236;219;179m▖[38;2;221;162;120;48;2;201;142;99m▌[38;2;226;195;162;48;2;245;235;202m▀[38;2;219;183;149;48;2;248;238;206m▀[38;2;215;174;139;48;2;247;237;204m▀[38;2;203;160;126;48;2;241;231;200m▀[38;2;212;161;125;48;2;209;145;105m▖[38;2;197;145;105;48;2;227;206;178m▛[38;2;206;166;131;48;2;234;209;176m▀[38;2;205;170;136;48;2;227;195;163m▀[38;2;222;184;151;48;2;212;179;145m▖[38;2;212;185;153;48;2;202;159;126m▛[38;2;215;150;108;48;2;192;131;92m▛[38;2;236;232;201;48;2;206;159;122m▝[38;2;237;231;199;48;2;211;160;121m▀[38;2;237;235;205;48;2;211;163;126m▀[38;2;241;242;214;48;2;218;175;139m▀[38;2;243;251;223;48;2;214;181;150m▘[38;2;219;148;101;48;2;203;141;95m▛[38;2;242;244;216;48;2;223;200;166m▝[38;2;237;231;203;48;2;235;217;185m▀[38;2;237;225;195;48;2;243;232;200m▛[38;2;230;214;183;48;2;246;236;205m▀[38;2;239;228;199;48;2;212;168;134m▌[38;2;209;143;94;48;2;226;156;105m▝[38;2;222;183;148;48;2;242;235;204m▀[38;2;223;181;144;48;2;249;243;211m▀[38;2;218;174;137;48;2;248;240;209m▀[38;2;214;174;135;48;2;246;234;202m▀[38;2;234;222;193;48;2;212;165;126m▖[38;2;206;149;108;48;2;221;166;124m▀[38;2;215;170;131;48;2;235;211;179m▀[38;2;214;170;132;48;2;237;203;167m▀[38;2;210;171;134;48;2;233;192;155m▀[38;2;212;181;145;48;2;226;180;142m▀[38;2;196;159;128;48;2;215;149;109m▌[38;2;201;138;93;48;2;205;150;105m▌[38;2;215;197;166;48;2;204;152;114m▀[38;2;216;144;101;48;2;210;172;127m▌[38;2;234;220;182;48;2;247;235;200m▀[38;2;231;213;174;48;2;250;235;200m▀[38;2;239;222;183;48;2;185;165;120m▌[38;2;218;202;163;48;2;243;226;189m▀[38;2;242;227;187;48;2;173;158;129m▌[38;2;192;173;141;48;2;253;236;197m▌[38;2;240;224;187;48;2;239;223;187m▌[0m
       [38;2;249;247;237;48;2;244;238;220m▌[38;2;236;221;189;48;2;240;226;195m▌[38;2;225;209;179;48;2;111;102;86m▌[38;2;73;73;67;48;2;84;83;74m▌[38;2;84;84;76;48;2;82;82;73m▝[38;2;89;89;80;48;2;67;67;61m▌[38;2;52;47;38;48;2;207;188;148m▌[38;2;247;233;201;48;2;238;219;176m▀[38;2;246;232;200;48;2;233;217;178m▀[38;2;214;155;114;48;2;200;142;99m▌[38;2;244;225;190;48;2;247;214;175m▀[38;2;245;226;191;48;2;248;216;176m▀[38;2;246;228;193;48;2;248;214;175m▀[38;2;246;225;190;48;2;238;205;167m▛[38;2;218;161;123;48;2;216;148;105m▘[38;2;211;152;103;48;2;238;214;183m▌[38;2;250;239;205;48;2;244;214;178m▀[38;2;250;239;206;48;2;236;217;184m▀[38;2;247;236;204;48;2;238;224;192m▘[38;2;243;231;199;48;2;228;215;183m▌[38;2;217;156;117;48;2;214;145;95m▌[38;2;211;173;134;48;2;241;230;200m▌[38;2;234;212;178;48;2;244;231;197m▀[38;2;235;205;171;48;2;246;227;194m▀[38;2;231;196;161;48;2;249;218;183m▀[38;2;244;208;172;48;2;208;161;129m▌[38;2;198;134;94;48;2;214;143;99m▝[38;2;215;166;130;48;2;255;231;197m▛[38;2;214;160;121;48;2;250;216;182m▀[38;2;210;157;118;48;2;249;209;172m▀[38;2;207;155;118;48;2;242;196;159m▀[38;2;242;193;157;48;2;210;157;120m▖[38;2;225;154;111;48;2;203;136;91m▌[38;2;222;188;151;48;2;220;159;120m▀[38;2;230;204;167;48;2;224;166;125m▀[38;2;235;213;178;48;2;218;165;124m▀[38;2;240;221;187;48;2;216;164;126m▀[38;2;238;221;189;48;2;213;161;123m▘[38;2;225;170;127;48;2;209;155;114m▛[38;2;247;234;203;48;2;224;181;141m▀[38;2;250;237;204;48;2;232;192;150m▀[38;2;250;237;202;48;2;232;198;159m▀[38;2;252;240;205;48;2;235;204;164m▀[38;2;225;198;164;48;2;215;145;106m▌[38;2;219;148;93;48;2;221;165;114m▌[38;2;246;227;192;48;2;224;189;155m▌[38;2;221;147;103;48;2;204;168;123m▌[38;2;223;210;173;48;2;233;216;178m▌[38;2;235;219;182;48;2;222;206;167m▀[38;2;230;213;175;48;2;184;164;120m▌[38;2;237;221;184;48;2;212;195;156m▀[38;2;237;221;182;48;2;173;157;128m▌[38;2;198;180;147;48;2;252;236;197m▌[38;2;239;222;186;48;2;240;224;188m▝[0m
       [38;2;249;248;237;48;2;245;238;219m▌[38;2;239;221;183;48;2;246;230;193m▌[38;2;224;206;169;48;2;112;105;88m▌[38;2;78;78;71;48;2;88;88;79m▀[38;2;82;82;74;48;2;78;77;69m▞[38;2;79;79;71;48;2;62;60;55m▌[38;2;48;44;36;48;2;206;189;154m▌[38;2;252;238;203;48;2;243;229;195m▌[38;2;247;233;199;48;2;234;220;185m▌[38;2;203;144;105;48;2;191;126;88m▌[38;2;240;125;96;48;2;199;111;96m▀[38;2;244;130;101;48;2;191;117;103m▀[38;2;241;129;99;48;2;177;124;107m▀[38;2;234;122;95;48;2;167;110;96m▀[38;2;199;130;100;48;2;223;156;108m▌[38;2;202;142;97;48;2;200;172;147m▌[38;2;246;221;186;48;2;195;184;159m▀[38;2;250;236;202;48;2;202;188;162m▀[38;2;252;239;206;48;2;197;184;159m▀[38;2;242;229;195;48;2;182;171;148m▀[38;2;201;143;109;48;2;217;146;98m▌[38;2;255;246;213;48;2;205;177;143m▝[38;2;254;241;207;48;2;192;179;154m▀[38;2;253;240;206;48;2;207;193;167m▀[38;2;248;226;192;48;2;203;191;165m▀[38;2;224;199;170;48;2;195;154;126m▌[38;2;215;143;103;48;2;213;149;98m▌[38;2;253;141;115;48;2;206;132;107m▝[38;2;247;134;108;48;2;185;111;98m▀[38;2;243;139;113;48;2;179;132;114m▀[38;2;245;136;110;48;2;181;132;113m▀[38;2;245;135;111;48;2;190;128;105m▘[38;2;228;155;109;48;2;216;147;94m▌[38;2;241;125;102;48;2;169;93;80m▀[38;2;253;132;109;48;2;157;65;58m▀[38;2;249;128;105;48;2;158;93;82m▀[38;2;246;125;101;48;2;148;93;81m▀[38;2;135;75;68;48;2;208;120;94m▖[38;2;229;166;118;48;2;211;135;96m▌[38;2;223;112;85;48;2;143;88;79m▀[38;2;223;115;84;48;2;121;74;65m▀[38;2;217;114;81;48;2;128;84;72m▀[38;2;213;122;88;48;2;117;74;63m▀[38;2;108;68;58;48;2;203;132;95m▖[38;2;209;141;95;48;2;189;122;80m▛[38;2;213;142;101;48;2;114;77;64m▀[38;2;219;144;102;48;2;201;163;118m▌[38;2;252;237;203;48;2;237;224;188m▝[38;2;249;234;198;48;2;243;228;192m▀[38;2;246;230;193;48;2;189;171;129m▌[38;2;236;220;183;48;2;245;229;192m▌[38;2;253;239;199;48;2;179;162;133m▌[38;2;196;179;147;48;2;252;236;197m▌[38;2;239;223;187;48;2;239;224;190m▛[0m
       [38;2;249;248;237;48;2;245;239;220m▌[38;2;240;224;188;48;2;250;234;197m▌[38;2;216;200;165;48;2;91;85;72m▌[38;2;86;87;79;48;2;75;75;67m▌[38;2;80;80;73;48;2;75;74;67m▀[38;2;86;85;77;48;2;65;65;59m▌[38;2;47;42;35;48;2;204;186;150m▌[38;2;234;217;177;48;2;248;233;198m▝[38;2;218;203;166;48;2;239;224;189m▝[38;2;202;144;106;48;2;180;128;91m▌[38;2;147;142;123;48;2;135;123;104m▛[38;2;142;141;122;48;2;135;122;105m▀[38;2;145;141;122;48;2;141;128;110m▀[38;2;146;144;125;48;2;129;122;106m▘[38;2;182;132;102;48;2;225;152;105m▌[38;2;191;138;96;48;2;127;120;106m▌[38;2;133;123;107;48;2;118;110;95m▛[38;2;143;132;116;48;2;123;115;100m▝[38;2;119;111;98;48;2;143;133;117m▖[38;2;142;133;116;48;2;115;106;92m▀[38;2;191;134;102;48;2;222;149;100m▌[38;2;163;124;93;48;2;123;118;105m▌[38;2;139;128;111;48;2;122;113;96m▀[38;2;131;122;106;48;2;108;100;86m▛[38;2;129;119;103;48;2;110;102;88m▛[38;2;118;111;97;48;2;138;116;96m▌[38;2;217;146;106;48;2;214;144;92m▌[38;2;142;135;114;48;2;131;114;95m▀[38;2;139;139;121;48;2;121;111;96m▀[38;2;138;135;116;48;2;112;106;90m▝[38;2;112;102;88;48;2;123;118;101m▖[38;2;130;126;109;48;2;170;130;102m▌[38;2;237;162;115;48;2;220;151;98m▌[38;2;130;127;107;48;2;154;139;119m▀[38;2;124;125;108;48;2;149;137;118m▀[38;2;126;125;109;48;2;139;132;114m▝[38;2;108;109;93;48;2;147;135;116m▀[38;2;121;116;100;48;2;188;143;110m▌[38;2;242;170;117;48;2;196;146;104m▌[38;2;117;118;102;48;2;144;134;115m▘[38;2;164;150;129;48;2;151;143;122m▖[38;2;150;144;124;48;2;145;132;113m▀[38;2;117;114;98;48;2;139;127;109m▀[38;2;128;114;97;48;2;212;147;108m▌[38;2;228;158;101;48;2;197;147;100m▌[38;2;91;85;75;48;2;114;104;88m▖[38;2;226;153;111;48;2;196;160;116m▌[38;2;220;204;165;48;2;244;231;196m▀[38;2;222;205;166;48;2;244;230;194m▀[38;2;227;212;174;48;2;175;159;119m▌[38;2;208;192;156;48;2;229;213;177m▀[38;2;234;219;183;48;2;159;144;119m▌[38;2;197;181;149;48;2;252;235;198m▌[38;2;239;224;189;48;2;238;223;188m▞[0m
       [38;2;249;248;237;48;2;244;237;215m▌[38;2;240;225;188;48;2;251;237;202m▌[38;2;210;197;164;48;2;81;76;64m▌[38;2;73;72;65;48;2;78;78;70m▘[38;2;86;86;77;48;2;75;74;67m▀[38;2;91;92;83;48;2;60;61;56m▌[38;2;62;54;43;48;2;221;200;157m▌[38;2;244;229;194;48;2;236;219;181m▀[38;2;247;234;199;48;2;228;213;178m▘[38;2;202;148;111;48;2;181;127;89m▌[38;2;162;149;128;48;2;178;163;142m▀[38;2;154;142;123;48;2;173;160;139m▀[38;2;147;136;117;48;2;178;164;142m▀[38;2;184;169;146;48;2;144;135;117m▖[38;2;191;135;104;48;2;222;151;105m▌[38;2;189;137;93;48;2;137;128;113m▌[38;2;138;128;110;48;2;165;153;132m▀[38;2;135;126;110;48;2;155;144;125m▀[38;2;140;130;113;48;2;157;145;125m▀[38;2;134;125;108;48;2;154;141;121m▛[38;2;199;140;106;48;2;217;147;100m▌[38;2;170;132;102;48;2;146;139;124m▌[38;2;128;119;102;48;2;150;139;120m▖[38;2;125;116;100;48;2;148;137;118m▖[38;2;152;141;122;48;2;162;149;129m▛[38;2;151;141;123;48;2;151;129;110m▌[38;2;214;145;106;48;2;213;144;92m▌[38;2;161;140;115;48;2;134;128;114m▛[38;2;128;119;103;48;2;106;99;86m▌[38;2;107;100;86;48;2;94;88;75m▀[38;2;94;88;76;48;2;109;101;87m▌[38;2;104;99;85;48;2;162;122;96m▌[38;2;233;158;113;48;2;219;153;98m▌[38;2;138;119;97;48;2;94;89;77m▌[38;2;109;102;88;48;2;106;98;84m▀[38;2;107;100;85;48;2;92;85;73m▞[38;2;137;127;110;48;2;116;107;91m▀[38;2;121;114;99;48;2;182;135;105m▌[38;2;232;158;106;48;2;199;144;98m▌[38;2;127;119;105;48;2;140;129;111m▘[38;2;133;122;104;48;2;122;114;98m▌[38;2;135;126;109;48;2;117;108;92m▖[38;2;104;96;82;48;2;118;112;97m▛[38;2;119;106;90;48;2;211;146;108m▌[38;2;229;155;99;48;2;187;135;91m▌[38;2;104;100;89;48;2;135;117;98m▌[38;2;227;155;112;48;2;204;164;119m▌[38;2;245;232;197;48;2;220;205;167m▀[38;2;249;235;200;48;2;223;208;172m▀[38;2;237;222;184;48;2;181;165;125m▌[38;2;213;200;164;48;2;238;223;187m▖[38;2;249;236;197;48;2;166;150;125m▌[38;2;197;181;149;48;2;251;233;192m▌[38;2;239;223;186;48;2;239;222;185m▀[0m
       [38;2;249;248;238;48;2;244;236;215m▌[38;2;240;224;189;48;2;249;235;200m▌[38;2;219;204;170;48;2;125;116;97m▌[38;2;73;73;65;48;2;87;88;79m▝[38;2;81;81;73;48;2;73;73;65m▞[38;2;82;82;73;48;2;58;58;53m▌[38;2;61;54;43;48;2;223;202;160m▌[38;2;254;241;209;48;2;243;227;192m▘[38;2;246;232;197;48;2;234;219;185m▌[38;2;214;154;113;48;2;188;131;90m▌[38;2;165;151;131;48;2;149;138;120m▘[38;2;152;142;122;48;2;135;125;107m▞[38;2;151;139;120;48;2;114;104;88m▀[38;2;157;145;126;48;2;106;98;84m▀[38;2;196;137;105;48;2;224;153;107m▌[38;2;175;137;102;48;2;103;96;84m▛[38;2;155;143;124;48;2;116;107;91m▀[38;2;160;148;129;48;2;119;109;94m▀[38;2;141;129;111;48;2;161;148;128m▖[38;2;155;141;121;48;2;162;148;128m▝[38;2;209;147;112;48;2;220;148;99m▌[38;2;172;133;100;48;2;133;126;112m▌[38;2;153;140;121;48;2;159;146;126m▛[38;2;133;123;105;48;2;155;143;123m▖[38;2;151;139;120;48;2;169;156;135m▀[38;2;157;142;122;48;2;152;130;109m▛[38;2;218;150;112;48;2;218;149;94m▌[38;2;159;129;100;48;2;140;133;119m▌[38;2;133;124;107;48;2;146;135;117m▀[38;2;127;118;102;48;2;152;142;124m▀[38;2;144;133;115;48;2;161;149;130m▛[38;2;151;143;124;48;2;182;142;114m▌[38;2;231;155;110;48;2;216;146;92m▌[38;2;128;121;105;48;2;153;136;115m▝[38;2;128;119;103;48;2;148;138;119m▀[38;2;135;126;109;48;2;139;130;112m▝[38;2;140;131;113;48;2;150;139;120m▌[38;2;142;135;119;48;2;184;137;109m▌[38;2;229;159;107;48;2;206;152;105m▌[38;2;151;141;123;48;2;144;134;116m▛[38;2;145;134;116;48;2;158;148;128m▛[38;2;123;115;99;48;2;131;123;106m▀[38;2;121;114;98;48;2;141;132;114m▀[38;2;134;122;106;48;2;208;146;109m▌[38;2;228;153;98;48;2;195;137;91m▌[38;2;118;107;93;48;2;132;121;105m▀[38;2;220;142;100;48;2;203;161;113m▌[38;2;226;214;178;48;2;243;229;194m▘[38;2;230;215;179;48;2;249;235;199m▀[38;2;235;218;182;48;2;178;163;124m▌[38;2;211;196;160;48;2;243;228;191m▀[38;2;238;224;186;48;2;155;140;116m▌[38;2;198;183;152;48;2;253;237;199m▌[38;2;240;224;189;48;2;239;223;187m▌[0m
       [38;2;249;248;237;48;2;243;235;214m▌[38;2;240;224;189;48;2;249;233;198m▌[38;2;220;205;171;48;2;101;95;79m▌[38;2;87;89;81;48;2;80;80;72m▘[38;2;82;81;73;48;2;74;73;65m▛[38;2;87;87;78;48;2;56;57;53m▌[38;2;81;71;54;48;2;239;218;174m▌[38;2;239;223;185;48;2;249;236;204m▀[38;2;252;238;205;48;2;234;219;183m▖[38;2;215;154;113;48;2;193;134;92m▌[38;2;144;134;115;48;2;132;122;105m▖[38;2;162;150;129;48;2;144;132;113m▝[38;2;153;141;122;48;2;148;136;117m▞[38;2;136;124;108;48;2;151;139;121m▝[38;2;207;146;111;48;2;230;158;108m▌[38;2;193;138;93;48;2;123;114;101m▌[38;2;122;112;96;48;2;141;131;113m▀[38;2;110;102;87;48;2;132;121;104m▀[38;2;105;96;81;48;2;119;109;95m▀[38;2;116;104;89;48;2;122;113;97m▝[38;2;205;146;113;48;2;232;160;108m▌[38;2;167;128;94;48;2;105;101;90m▌[38;2;120;110;94;48;2;127;117;101m▀[38;2;105;97;82;48;2;128;120;103m▀[38;2;107;99;85;48;2;125;117;100m▀[38;2;109;95;81;48;2;140;126;107m▀[38;2;217;151;113;48;2;219;152;101m▌[38;2;73;72;65;48;2;134;114;92m▝[38;2;101;94;81;48;2;122;115;97m▀[38;2;101;95;81;48;2;117;110;93m▀[38;2;97;90;78;48;2;111;104;88m▘[38;2;105;101;88;48;2;160;121;95m▌[38;2;235;162;117;48;2;215;152;100m▌[38;2;108;98;82;48;2;125;114;96m▀[38;2;125;117;101;48;2;108;102;87m▖[38;2;92;86;74;48;2;108;101;87m▘[38;2;103;97;82;48;2;121;113;98m▛[38;2;106;101;88;48;2;173;125;97m▌[38;2;233;162;112;48;2;194;142;97m▌[38;2;101;94;82;48;2;120;112;95m▛[38;2;106;98;84;48;2;124;116;99m▘[38;2;104;97;84;48;2;132;124;105m▀[38;2;98;92;78;48;2;125;117;100m▀[38;2;114;104;91;48;2;201;140;104m▌[38;2;225;154;101;48;2;193;135;89m▌[38;2;95;86;75;48;2;130;119;104m▀[38;2;219;143;100;48;2;195;153;106m▌[38;2;211;199;162;48;2;228;214;178m▖[38;2;237;223;188;48;2;218;202;166m▀[38;2;228;212;174;48;2;178;161;120m▌[38;2;239;224;188;48;2;211;195;158m▀[38;2;239;223;185;48;2;168;150;123m▌[38;2;206;190;157;48;2;251;235;198m▌[38;2;241;226;191;48;2;239;223;189m▘[0m
       [38;2;249;247;237;48;2;243;235;214m▌[38;2;240;224;188;48;2;249;234;199m▌[38;2;219;203;169;48;2;98;91;76m▌[38;2;71;70;65;48;2;80;80;73m▘[38;2;84;84;75;48;2;75;74;67m▀[38;2;90;91;81;48;2;60;60;55m▌[38;2;79;70;57;48;2;231;211;171m▌[38;2;240;224;187;48;2;236;219;180m▛[38;2;245;229;194;48;2;234;218;181m▘[38;2;216;150;108;48;2;206;141;96m▌[38;2;130;119;102;48;2;149;139;117m▀[38;2;133;122;104;48;2;144;134;112m▀[38;2;145;133;115;48;2;151;141;119m▀[38;2;154;144;124;48;2;145;135;116m▌[38;2;203;144;108;48;2;225;150;103m▌[38;2;197;139;96;48;2;140;132;115m▌[38;2;151;141;123;48;2;136;129;107m▀[38;2;140;133;110;48;2;151;141;120m▖[38;2;155;146;122;48;2;148;138;118m▖[38;2;144;134;115;48;2;155;145;122m▀[38;2;206;152;113;48;2;226;199;165m▛[38;2;178;156;128;48;2;233;220;187m▀[38;2;190;178;151;48;2;157;146;124m▖[38;2;163;152;131;48;2;150;143;117m▀[38;2;162;151;129;48;2;154;146;120m▘[38;2;157;150;125;48;2;144;128;106m▌[38;2;207;146;109;48;2;209;144;97m▌[38;2;165;134;102;48;2;148;144;122m▌[38;2;155;146;122;48;2;148;143;115m▛[38;2;158;148;126;48;2;151;146;117m▀[38;2;153;143;121;48;2;154;148;118m▀[38;2;149;146;120;48;2;182;143;112m▌[38;2;229;159;115;48;2;206;144;93m▌[38;2;153;136;108;48;2;156;151;125m▌[38;2;149;142;117;48;2;156;151;119m▛[38;2;146;137;116;48;2;151;145;117m▝[38;2;127;120;100;48;2;156;150;120m▘[38;2;146;142;118;48;2;176;134;104m▌[38;2;225;157;110;48;2;196;146;98m▌[38;2;133;134;104;48;2;150;143;118m▖[38;2;161;151;127;48;2;143;142;111m▀[38;2;162;153;127;48;2;139;136;108m▘[38;2;120;112;94;48;2;143;140;110m▘[38;2;132;125;101;48;2;198;137;101m▌[38;2;223;153;99;48;2;193;142;93m▌[38;2;134;133;109;48;2;139;128;103m▌[38;2;222;156;113;48;2;200;162;116m▌[38;2;228;216;179;48;2;250;234;199m▌[38;2;247;232;197;48;2;246;230;194m▘[38;2;247;229;192;48;2;184;164;120m▌[38;2;234;218;181;48;2;249;233;196m▛[38;2;249;234;196;48;2;163;146;121m▌[38;2;205;189;157;48;2;250;234;198m▌[38;2;240;224;189;48;2;236;221;186m▌[0m
       [38;2;249;247;237;48;2;243;234;212m▌[38;2;239;224;189;48;2;251;236;201m▌[38;2;204;189;158;48;2;99;94;81m▌[38;2;78;78;71;48;2;87;88;79m▀[38;2;77;76;68;48;2;86;85;76m▀[38;2;79;79;71;48;2;56;56;52m▌[38;2;70;60;50;48;2;226;201;164m▌[38;2;252;240;208;48;2;231;207;170m▀[38;2;247;233;200;48;2;233;217;183m▀[38;2;214;150;109;48;2;196;137;97m▌[38;2;157;159;124;48;2;151;145;107m▀[38;2;160;158;123;48;2;136;147;103m▀[38;2;156;153;119;48;2;120;140;95m▀[38;2;150;147;115;48;2;112;138;92m▀[38;2;182;134;97;48;2;224;148;100m▌[38;2;172;136;98;48;2;197;189;162m▛[38;2;190;180;149;48;2;252;237;203m▀[38;2;231;217;184;48;2;249;235;201m▀[38;2;234;221;188;48;2;248;235;201m▀[38;2;236;223;190;48;2;247;233;200m▀[38;2;250;238;204;48;2;243;231;198m▞[38;2;244;231;197;48;2;248;235;201m▞[38;2;252;239;205;48;2;221;208;176m▌[38;2;160;153;124;48;2;135;148;104m▘[38;2;144;150;110;48;2;125;149;98m▀[38;2;152;160;118;48;2;127;139;94m▘[38;2;207;147;109;48;2;216;148;99m▌[38;2;163;142;101;48;2;124;143;102m▌[38;2;135;140;104;48;2;113;134;88m▀[38;2;132;139;101;48;2;114;136;89m▀[38;2;135;141;102;48;2;107;127;83m▀[38;2;108;137;88;48;2;152;140;100m▖[38;2;227;153;111;48;2;208;146;94m▌[38;2;134;135;92;48;2;128;149;102m▌[38;2;138;147;105;48;2;118;146;93m▀[38;2;141;149;106;48;2;118;147;94m▀[38;2;134;144;100;48;2;107;140;87m▀[38;2;113;137;91;48;2;169;136;99m▌[38;2;190;141;94;48;2;219;155;106m▝[38;2;139;140;105;48;2;225;200;140m▀[38;2;155;155;106;48;2;248;216;146m▀[38;2;145;150;104;48;2;246;221;150m▀[38;2;186;182;121;48;2;133;146;99m▖[38;2;126;128;90;48;2;201;144;107m▌[38;2;223;160;106;48;2;205;156;102m▌[38;2;129;123;91;48;2;152;135;101m▀[38;2;222;153;111;48;2;201;163;117m▌[38;2;217;201;161;48;2;239;225;190m▀[38;2;221;203;164;48;2;240;224;187m▀[38;2;228;211;172;48;2;178;158;115m▌[38;2;215;198;160;48;2;224;207;171m▌[38;2;229;212;174;48;2;157;140;114m▌[38;2;212;196;162;48;2;248;232;195m▌[38;2;241;225;190;48;2;237;221;186m▘[0m
       [38;2;249;247;237;48;2;242;233;210m▌[38;2;239;224;189;48;2;250;237;202m▌[38;2;202;188;157;48;2;85;81;69m▌[38;2;89;90;81;48;2;73;73;67m▘[38;2;75;74;66;48;2;80;81;73m▝[38;2;85;84;76;48;2;59;60;54m▌[38;2;73;55;47;48;2;236;172;128m▌[38;2;231;166;119;48;2;244;177;131m▀[38;2;219;160;118;48;2;240;168;122m▀[38;2;209;145;105;48;2;193;131;90m▌[38;2;233;158;114;48;2;242;164;117m▛[38;2;219;154;111;48;2;245;166;118m▀[38;2;193;148;106;48;2;249;170;122m▀[38;2;162;134;93;48;2;249;162;114m▀[38;2;206;145;105;48;2;228;203;170m▛[38;2;253;241;207;48;2;241;226;191m▞[38;2;245;231;198;48;2;246;232;198m▝[38;2;245;231;198;48;2;246;233;199m▌[38;2;236;222;189;48;2;246;232;198m▝[38;2;217;203;171;48;2;241;227;193m▝[38;2;211;197;167;48;2;245;233;199m▖[38;2;242;227;194;48;2;136;150;110m▛[38;2;156;163;122;48;2;96;134;81m▘[38;2;116;150;92;48;2;97;143;85m▀[38;2;110;143;89;48;2;98;142;83m▀[38;2;105;141;86;48;2;110;133;82m▌[38;2;208;156;112;48;2;227;155;103m▌[38;2;97;129;83;48;2;155;138;99m▝[38;2;101;128;81;48;2;149;142;104m▀[38;2;118;130;90;48;2;99;130;81m▖[38;2;107;141;88;48;2;101;136;82m▘[38;2;98;139;84;48;2;145;147;92m▌[38;2;226;154;110;48;2;210;146;93m▌[38;2;127;142;87;48;2;95;138;83m▌[38;2;108;140;87;48;2;101;146;85m▀[38;2;115;151;95;48;2;166;167;111m▀[38;2;144;163;104;48;2;200;183;128m▘[38;2;210;194;132;48;2;200;152;110m▌[38;2;222;158;108;48;2;203;149;95m▛[38;2;243;222;158;48;2;198;180;129m▀[38;2;179;183;120;48;2;84;118;67m▀[38;2;137;158;97;48;2;75;114;65m▀[38;2;96;124;73;48;2;84;123;72m▀[38;2;88;116;70;48;2;191;139;98m▌[38;2;218;146;96;48;2;201;145;93m▌[38;2;98;115;74;48;2;123;98;79m▀[38;2;219;149;107;48;2;201;161;117m▌[38;2;216;202;163;48;2;238;224;187m▖[38;2;248;233;196;48;2;229;213;176m▀[38;2;240;225;189;48;2;189;171;129m▌[38;2;229;215;178;48;2;245;230;194m▌[38;2;253;238;201;48;2;167;151;124m▌[38;2;205;190;158;48;2;246;230;195m▌[38;2;237;221;186;48;2;233;218;184m▌[0m
       [38;2;248;247;237;48;2;242;232;208m▌[38;2;239;223;188;48;2;251;237;202m▌[38;2;189;174;146;48;2;81;76;65m▌[38;2;73;73;66;48;2;78;78;70m▘[38;2;84;84;75;48;2;75;74;67m▀[38;2;86;85;77;48;2;55;56;52m▌[38;2;85;64;54;48;2;223;152;111m▌[38;2;225;154;111;48;2;225;156;113m▌[38;2;235;165;120;48;2;222;153;110m▘[38;2;205;137;97;48;2;194;127;85m▌[38;2;238;159;114;48;2;202;134;92m▀[38;2;245;169;122;48;2;208;143;100m▀[38;2;242;163;116;48;2;219;146;102m▀[38;2;231;159;114;48;2;241;164;116m▖[38;2;229;155;109;48;2;224;195;163m▌[38;2;249;237;203;48;2;239;227;195m▛[38;2;253;238;202;48;2;207;195;168m▀[38;2;235;222;189;48;2;248;234;200m▖[38;2;246;233;199;48;2;243;229;196m▛[38;2;239;225;192;48;2;217;177;141m▛[38;2;216;193;161;48;2;236;164;119m▀[38;2;189;151;111;48;2;247;170;123m▀[38;2;165;147;97;48;2;251;168;123m▀[38;2;134;142;89;48;2;245;168;123m▀[38;2;134;148;98;48;2;238;166;123m▀[38;2;157;145;108;48;2;223;162;120m▀[38;2;216;147;93;48;2;218;150;108m▝[38;2;185;144;103;48;2;181;160;122m▌[38;2;180;164;122;48;2;228;198;140m▀[38;2;200;179;129;48;2;248;223;152m▀[38;2;202;185;126;48;2;253;230;157m▀[38;2;251;233;164;48;2;197;164;114m▖[38;2;224;149;105;48;2;216;147;91m▌[38;2;193;196;134;48;2;210;193;131m▝[38;2;127;153;98;48;2;208;192;131m▀[38;2;96;109;77;48;2;166;151;121m▘[38;2;179;166;141;48;2;136;124;106m▀[38;2;119;114;99;48;2;165;122;95m▌[38;2;229;154;104;48;2;199;147;101m▌[38;2;127;128;105;48;2;110;123;85m▌[38;2;93;128;80;48;2;138;119;89m▀[38;2;101;118;78;48;2;150;108;88m▀[38;2;138;124;92;48;2;170;117;94m▀[38;2;149;109;88;48;2;199;137;102m▌[38;2;225;153;101;48;2;202;140;92m▌[38;2;161;116;95;48;2;155;112;90m▘[38;2;220;155;113;48;2;208;168;121m▌[38;2;219;206;169;48;2;240;225;189m▘[38;2;226;211;173;48;2;247;231;195m▀[38;2;233;217;181;48;2;187;169;128m▌[38;2;210;193;154;48;2;236;220;181m▀[38;2;233;217;178;48;2;152;136;110m▌[38;2;199;184;153;48;2;247;232;196m▌[38;2;235;219;185;48;2;237;222;187m▝[0m
       [38;2;248;247;237;48;2;241;231;205m▌[38;2;237;221;186;48;2;252;237;201m▌[38;2;176;162;136;48;2;80;76;67m▌[38;2;91;91;82;48;2;78;78;71m▖[38;2;69;69;62;48;2;78;77;70m▝[38;2;74;73;66;48;2;57;56;51m▌[38;2;50;46;42;48;2;92;84;74m▌[38;2;133;104;85;48;2;69;74;70m▀[38;2;167;123;95;48;2;63;68;64m▀[38;2;204;138;101;48;2;70;69;65m▀[38;2;229;155;110;48;2;99;85;73m▀[38;2;229;155;108;48;2;142;110;88m▀[38;2;214;142;96;48;2;182;130;99m▀[38;2;203;136;93;48;2;214;147;107m▀[38;2;203;137;94;48;2;233;159;113m▀[38;2;184;146;112;48;2;232;150;101m▀[38;2;159;130;105;48;2;229;152;101m▀[38;2;237;178;135;48;2;212;146;101m▝[38;2;236;175;133;48;2;206;139;94m▀[38;2;241;170;124;48;2;211;145;101m▀[38;2;247;173;126;48;2;224;158;111m▀[38;2;242;173;126;48;2;238;168;121m▀[38;2;240;171;124;48;2;245;175;126m▀[38;2;241;173;127;48;2;247;175;127m▀[38;2;242;171;123;48;2;245;173;125m▀[38;2;244;170;123;48;2;241;167;121m▛[38;2;242;166;118;48;2;242;169;122m▌[38;2;245;166;118;48;2;240;166;119m▀[38;2;240;171;123;48;2;243;170;122m▞[38;2;236;172;123;48;2;244;175;127m▀[38;2;235;179;126;48;2;243;172;126m▀[38;2;219;159;113;48;2;238;172;123m▝[38;2;216;147;101;48;2;239;164;117m▀[38;2;109;126;77;48;2;233;162;117m▀[38;2;99;132;77;48;2;205;154;108m▀[38;2;109;138;83;48;2;173;141;97m▀[38;2;108;125;84;48;2;159;121;88m▀[38;2;102;104;78;48;2;166;117;90m▘[38;2;229;155;105;48;2;197;138;91m▌[38;2;154;109;89;48;2;141;104;85m▝[38;2;158;110;89;48;2;141;104;84m▀[38;2;160;115;91;48;2;143;105;86m▀[38;2;158;114;92;48;2;167;121;96m▖[38;2;153;112;90;48;2;197;138;104m▌[38;2;221;150;99;48;2;200;140;91m▌[38;2;156;116;95;48;2;159;115;91m▌[38;2;224;154;111;48;2;205;161;112m▌[38;2;246;230;194;48;2;221;204;162m▝[38;2;244;229;193;48;2;222;204;163m▀[38;2;234;218;181;48;2;184;165;125m▌[38;2;247;230;193;48;2;226;210;172m▝[38;2;248;231;192;48;2;151;136;111m▌[38;2;199;183;152;48;2;249;234;197m▌[38;2;239;223;186;48;2;238;223;188m▌[0m
       [38;2;248;247;236;48;2;239;229;204m▌[38;2;235;218;182;48;2;251;235;199m▌[38;2;180;166;140;48;2;69;66;58m▌[38;2;85;86;77;48;2;72;71;64m▘[38;2;73;71;66;48;2;79;78;72m▀[38;2;84;85;76;48;2;58;57;51m▌[38;2;47;44;41;48;2;80;79;73m▌[38;2;81;79;73;48;2;76;76;71m▀[38;2;77;77;71;48;2;71;72;67m▛[38;2;69;69;65;48;2;73;73;69m▝[38;2;67;69;66;48;2;76;76;70m▀[38;2;64;69;66;48;2;75;74;68m▀[38;2;61;65;63;48;2;73;73;68m▀[38;2;80;75;68;48;2;70;71;67m▝[38;2;106;89;76;48;2;68;73;69m▀[38;2;150;113;90;48;2;63;69;66m▀[38;2;191;135;102;48;2;67;70;67m▀[38;2;220;151;110;48;2;81;78;71m▀[38;2;232;157;110;48;2;113;95;80m▀[38;2;228;154;106;48;2;152;117;92m▀[38;2;220;149;100;48;2;193;139;105m▀[38;2;209;140;95;48;2;224;159;118m▀[38;2;206;139;94;48;2;237;162;114m▀[38;2;211;143;98;48;2;230;154;106m▀[38;2;220;149;103;48;2;207;146;101m▛[38;2;233;164;118;48;2;201;142;96m▀[38;2;245;173;125;48;2;202;142;98m▀[38;2;247;173;125;48;2;210;148;104m▀[38;2;245;173;125;48;2;224;158;112m▀[38;2;244;175;126;48;2;236;165;117m▀[38;2;243;179;130;48;2;244;172;124m▀[38;2;242;174;124;48;2;247;178;129m▀[38;2;241;169;120;48;2;245;172;123m▀[38;2;245;171;124;48;2;241;168;119m▝[38;2;248;170;122;48;2;238;163;116m▀[38;2;250;170;123;48;2;237;163;116m▀[38;2;249;168;120;48;2;241;165;116m▘[38;2;235;161;114;48;2;244;168;119m▀[38;2;226;157;112;48;2;247;171;121m▀[38;2;204;142;104;48;2;249;168;115m▀[38;2;188;132;99;48;2;244;167;116m▀[38;2;159;112;87;48;2;234;166;120m▀[38;2;159;114;91;48;2;229;156;110m▀[38;2;149;108;87;48;2;201;141;105m▘[38;2;206;139;87;48;2;234;206;166m▀[38;2;161;118;94;48;2;235;213;177m▀[38;2;227;157;113;48;2;208;164;116m▌[38;2;226;210;167;48;2;242;225;184m▘[38;2;239;220;179;48;2;246;229;192m▀[38;2;242;225;189;48;2;194;173;132m▌[38;2;224;206;168;48;2;246;229;193m▛[38;2;239;222;183;48;2;153;137;110m▌[38;2;199;182;150;48;2;249;233;195m▌[38;2;237;221;187;48;2;237;221;184m▝[0m
       [38;2;247;246;235;48;2;238;228;203m▌[38;2;235;219;184;48;2;250;234;199m▌[38;2;180;166;141;48;2;63;59;53m▌[38;2;80;80;73;48;2;71;70;64m▞[38;2;68;68;61;48;2;74;73;66m▞[38;2;79;79;71;48;2;51;49;45m▌[38;2;45;43;40;48;2;79;78;71m▌[38;2;71;72;66;48;2;85;84;76m▞[38;2;61;62;60;48;2;145;138;120m▀[38;2;71;72;67;48;2;193;182;155m▀[38;2;69;71;67;48;2;116;112;98m▀[38;2;69;70;65;48;2;73;73;68m▞[38;2;71;72;67;48;2;76;77;72m▛[38;2;74;75;69;48;2;77;77;72m▀[38;2;77;78;71;48;2;73;73;68m▛[38;2;75;75;70;48;2;80;80;74m▛[38;2;78;78;72;48;2;82;83;76m▀[38;2;74;75;71;48;2;83;84;77m▀[38;2;67;71;68;48;2;78;77;71m▀[38;2;65;70;66;48;2;77;76;70m▀[38;2;67;71;66;48;2;79;79;72m▀[38;2;89;81;72;48;2;74;75;69m▝[38;2;117;97;81;48;2;63;68;65m▀[38;2;161;120;94;48;2;61;67;64m▀[38;2;205;149;113;48;2;69;71;67m▀[38;2;231;164;120;48;2;89;82;73m▀[38;2;235;161;115;48;2;123;100;83m▀[38;2;227;154;107;48;2;168;125;97m▀[38;2;201;145;111;48;2;216;147;103m▖[38;2;203;137;93;48;2;230;158;115m▀[38;2;203;138;92;48;2;236;160;112m▀[38;2;202;139;96;48;2;222;152;106m▘[38;2;229;159;112;48;2;218;150;104m▝[38;2;235;163;115;48;2;205;137;92m▀[38;2;243;172;124;48;2;202;137;93m▀[38;2;246;175;127;48;2;206;143;101m▀[38;2;237;169;121;48;2;207;196;168m▀[38;2;230;175;131;48;2;204;210;186m▀[38;2;222;181;142;48;2;205;214;190m▀[38;2;208;179;145;48;2;198;211;189m▀[38;2;207;188;157;48;2;210;221;195m▀[38;2;215;210;181;48;2;210;216;190m▀[38;2;207;184;152;48;2;207;211;185m▀[38;2;123;132;126;48;2;205;188;157m▝[38;2;149;160;151;48;2;98;113;119m▀[38;2;179;174;155;48;2;114;132;132m▀[38;2;220;152;111;48;2;204;146;105m▌[38;2;218;201;166;48;2;221;158;114m▀[38;2;229;214;179;48;2;208;162;119m▀[38;2;240;228;192;48;2;195;165;122m▘[38;2;239;224;186;48;2;199;175;137m▀[38;2;235;217;178;48;2;151;135;108m▌[38;2;202;184;151;48;2;247;230;192m▌[38;2;237;220;183;48;2;236;218;182m▘[0m
       [38;2;247;246;234;48;2;239;228;201m▌[38;2;235;219;184;48;2;251;235;199m▌[38;2;180;166;140;48;2;71;70;62m▌[38;2;85;85;77;48;2;72;71;64m▛[38;2;64;62;56;48;2;76;76;68m▝[38;2;74;73;65;48;2;55;53;48m▌[38;2;44;42;38;48;2;123;118;101m▌[38;2;122;116;101;48;2;95;92;81m▀[38;2;146;139;119;48;2;64;65;60m▛[38;2;194;182;155;48;2;73;72;66m▀[38;2;199;187;160;48;2;71;72;67m▀[38;2;105;102;90;48;2;74;75;69m▘[38;2;78;79;73;48;2;75;76;71m▀[38;2;76;77;71;48;2;73;74;69m▘[38;2;73;74;69;48;2;76;78;72m▘[38;2;74;76;71;48;2;78;79;74m▖[38;2;74;75;69;48;2;92;92;83m▀[38;2;87;87;79;48;2;79;80;75m▖[38;2;80;81;75;48;2;74;76;71m▘[38;2;75;76;71;48;2;72;73;67m▖[38;2;73;74;68;48;2;70;70;65m▀[38;2;77;78;72;48;2;72;73;67m▀[38;2;80;81;74;48;2;73;74;68m▀[38;2;78;78;72;48;2;73;75;69m▀[38;2;74;75;69;48;2;76;76;70m▞[38;2;71;74;69;48;2;76;76;70m▀[38;2;67;72;68;48;2;75;75;69m▀[38;2;63;68;66;48;2;75;75;69m▀[38;2;68;71;66;48;2;73;73;68m▘[38;2;92;81;72;48;2;70;73;69m▀[38;2;128;102;84;48;2;63;69;65m▀[38;2;170;125;96;48;2;60;65;62m▀[38;2;210;150;113;48;2;68;69;64m▀[38;2;234;163;119;48;2;94;83;72m▀[38;2;234;160;115;48;2;133;104;85m▀[38;2;168;124;97;48;2;201;154;117m▖[38;2;200;215;192;48;2;177;189;168m▌[38;2;205;220;194;48;2;138;158;158m▀[38;2;142;145;130;48;2;186;190;166m▖[38;2;180;190;169;48;2;213;163;124m▀[38;2;215;189;152;48;2;211;144;97m▀[38;2;226;184;144;48;2;197;131;85m▀[38;2;233;178;135;48;2;193;129;85m▀[38;2;239;170;126;48;2;204;138;94m▀[38;2;201;139;103;48;2;232;162;115m▞[38;2;166;134;112;48;2;229;153;106m▀[38;2;220;149;107;48;2;212;144;103m▌[38;2;229;155;113;48;2;206;77;62m▌[38;2;215;87;68;48;2;167;50;44m▀[38;2;213;86;65;48;2;190;57;47m▀[38;2;202;67;52;48;2;197;107;78m▌[38;2;238;168;120;48;2;156;114;85m▌[38;2;211;193;160;48;2;245;227;188m▌[38;2;236;218;180;48;2;236;219;183m▀[0m
       [38;2;246;245;233;48;2;238;226;200m▌[38;2;236;220;184;48;2;248;232;196m▌[38;2;191;175;148;48;2;57;53;47m▌[38;2;60;59;53;48;2;75;74;67m▖[38;2;68;67;61;48;2;77;77;70m▀[38;2;88;88;79;48;2;58;55;51m▌[38;2;50;48;40;48;2;112;104;81m▌[38;2;79;79;71;48;2;128;108;84m▀[38;2;69;72;66;48;2;100;88;77m▝[38;2;66;68;63;48;2;80;73;67m▀[38;2;73;73;68;48;2;69;69;66m▘[38;2;72;72;67;48;2;66;70;65m▀[38;2;73;75;69;48;2;75;77;72m▌[38;2;80;81;75;48;2;77;78;72m▝[38;2;75;77;71;48;2;93;91;81m▛[38;2;99;96;86;48;2;70;70;65m▛[38;2;123;119;104;48;2;100;97;87m▀[38;2;114;111;98;48;2;86;85;76m▛[38;2;91;91;82;48;2;120;117;103m▀[38;2;68;70;66;48;2;76;77;71m▖[38;2;75;76;70;48;2;77;78;72m▀[38;2;80;81;75;48;2;74;75;70m▖[38;2;75;76;70;48;2;68;71;66m▀[38;2;77;77;72;48;2;74;74;69m▝[38;2;72;73;68;48;2;87;87;78m▛[38;2;70;71;66;48;2;93;93;83m▀[38;2;84;85;77;48;2;74;76;70m▖[38;2;74;75;69;48;2;77;78;72m▛[38;2;75;76;70;48;2;78;79;73m▘[38;2;77;77;71;48;2;79;81;75m▀[38;2;76;76;69;48;2;78;79;72m▀[38;2;75;76;70;48;2;77;77;70m▖[38;2;75;76;71;48;2;80;81;75m▀[38;2;67;70;66;48;2;77;78;72m▀[38;2;61;67;64;48;2;76;77;71m▀[38;2;128;135;123;48;2;56;64;70m▝[38;2;156;172;166;48;2;62;82;104m▘[38;2;55;82;112;48;2;97;122;138m▀[38;2;120;130;125;48;2;210;196;163m▌[38;2;183;137;105;48;2;69;73;69m▀[38;2;218;159;119;48;2;80;79;72m▀[38;2;235;169;123;48;2;101;89;77m▀[38;2;233;164;117;48;2;137;108;87m▀[38;2;223;155;107;48;2;176;129;98m▀[38;2;204;140;97;48;2;218;148;107m▛[38;2;185;126;86;48;2;234;158;113m▀[38;2;190;132;94;48;2;231;154;108m▀[38;2;202;136;97;48;2;206;72;58m▌[38;2;122;54;48;48;2;194;66;54m▀[38;2;147;60;50;48;2;135;59;49m▀[38;2;203;67;51;48;2;203;111;81m▌[38;2;231;163;115;48;2;147;106;80m▌[38;2;209;193;161;48;2;244;227;189m▌[38;2;235;218;181;48;2;234;216;179m▖[0m
       [38;2;246;244;232;48;2;237;225;200m▌[38;2;235;218;183;48;2;247;230;194m▌[38;2;192;176;149;48;2;65;62;55m▌[38;2;73;73;67;48;2;65;64;58m▛[38;2;68;68;61;48;2;72;71;63m▛[38;2;75;73;67;48;2;46;42;39m▌[38;2;57;57;45;48;2;179;184;137m▌[38;2;201;191;153;48;2;128;163;96m▖[38;2;130;142;88;48;2;110;169;92m▀[38;2;131;120;84;48;2;114;166;92m▀[38;2;108;89;72;48;2;115;153;89m▀[38;2;94;77;69;48;2;118;132;82m▀[38;2;80;72;68;48;2;115;108;75m▀[38;2;70;70;67;48;2;105;85;68m▀[38;2;67;70;66;48;2;93;76;67m▀[38;2;70;73;68;48;2;85;75;69m▀[38;2;103;101;90;48;2;75;75;70m▝[38;2;88;87;79;48;2;71;74;69m▘[38;2;89;87;79;48;2;66;71;66m▀[38;2;71;72;66;48;2;73;75;70m▀[38;2;68;69;65;48;2;122;118;103m▛[38;2;74;75;69;48;2;182;172;146m▀[38;2;122;119;104;48;2;242;226;190m▀[38;2;82;82;74;48;2;178;169;144m▀[38;2;122;117;102;48;2;76;76;70m▛[38;2;118;115;100;48;2;100;99;88m▀[38;2;98;97;87;48;2;128;124;108m▞[38;2;126;122;107;48;2;80;81;75m▖[38;2;82;83;77;48;2;80;82;75m▌[38;2;78;79;74;48;2;81;82;76m▝[38;2;77;77;71;48;2;80;81;75m▀[38;2;76;78;71;48;2;81;81;75m▀[38;2;79;81;74;48;2;77;78;72m▝[38;2;77;79;73;48;2;78;80;73m▞[38;2;79;81;75;48;2;74;75;68m▌[38;2;88;100;105;48;2;180;180;156m▀[38;2;123;141;142;48;2;176;184;160m▀[38;2;196;210;185;48;2;184;197;175m▛[38;2;179;185;164;48;2;140;134;113m▛[38;2;91;90;79;48;2;76;76;71m▘[38;2;80;82;76;48;2;75;76;70m▝[38;2;68;72;69;48;2;80;82;75m▝[38;2;61;66;63;48;2;77;77;71m▀[38;2;61;65;63;48;2;76;76;70m▀[38;2;75;75;70;48;2;68;67;62m▖[38;2;97;82;70;48;2;63;66;62m▀[38;2;140;104;82;48;2;58;63;61m▀[38;2;55;55;54;48;2;184;84;69m▖[38;2;221;73;57;48;2;163;64;53m▛[38;2;125;55;48;48;2;204;70;55m▖[38;2;218;74;55;48;2;184;103;77m▌[38;2;196;134;96;48;2;137;96;72m▌[38;2;216;199;167;48;2;242;226;188m▌[38;2;236;218;183;48;2;235;218;181m▖[0m
       [38;2;246;243;231;48;2;236;224;196m▌[38;2;230;214;180;48;2;243;226;191m▌[38;2;195;180;152;48;2;80;76;66m▌[38;2;80;79;71;48;2;67;65;60m▛[38;2;67;65;57;48;2;72;72;65m▝[38;2;74;72;65;48;2;47;43;41m▌[38;2;59;70;46;48;2;146;178;112m▌[38;2;117;167;93;48;2;168;190;132m▀[38;2;141;180;112;48;2;119;169;96m▖[38;2;120;171;97;48;2;110;167;91m▀[38;2;123;175;101;48;2;109;167;91m▀[38;2;121;182;103;48;2;124;143;89m▀[38;2;117;176;98;48;2;118;147;93m▀[38;2;114;156;90;48;2;120;174;102m▀[38;2;111;132;82;48;2;116;175;100m▀[38;2;112;108;74;48;2;114;171;99m▀[38;2;111;94;73;48;2;110;157;93m▀[38;2;98;79;69;48;2;108;136;83m▀[38;2;91;79;72;48;2;113;116;78m▀[38;2;79;75;71;48;2;115;98;73m▀[38;2;61;64;61;48;2;115;99;85m▘[38;2;158;154;134;48;2;91;80;72m▘[38;2;155;149;127;48;2;82;76;71m▀[38;2;196;185;158;48;2;80;82;75m▝[38;2;159;151;130;48;2;70;74;68m▘[38;2;86;85;77;48;2;73;76;71m▀[38;2;90;89;81;48;2;77;78;71m▝[38;2;75;76;70;48;2;81;81;74m▝[38;2;78;79;73;48;2;76;76;71m▞[38;2;77;78;72;48;2;105;103;91m▛[38;2;73;75;70;48;2;153;147;125m▀[38;2;162;156;133;48;2;85;86;78m▖[38;2;77;79;73;48;2;75;77;71m▀[38;2;76;77;71;48;2;78;79;73m▀[38;2;71;72;66;48;2;78;79;72m▝[38;2;191;178;150;48;2;96;95;85m▀[38;2;187;192;168;48;2;112;109;96m▀[38;2;197;203;178;48;2;179;187;164m▘[38;2;178;187;166;48;2;118;115;98m▌[38;2;75;76;70;48;2;66;66;62m▀[38;2;76;76;71;48;2;64;64;61m▀[38;2;77;77;72;48;2;74;74;69m▝[38;2;72;73;68;48;2;76;77;72m▝[38;2;72;73;68;48;2;70;70;66m▖[38;2;72;73;67;48;2;75;75;70m▌[38;2;72;72;68;48;2;68;67;63m▖[38;2;70;69;64;48;2;72;73;67m▌[38;2;73;69;65;48;2;190;68;58m▌[38;2;225;74;59;48;2;181;68;54m▌[38;2;165;60;50;48;2;215;71;55m▌[38;2;224;80;59;48;2;118;75;64m▌[38;2;63;72;69;48;2;82;71;61m▌[38;2;221;201;168;48;2;240;224;188m▌[38;2;235;217;182;48;2;234;216;181m▛[0m
       [38;2;245;242;230;48;2;234;221;194m▌[38;2;233;216;181;48;2;244;226;191m▌[38;2;196;181;153;48;2;68;63;55m▌[38;2;65;63;58;48;2;83;80;70m▛[38;2;67;66;61;48;2;85;83;75m▀[38;2;84;84;77;48;2;49;47;44m▌[38;2;62;57;48;48;2;217;202;170m▌[38;2;238;218;187;48;2;221;207;174m▀[38;2;211;203;168;48;2;219;207;176m▞[38;2;172;183;138;48;2;240;224;192m▀[38;2;152;175;123;48;2;233;215;183m▀[38;2;157;134;98;48;2;212;196;160m▀[38;2;119;120;80;48;2;174;178;136m▀[38;2;107;162;93;48;2;150;172;114m▀[38;2;118;171;100;48;2;128;170;100m▀[38;2;119;171;102;48;2;122;172;102m▀[38;2;121;174;105;48;2;120;171;101m▛[38;2;117;176;102;48;2;117;169;98m▀[38;2;116;174;100;48;2;120;170;99m▀[38;2;112;163;93;48;2;121;173;101m▀[38;2;112;145;86;48;2;116;174;101m▀[38;2;117;123;82;48;2;113;173;100m▀[38;2;126;110;79;48;2;113;166;95m▀[38;2;122;94;77;48;2;112;148;88m▀[38;2;110;90;78;48;2;122;130;84m▀[38;2;94;84;76;48;2;133;117;82m▀[38;2;76;77;72;48;2;131;105;83m▀[38;2;71;75;70;48;2;111;87;75m▀[38;2;72;76;70;48;2;91;79;73m▀[38;2;217;204;174;48;2;105;103;92m▝[38;2;200;187;158;48;2;89;90;82m▀[38;2;197;185;158;48;2;90;92;83m▀[38;2;214;203;173;48;2;108;107;95m▘[38;2;75;77;71;48;2;78;79;73m▀[38;2;76;76;70;48;2;77;77;72m▘[38;2;71;72;66;48;2;77;77;71m▝[38;2;70;70;65;48;2;77;77;72m▀[38;2;111;114;102;48;2;65;66;62m▀[38;2;111;105;92;48;2;221;209;178m▛[38;2;145;137;118;48;2;231;215;180m▛[38;2;236;221;186;48;2;155;147;126m▖[38;2;71;71;67;48;2;170;160;137m▀[38;2;62;63;60;48;2;77;77;72m▖[38;2;74;75;70;48;2;71;72;67m▌[38;2;75;75;70;48;2;70;70;66m▀[38;2;71;71;67;48;2;74;75;70m▝[38;2;74;75;70;48;2;70;71;67m▝[38;2;75;72;68;48;2;189;68;60m▌[38;2;96;50;44;48;2;164;61;52m▝[38;2;111;53;46;48;2;191;68;54m▘[38;2;214;79;58;48;2;110;72;61m▌[38;2;64;70;67;48;2;76;68;59m▌[38;2;216;198;165;48;2;238;221;185m▌[38;2;230;213;178;48;2;232;215;181m▖[0m
       [38;2;246;243;230;48;2;212;200;175m▌[38;2;191;174;146;48;2;211;192;162m▘[38;2;213;196;165;48;2;88;83;72m▌[38;2;86;84;75;48;2;72;71;65m▀[38;2;74;72;65;48;2;68;66;61m▀[38;2;72;72;65;48;2;46;45;42m▌[38;2;66;60;52;48;2;216;199;168m▌[38;2;234;221;187;48;2;210;179;148m▀[38;2;231;213;178;48;2;203;169;143m▀[38;2;199;164;139;48;2;152;117;105m▛[38;2;170;163;139;48;2;205;194;163m▞[38;2;165;150;122;48;2;157;171;124m▀[38;2;188;184;154;48;2;135;159;110m▝[38;2;207;185;144;48;2;120;167;98m▀[38;2;133;154;97;48;2;121;171;98m▘[38;2;125;174;105;48;2;121;171;100m▝[38;2;123;174;103;48;2;119;171;101m▀[38;2;119;171;99;48;2;117;170;98m▘[38;2;117;170;99;48;2;119;171;99m▌[38;2;117;170;98;48;2;117;171;101m▌[38;2;117;170;100;48;2;118;171;101m▝[38;2;118;170;98;48;2;120;172;102m▀[38;2;120;173;102;48;2;121;172;98m▖[38;2;118;174;98;48;2;120;170;99m▀[38;2;114;174;101;48;2;122;173;103m▀[38;2;110;166;96;48;2;124;174;104m▀[38;2;115;155;92;48;2;122;177;103m▀[38;2;125;139;88;48;2;116;175;101m▀[38;2;127;119;84;48;2;111;168;97m▀[38;2;125;103;81;48;2;114;157;92m▀[38;2;112;91;79;48;2;122;144;90m▀[38;2;89;78;72;48;2;128;126;85m▀[38;2;70;69;67;48;2;127;108;82m▀[38;2;73;77;73;48;2;116;92;79m▀[38;2;72;77;72;48;2;101;86;79m▀[38;2;89;82;77;48;2;76;76;71m▖[38;2;77;77;72;48;2;69;73;70m▛[38;2;79;78;73;48;2;71;75;70m▀[38;2;83;82;74;48;2;71;73;68m▀[38;2;122;117;101;48;2;70;70;65m▝[38;2;134;127;109;48;2;95;93;83m▌[38;2;149;142;121;48;2;107;103;90m▀[38;2;102;100;88;48;2;134;127;109m▛[38;2;76;76;71;48;2;112;108;95m▀[38;2;82;81;74;48;2;71;71;67m▖[38;2;74;75;70;48;2;76;76;71m▝[38;2;72;72;67;48;2;70;69;65m▛[38;2;78;73;69;48;2;67;68;65m▀[38;2;88;70;65;48;2;56;60;58m▀[38;2;79;65;60;48;2;88;89;81m▀[38;2;73;68;63;48;2;53;53;51m▛[38;2;60;60;58;48;2;74;69;62m▖[38;2;221;203;170;48;2;235;219;184m▌[38;2;228;211;176;48;2;231;215;181m▌[0m
       [38;2;248;245;231;48;2;195;183;158m▌[38;2;181;162;132;48;2;208;189;157m▌[38;2;215;198;166;48;2;93;89;77m▌[38;2;76;75;69;48;2;71;69;62m▛[38;2;67;66;61;48;2;72;70;64m▞[38;2;73;72;65;48;2;47;45;42m▌[38;2;61;57;44;48;2;155;168;113m▌[38;2;177;159;121;48;2;117;168;95m▀[38;2;161;169;128;48;2;112;165;91m▀[38;2;156;176;126;48;2;114;165;91m▀[38;2;139;163;109;48;2;114;166;95m▀[38;2;111;148;90;48;2;118;167;97m▀[38;2;112;151;90;48;2;122;171;99m▘[38;2;125;173;101;48;2;124;171;100m▀[38;2;125;172;101;48;2;128;174;103m▖[38;2;123;173;105;48;2;127;173;106m▝[38;2;125;173;104;48;2;122;172;102m▖[38;2;120;171;100;48;2;122;171;101m▀[38;2;124;173;102;48;2;120;170;100m▝[38;2;122;173;104;48;2;120;171;101m▝[38;2;121;173;102;48;2;119;171;101m▀[38;2;124;175;104;48;2;119;171;101m▝[38;2;126;176;105;48;2;122;173;103m▘[38;2;123;173;102;48;2;120;170;101m▀[38;2;122;173;107;48;2;119;170;102m▀[38;2;119;171;103;48;2;121;172;103m▖[38;2;120;171;101;48;2;121;173;102m▛[38;2;122;171;103;48;2;124;176;105m▀[38;2;120;171;102;48;2;123;176;104m▀[38;2;119;172;101;48;2;120;174;104m▘[38;2;118;175;105;48;2;121;172;103m▀[38;2;112;171;99;48;2;118;169;101m▀[38;2;114;159;92;48;2;114;165;96m▝[38;2;119;145;89;48;2;108;159;93m▀[38;2;126;127;87;48;2;103;151;88m▀[38;2;135;117;87;48;2;97;134;81m▀[38;2;128;103;85;48;2;100;117;74m▀[38;2;106;87;77;48;2;121;122;81m▀[38;2;81;73;70;48;2;136;130;91m▀[38;2;68;68;66;48;2;123;109;85m▀[38;2;116;113;100;48;2;94;84;74m▘[38;2;95;94;83;48;2;81;75;71m▝[38;2;91;89;80;48;2;69;68;66m▀[38;2;135;127;110;48;2;74;76;71m▝[38;2;86;84;76;48;2;70;72;67m▘[38;2;77;78;72;48;2;76;77;71m▝[38;2;72;72;67;48;2;76;76;70m▝[38;2;64;64;61;48;2;101;96;86m▌[38;2;166;156;133;48;2;98;93;82m▛[38;2;220;203;171;48;2;166;153;130m▀[38;2;120;114;99;48;2;173;161;137m▞[38;2;134;124;108;48;2;75;71;63m▖[38;2;234;217;182;48;2;226;209;174m▝[38;2;227;207;168;48;2;229;212;178m▖[0m
       [38;2;244;241;227;48;2;221;208;180m▌[38;2;195;177;146;48;2;234;215;179m▘[38;2;191;176;146;48;2;61;56;49m▌[38;2;82;78;70;48;2;47;46;38m▀[38;2;73;68;64;48;2;50;55;42m▀[38;2;45;37;41;48;2;65;72;55m▝[38;2;63;76;47;48;2;119;164;89m▌[38;2;116;164;90;48;2;121;166;91m▛[38;2;115;164;92;48;2;118;166;91m▀[38;2;120;168;98;48;2;119;167;94m▝[38;2;121;168;99;48;2;124;171;97m▀[38;2;121;168;97;48;2;125;170;97m▀[38;2;128;172;99;48;2;124;170;98m▖[38;2;120;167;98;48;2;124;171;98m▀[38;2;120;167;99;48;2;125;170;99m▘[38;2;127;171;103;48;2;125;171;99m▀[38;2;126;171;105;48;2;123;172;101m▀[38;2;125;171;102;48;2;119;171;98m▀[38;2;123;171;102;48;2;119;169;97m▀[38;2;120;171;103;48;2;114;164;95m▀[38;2;121;173;103;48;2;110;156;92m▀[38;2;125;175;106;48;2;107;150;88m▀[38;2;126;177;107;48;2;102;142;84m▀[38;2;122;173;103;48;2;98;137;81m▀[38;2;121;170;103;48;2;98;135;80m▀[38;2;119;165;99;48;2;98;136;79m▀[38;2;113;157;93;48;2;98;139;81m▀[38;2;109;150;90;48;2;100;143;84m▀[38;2;101;141;85;48;2;105;148;88m▝[38;2;100;138;83;48;2;109;158;93m▀[38;2;98;133;81;48;2;111;163;95m▀[38;2;97;132;79;48;2;116;169;97m▀[38;2;96;133;80;48;2;114;170;97m▀[38;2;99;136;81;48;2;115;171;98m▀[38;2;103;145;85;48;2;114;171;99m▀[38;2;109;155;92;48;2;114;171;100m▀[38;2;110;163;96;48;2;113;168;97m▀[38;2;110;166;96;48;2;114;168;96m▀[38;2;116;172;100;48;2;112;166;95m▝[38;2;125;171;101;48;2;110;165;93m▀[38;2;133;159;97;48;2;109;168;93m▀[38;2;135;140;92;48;2;112;171;94m▀[38;2;121;111;83;48;2;120;171;96m▀[38;2;103;88;75;48;2;126;160;93m▀[38;2;83;71;68;48;2;127;138;86m▀[38;2;74;70;69;48;2;125;116;81m▀[38;2;68;69;68;48;2;107;91;74m▀[38;2;67;68;65;48;2;86;75;68m▀[38;2;61;62;59;48;2;73;70;67m▀[38;2;62;61;59;48;2;68;66;63m▌[38;2;61;60;57;48;2;72;70;66m▀[38;2;55;54;52;48;2;96;90;78m▌[38;2;233;216;181;48;2;227;209;175m▌[38;2;225;205;168;48;2;226;209;178m▌[0m
       [38;2;232;224;204;48;2;224;210;181m▌[38;2;223;204;169;48;2;228;210;176m▌[38;2;196;180;151;48;2;231;213;177m▝[38;2;120;123;90;48;2;236;214;176m▀[38;2;126;143;97;48;2;232;210;176m▀[38;2;137;157;104;48;2;233;210;178m▀[38;2;140;160;105;48;2;231;208;176m▀[38;2;135;155;101;48;2;229;206;171m▀[38;2;135;155;102;48;2;230;207;174m▀[38;2;138;158;105;48;2;230;209;175m▀[38;2;135;155;103;48;2;229;207;174m▀[38;2;135;154;101;48;2;228;207;172m▀[38;2;131;152;100;48;2;227;206;172m▀[38;2;127;150;98;48;2;223;203;170m▀[38;2;124;147;96;48;2;223;202;171m▀[38;2;125;148;96;48;2;223;202;168m▀[38;2;120;143;95;48;2;223;202;168m▀[38;2;113;132;88;48;2;223;201;168m▀[38;2;105;121;82;48;2;223;202;169m▀[38;2;99;114;79;48;2;222;203;170m▀[38;2;99;116;79;48;2;223;205;170m▀[38;2;106;126;85;48;2;224;206;171m▀[38;2;113;138;90;48;2;224;206;170m▀[38;2;117;146;95;48;2;220;201;168m▀[38;2;120;150;96;48;2;220;200;166m▀[38;2;125;157;98;48;2;223;203;170m▀[38;2;128;162;103;48;2;222;202;170m▀[38;2;127;163;103;48;2;220;200;168m▀[38;2;128;163;104;48;2;221;201;170m▀[38;2;123;159;100;48;2;219;200;168m▀[38;2;124;159;101;48;2;221;202;170m▀[38;2;121;156;98;48;2;218;199;168m▀[38;2;118;155;95;48;2;216;198;166m▀[38;2;117;154;95;48;2;215;197;164m▀[38;2;115;152;94;48;2;212;195;161m▀[38;2;115;153;96;48;2;213;196;162m▀[38;2;116;155;96;48;2;213;196;162m▀[38;2;117;156;95;48;2;214;196;162m▀[38;2;115;154;93;48;2;212;194;159m▀[38;2;115;153;92;48;2;213;196;162m▀[38;2;114;152;89;48;2;211;193;157m▀[38;2;116;151;88;48;2;211;193;157m▀[38;2;114;152;90;48;2;209;191;156m▀[38;2;114;154;90;48;2;210;191;156m▀[38;2;113;155;89;48;2;205;186;152m▀[38;2;119;153;90;48;2;203;186;152m▀[38;2;125;144;84;48;2;201;187;152m▀[38;2;126;126;79;48;2;198;187;150m▀[38;2;121;105;77;48;2;201;186;149m▀[38;2;101;86;71;48;2;205;183;148m▀[38;2;75;72;64;48;2;199;181;149m▀[38;2;118;111;95;48;2;213;196;163m▘[38;2;225;207;173;48;2;218;200;167m▀[38;2;218;198;163;48;2;220;205;177m▌[0m

Utagawa Hiroshige: Asakusa Rice Fields and Torinomachi Festival, 1857
