 [38;2;176;167;148;48;2;77;73;65m▛[38;2;153;144;126;48;2;70;66;60m▀[38;2;131;123;108;48;2;73;68;61m▀[38;2;122;116;103;48;2;105;97;88m▀[38;2;137;130;116;48;2;104;97;88m▀[38;2;157;148;131;48;2;102;96;88m▀[38;2;148;139;123;48;2;83;79;73m▀[38;2;142;134;118;48;2;73;69;64m▀[38;2;137;129;114;48;2;68;65;60m▀[38;2;129;122;109;48;2;60;57;54m▀[38;2;117;111;100;48;2;52;49;47m▀[38;2;110;105;95;48;2;52;49;47m▀[38;2;111;105;95;48;2;54;51;49m▀[38;2;111;105;95;48;2;57;54;50m▀[38;2;110;104;94;48;2;66;62;57m▀[38;2;91;84;76;48;2;112;105;94m▖[38;2;117;108;96;48;2;130;119;106m▌[38;2;149;138;122;48;2;138;122;108m▀[38;2;145;134;119;48;2;107;96;86m▀[38;2;141;130;116;48;2;87;79;72m▀[38;2;175;158;138;48;2;126;112;99m▀[38;2;105;95;84;48;2;137;124;110m▖[38;2;138;126;112;48;2;125;111;98m▀[38;2;131;119;105;48;2;158;141;124m▞[38;2;121;110;99;48;2;88;80;71m▛[38;2;105;101;93;48;2;102;93;84m▀[38;2;106;101;92;48;2;61;59;56m▀[38;2;108;102;94;48;2;61;61;58m▀[38;2;107;103;94;48;2;60;60;58m▀[38;2;107;102;94;48;2;60;61;58m▀[38;2;107;102;94;48;2;63;63;60m▀[38;2;108;103;95;48;2;63;63;60m▀[38;2;108;104;96;48;2;64;65;62m▀[38;2;104;100;92;48;2;67;68;64m▀[38;2;103;99;91;48;2;61;61;59m▀[38;2;102;98;91;48;2;62;62;60m▀[38;2;103;99;91;48;2;58;59;56m▀[38;2;104;101;93;48;2;58;58;56m▀[38;2;104;101;92;48;2;56;57;55m▀[38;2;103;100;91;48;2;51;53;52m▀[38;2;101;98;89;48;2;52;54;53m▀[38;2;102;98;89;48;2;52;51;51m▀[38;2;101;97;89;48;2;51;50;50m▀[38;2;101;98;89;48;2;51;52;51m▀[38;2;103;99;89;48;2;49;51;49m▀[38;2;101;96;86;48;2;50;51;50m▀[38;2;97;93;83;48;2;56;53;51m▀[38;2;92;89;79;48;2;61;53;51m▀[38;2;93;90;80;48;2;56;51;49m▀[38;2;93;90;80;48;2;52;50;49m▀[38;2;93;89;80;48;2;50;50;49m▀[38;2;178;169;149;48;2;75;73;67m▝[0m
 [38;2;129;123;110;48;2;74;69;63m▌[38;2;92;86;77;48;2;78;75;69m▀[38;2;89;83;75;48;2;64;60;56m▀[38;2;106;100;91;48;2;52;49;46m▀[38;2;98;92;83;48;2;53;50;47m▀[38;2;57;53;50;48;2;66;62;58m▞[38;2;54;51;48;48;2;69;65;60m▀[38;2;56;53;49;48;2;73;68;62m▀[38;2;59;55;51;48;2;75;70;63m▀[38;2;62;58;53;48;2;83;78;70m▀[38;2;67;63;57;48;2;95;88;79m▀[38;2;76;72;65;48;2;112;107;95m▀[38;2;87;82;74;48;2;147;134;119m▀[38;2;118;110;97;48;2;160;142;126m▀[38;2;160;142;124;48;2;131;117;104m▀[38;2;146;130;115;48;2;116;105;93m▀[38;2;117;105;93;48;2;114;103;92m▀[38;2;111;100;90;48;2;98;90;81m▛[38;2;91;83;75;48;2;104;94;84m▞[38;2;87;80;72;48;2;123;110;98m▘[38;2;143;127;112;48;2;120;108;95m▌[38;2;145;130;114;48;2;114;104;91m▞[38;2;107;97;86;48;2;136;121;106m▖[38;2;127;114;101;48;2;116;104;92m▀[38;2;113;101;88;48;2;123;108;95m▞[38;2;116;103;90;48;2;94;85;75m▌[38;2;106;96;85;48;2;90;82;73m▝[38;2;94;85;77;48;2;78;72;65m▌[38;2;65;63;58;48;2;85;77;70m▀[38;2;62;59;55;48;2;60;56;52m▛[38;2;63;62;59;48;2;57;54;50m▀[38;2;58;56;52;48;2;52;49;45m▀[38;2;61;60;57;48;2;49;46;44m▀[38;2;49;48;46;48;2;76;75;71m▖[38;2;77;77;72;48;2;69;69;65m▝[38;2;65;65;61;48;2;74;74;69m▖[38;2;80;80;75;48;2;66;67;63m▖[38;2;78;78;72;48;2;72;72;68m▀[38;2;77;75;69;48;2;192;182;145m▛[38;2;98;93;82;48;2;186;188;145m▀[38;2;93;90;78;48;2;165;175;132m▀[38;2;83;86;74;48;2;141;170;124m▀[38;2;86;86;75;48;2;143;168;124m▀[38;2;95;90;80;48;2;174;184;140m▀[38;2;101;94;84;48;2;165;174;133m▀[38;2;93;90;81;48;2;183;187;146m▀[38;2;204;138;114;48;2;183;66;63m▖[38;2;192;59;57;48;2;154;53;52m▌[38;2;159;56;55;48;2;189;51;51m▘[38;2;186;54;53;48;2;73;56;53m▌[38;2;56;58;55;48;2;59;58;55m▌[38;2;58;57;54;48;2;77;74;69m▌[0m
 [38;2;121;116;104;48;2;59;56;52m▌[38;2;57;54;51;48;2;71;66;61m▀[38;2;58;55;51;48;2;71;68;61m▀[38;2;63;60;55;48;2;71;67;61m▀[38;2;68;64;58;48;2;74;69;62m▀[38;2;68;65;58;48;2;71;67;60m▘[38;2;78;74;67;48;2;73;69;63m▀[38;2;80;76;68;48;2;73;70;64m▀[38;2;74;72;65;48;2;81;76;68m▖[38;2;85;80;72;48;2;80;75;67m▀[38;2;92;87;78;48;2;102;96;86m▌[38;2;134;122;109;48;2;173;153;134m▛[38;2;163;144;127;48;2;135;122;108m▛[38;2;129;116;103;48;2;119;108;97m▌[38;2;124;111;99;48;2;106;100;89m▀[38;2;120;108;96;48;2;101;96;88m▀[38;2;101;93;84;48;2;92;89;80m▀[38;2;91;88;80;48;2;102;96;87m▞[38;2;112;103;93;48;2;86;83;76m▝[38;2;88;85;77;48;2;104;98;88m▞[38;2;86;81;74;48;2;92;89;81m▀[38;2;94;90;81;48;2;86;82;74m▌[38;2;84;80;73;48;2;88;84;77m▀[38;2;94;88;80;48;2;77;75;68m▀[38;2;80;76;69;48;2;85;82;75m▀[38;2;79;73;66;48;2;88;84;76m▝[38;2;73;68;63;48;2;86;82;75m▀[38;2;79;73;67;48;2;94;90;81m▀[38;2;70;66;60;48;2;119;107;95m▀[38;2;108;99;88;48;2;65;62;56m▖[38;2;64;60;55;48;2;68;65;60m▀[38;2;63;60;54;48;2;72;68;61m▝[38;2;57;54;50;48;2;68;65;58m▛[38;2;51;48;46;48;2;59;56;51m▀[38;2;48;46;44;48;2;53;50;46m▀[38;2;55;55;52;48;2;49;46;44m▝[38;2;76;76;71;48;2;53;52;50m▀[38;2;72;73;68;48;2;59;58;55m▀[38;2;81;82;74;48;2;182;183;143m▌[38;2;185;193;147;48;2;163;169;128m▌[38;2;154;171;128;48;2;201;197;151m▛[38;2;157;169;126;48;2;230;210;165m▀[38;2;141;161;119;48;2;215;202;155m▀[38;2;141;169;124;48;2;195;195;147m▀[38;2;126;151;109;48;2;183;186;141m▀[38;2;167;171;128;48;2;203;201;155m▘[38;2;199;129;107;48;2;207;51;51m▌[38;2;188;56;55;48;2;175;52;52m▌[38;2;181;51;51;48;2;196;52;53m▛[38;2;179;49;50;48;2;70;58;55m▌[38;2;61;62;59;48;2;61;60;57m▖[38;2;58;58;54;48;2;83;78;73m▌[0m
 [38;2;131;124;110;48;2;70;65;59m▌[38;2;74;69;63;48;2;80;75;67m▀[38;2;72;68;61;48;2;78;72;65m▀[38;2;74;69;62;48;2;76;71;65m▀[38;2;74;69;62;48;2;75;71;65m▀[38;2;77;72;65;48;2;72;70;64m▝[38;2;75;71;65;48;2;83;81;73m▛[38;2;103;94;81;48;2;145;128;107m▀[38;2;114;99;84;48;2;168;143;121m▀[38;2;147;137;121;48;2;171;159;140m▀[38;2;154;143;126;48;2;130;121;108m▖[38;2;119;110;98;48;2;133;125;110m▀[38;2;116;108;97;48;2;124;116;102m▀[38;2;111;106;95;48;2;131;123;108m▀[38;2;114;108;97;48;2;144;134;118m▀[38;2;137;128;113;48;2;118;111;98m▖[38;2;119;112;99;48;2;143;134;119m▛[38;2;141;132;118;48;2;125;119;106m▖[38;2;114;109;98;48;2;141;132;117m▀[38;2;129;121;107;48;2;110;105;93m▖[38;2;114;109;97;48;2;134;126;113m▛[38;2;137;129;114;48;2;100;95;85m▖[38;2;108;102;91;48;2;99;95;85m▖[38;2;104;100;90;48;2;125;119;107m▀[38;2;101;97;88;48;2;124;119;107m▀[38;2;102;99;90;48;2;130;120;107m▀[38;2;110;102;91;48;2;133;119;106m▀[38;2;131;117;103;48;2;162;144;126m▛[38;2;141;125;109;48;2;120;108;95m▘[38;2;131;117;103;48;2;153;137;119m▛[38;2;160;142;123;48;2;129;116;101m▖[38;2;111;101;90;48;2;144;127;111m▛[38;2;132;119;104;48;2;118;106;94m▞[38;2;89;83;73;48;2;135;121;107m▀[38;2;62;58;53;48;2;114;104;92m▀[38;2;80;74;65;48;2;55;52;47m▖[38;2;54;53;47;48;2;48;46;43m▖[38;2;45;43;41;48;2;48;45;42m▝[38;2;65;64;56;48;2;187;187;145m▌[38;2;210;205;158;48;2;143;158;117m▘[38;2;183;193;142;48;2;143;158;115m▝[38;2;170;181;133;48;2;185;189;141m▞[38;2;120;145;103;48;2;172;182;137m▀[38;2;171;183;136;48;2;130;169;122m▛[38;2;196;192;146;48;2;161;178;132m▘[38;2;153;155;116;48;2;186;195;148m▘[38;2;196;120;100;48;2;207;49;50m▌[38;2;181;56;55;48;2;157;53;52m▞[38;2;159;51;51;48;2;193;52;52m▌[38;2;178;55;54;48;2;68;62;59m▌[38;2;63;62;59;48;2;65;66;62m▝[38;2;59;59;55;48;2;90;85;79m▌[0m
 [38;2;135;128;115;48;2;76;71;64m▌[38;2;80;74;67;48;2;82;78;72m▝[38;2;76;71;64;48;2;82;83;77m▀[38;2;74;72;67;48;2;82;84;79m▀[38;2;76;75;71;48;2;82;84;78m▀[38;2;76;77;72;48;2;84;86;80m▀[38;2;73;74;70;48;2;81;82;76m▝[38;2;69;71;67;48;2;84;85;79m▀[38;2;179;169;152;48;2;92;88;78m▝[38;2;191;180;161;48;2;168;151;130m▘[38;2;172;164;146;48;2;134;126;111m▖[38;2;133;125;110;48;2;139;131;116m▝[38;2;143;135;119;48;2;133;125;111m▌[38;2;156;146;129;48;2;138;130;114m▀[38;2;151;142;125;48;2;173;164;145m▛[38;2;174;164;145;48;2;149;140;124m▖[38;2;150;141;125;48;2;140;132;117m▌[38;2;138;130;115;48;2;158;148;131m▀[38;2;142;132;116;48;2;159;150;132m▀[38;2;178;166;147;48;2;160;149;131m▖[38;2;128;119;105;48;2;154;144;127m▖[38;2;123;114;101;48;2;151;141;125m▝[38;2;120;112;99;48;2;172;161;142m▀[38;2;168;157;138;48;2;144;134;119m▖[38;2;130;119;106;48;2;146;132;116m▝[38;2;119;107;94;48;2;105;96;85m▛[38;2;153;137;120;48;2;111;101;89m▘[38;2;90;82;73;48;2;123;111;97m▘[38;2;148;132;115;48;2;115;103;91m▝[38;2;161;144;125;48;2;118;107;93m▘[38;2;99;90;79;48;2;133;118;104m▀[38;2;93;84;74;48;2;102;92;81m▛[38;2;101;91;81;48;2;81;74;66m▖[38;2;129;114;100;48;2;95;86;77m▝[38;2;70;65;58;48;2;117;104;91m▖[38;2;158;138;120;48;2;112;100;88m▘[38;2;126;112;98;48;2;179;156;134m▛[38;2;61;57;52;48;2;108;97;86m▀[38;2;76;71;61;48;2;193;186;147m▌[38;2;217;209;162;48;2;171;166;130m▀[38;2;162;185;136;48;2;150;159;123m▀[38;2;153;178;130;48;2;122;151;114m▛[38;2;179;196;145;48;2;131;152;116m▀[38;2;187;198;148;48;2;144;158;121m▀[38;2;183;194;144;48;2;145;158;121m▀[38;2;183;197;147;48;2;145;161;122m▀[38;2;190;108;93;48;2;210;49;49m▌[38;2;192;55;54;48;2;157;51;50m▘[38;2;186;52;52;48;2;207;51;52m▌[38;2;177;55;54;48;2;71;69;65m▌[38;2;67;68;64;48;2;80;80;75m▀[38;2;65;67;62;48;2;98;93;87m▌[0m
 [38;2;88;92;85;48;2;135;138;126m▝[38;2;100;103;96;48;2;121;130;122m▀[38;2;99;104;96;48;2;118;128;121m▀[38;2;97;101;95;48;2;117;127;121m▀[38;2;96;101;94;48;2;118;128;121m▀[38;2;98;102;95;48;2;119;129;121m▀[38;2;95;100;93;48;2;116;126;119m▀[38;2;112;121;114;48;2;82;86;80m▖[38;2;164;143;118;48;2;81;82;75m▝[38;2;105;95;82;48;2;150;126;104m▖[38;2;150;136;117;48;2;115;113;102m▘[38;2;126;120;106;48;2;114;121;114m▀[38;2;133;131;117;48;2;145;141;125m▞[38;2;143;136;120;48;2;100;95;83m▛[38;2;129;122;107;48;2;78;75;66m▀[38;2;99;95;84;48;2;119;113;99m▖[38;2;146;138;122;48;2;109;104;92m▀[38;2;158;149;132;48;2;127;121;106m▀[38;2;124;118;103;48;2;149;139;123m▖[38;2;158;148;130;48;2;176;167;147m▀[38;2;169;160;141;48;2;145;137;121m▛[38;2;147;139;121;48;2;155;146;129m▌[38;2;182;172;152;48;2;200;188;166m▛[38;2;155;145;127;48;2;114;103;91m▌[38;2;114;103;91;48;2;105;96;84m▘[38;2;136;122;106;48;2;104;94;83m▝[38;2;130;116;102;48;2;96;87;77m▀[38;2;94;86;75;48;2;110;99;86m▘[38;2;114;102;89;48;2;97;88;77m▞[38;2;116;103;91;48;2;98;88;77m▌[38;2;108;97;85;48;2;102;93;82m▝[38;2;89;79;70;48;2;113;100;88m▘[38;2;106;95;83;48;2;130;115;100m▝[38;2;107;96;85;48;2;128;114;98m▌[38;2;136;120;105;48;2;98;88;78m▖[38;2;83;76;68;48;2;127;112;98m▀[38;2;98;87;77;48;2;92;84;74m▞[38;2;157;138;119;48;2;100;90;79m▝[38;2;95;86;76;48;2;127;113;99m▞[38;2;53;50;46;48;2;139;124;108m▀[38;2;74;69;61;48;2;49;46;43m▖[38;2;66;68;64;48;2;43;41;37m▀[38;2;65;68;63;48;2;87;94;90m▖[38;2;81;88;84;48;2;97;109;105m▀[38;2;76;84;81;48;2;97;108;104m▀[38;2;81;90;85;48;2;96;110;104m▀[38;2;154;70;69;48;2;212;56;56m▌[38;2;186;54;53;48;2;155;52;50m▖[38;2;159;50;50;48;2;201;52;52m▘[38;2;183;61;60;48;2;90;97;93m▌[38;2;89;96;89;48;2;102;112;107m▀[38;2;93;101;93;48;2;122;120;112m▌[0m
 [38;2;169;173;158;48;2;138;152;143m▌[38;2;134;147;141;48;2;145;160;155m▀[38;2;134;147;142;48;2;142;158;153m▀[38;2;131;144;140;48;2;140;156;152m▀[38;2;132;145;140;48;2;139;156;152m▀[38;2;131;145;140;48;2;140;156;152m▀[38;2;129;144;139;48;2;140;157;152m▀[38;2;132;147;141;48;2;138;156;152m▀[38;2;122;135;130;48;2;145;163;157m▀[38;2;123;137;133;48;2;140;158;154m▀[38;2;127;144;139;48;2;136;155;152m▀[38;2;128;143;139;48;2;138;157;153m▀[38;2;131;148;143;48;2;141;159;154m▀[38;2;113;126;122;48;2;146;165;161m▀[38;2;73;69;63;48;2;118;131;127m▀[38;2;95;97;91;48;2;70;68;61m▞[38;2;115;108;95;48;2;73;69;62m▀[38;2;118;112;98;48;2;84;81;72m▀[38;2;96;91;80;48;2;115;108;95m▘[38;2;146;139;122;48;2;120;113;99m▀[38;2;161;152;133;48;2;123;116;102m▀[38;2;166;157;138;48;2;183;171;152m▌[38;2;193;182;162;48;2;164;152;133m▀[38;2;174;162;143;48;2;121;107;93m▘[38;2;93;85;74;48;2;109;94;80m▀[38;2;76;69;62;48;2;100;87;76m▀[38;2;86;78;69;48;2;121;103;87m▀[38;2;87;78;70;48;2;104;91;79m▘[38;2;79;73;65;48;2;112;95;81m▀[38;2;115;97;82;48;2;85;77;69m▖[38;2;97;87;76;48;2;90;81;71m▌[38;2;86;79;70;48;2;98;89;79m▛[38;2;109;98;86;48;2;80;73;66m▀[38;2;95;86;76;48;2;104;93;82m▌[38;2;119;105;91;48;2;111;98;85m▖[38;2;127;111;96;48;2;138;121;104m▛[38;2;98;88;78;48;2;121;106;93m▝[38;2;131;116;100;48;2;117;104;90m▖[38;2;125;110;96;48;2;92;83;74m▖[38;2;122;108;94;48;2;96;86;75m▝[38;2;134;118;102;48;2;109;97;84m▀[38;2;61;56;51;48;2;120;106;92m▝[38;2;39;37;34;48;2;95;85;75m▀[38;2;66;68;65;48;2;45;42;40m▝[38;2;109;124;120;48;2;70;74;70m▀[38;2;104;119;114;48;2;114;138;133m▛[38;2;167;78;77;48;2;223;56;55m▌[38;2;114;48;47;48;2;186;54;54m▝[38;2;202;57;57;48;2;208;50;52m▀[38;2;186;60;60;48;2;105;117;112m▌[38;2;108;121;116;48;2;111;128;124m▀[38;2;109;122;115;48;2;139;143;132m▌[0m
 [38;2;175;183;168;48;2;155;171;162m▌[38;2;155;173;167;48;2;149;168;162m▖[38;2;148;165;159;48;2;149;169;164m▀[38;2;144;162;158;48;2;146;166;161m▀[38;2;144;162;157;48;2;148;167;163m▀[38;2;147;165;159;48;2;149;169;164m▀[38;2;142;161;157;48;2;144;164;161m▀[38;2;143;161;157;48;2;145;165;162m▀[38;2;147;165;159;48;2;147;167;163m▀[38;2;143;163;159;48;2;145;165;161m▘[38;2;145;164;160;48;2;145;165;162m▀[38;2;143;163;159;48;2;145;165;162m▀[38;2;144;163;159;48;2;148;167;164m▀[38;2;142;161;157;48;2;143;165;162m▀[38;2;157;176;170;48;2;144;165;161m▝[38;2;134;152;148;48;2;148;170;166m▝[38;2;59;60;57;48;2;127;144;141m▝[38;2;46;42;37;48;2;95;104;101m▀[38;2;80;75;65;48;2;69;74;71m▀[38;2;77;74;67;48;2;52;52;49m▛[38;2;97;92;80;48;2;57;54;48m▀[38;2;116;107;93;48;2;89;81;69m▀[38;2;130;116;98;48;2;116;102;85m▝[38;2;126;110;91;48;2;147;129;107m▛[38;2;139;119;99;48;2;157;136;113m▛[38;2;134;112;92;48;2;145;124;102m▘[38;2;148;126;102;48;2;167;145;118m▀[38;2;155;131;107;48;2;180;156;128m▀[38;2;162;139;113;48;2;148;124;102m▖[38;2;130;110;92;48;2;161;136;112m▝[38;2;169;143;116;48;2;141;119;97m▖[38;2;137;115;95;48;2;160;134;107m▀[38;2;143;120;99;48;2;115;101;87m▌[38;2;95;87;76;48;2;84;76;66m▝[38;2;95;86;75;48;2;86;76;66m▀[38;2;139;121;104;48;2;111;97;83m▝[38;2;107;93;79;48;2;119;105;90m▖[38;2;140;122;105;48;2;115;99;84m▛[38;2;111;99;85;48;2;139;119;101m▛[38;2;125;110;96;48;2;139;121;105m▞[38;2;82;75;68;48;2;100;89;78m▘[38;2;108;96;84;48;2;85;78;68m▀[38;2;151;132;114;48;2;95;86;75m▀[38;2;88;80;70;48;2;133;117;101m▝[38;2;98;89;78;48;2;57;53;47m▖[38;2;73;79;75;48;2;50;47;43m▝[38;2;64;71;68;48;2;126;119;116m▖[38;2;153;120;115;48;2;123;151;144m▀[38;2;149;111;109;48;2;132;158;151m▀[38;2;141;115;112;48;2;127;146;141m▘[38;2;125;143;138;48;2;129;148;144m▀[38;2;122;140;135;48;2;151;158;148m▌[0m
 [38;2;177;186;171;48;2;155;172;165m▌[38;2;151;171;167;48;2;156;174;169m▝[38;2;151;171;166;48;2;152;172;167m▝[38;2;149;168;163;48;2;152;171;166m▀[38;2;149;169;164;48;2;152;172;166m▘[38;2;149;168;161;48;2;152;171;165m▝[38;2;147;167;163;48;2;150;170;165m▀▀[38;2;151;170;165;48;2;153;173;167m▛[38;2;146;168;164;48;2;148;169;165m▌[38;2;147;168;163;48;2;151;171;167m▀[38;2;146;167;164;48;2;148;168;165m▝[38;2;150;170;165;48;2;146;168;164m▝[38;2;144;165;163;48;2;145;167;164m▘[38;2;143;164;162;48;2;146;168;164m▀[38;2;141;163;161;48;2;144;166;164m▀[38;2;145;168;166;48;2;142;164;161m▞[38;2;148;172;170;48;2;141;164;163m▀[38;2;149;171;169;48;2;143;166;163m▝[38;2;144;163;159;48;2;148;169;165m▝[38;2;88;95;91;48;2;143;164;160m▝[38;2;127;145;140;48;2;74;75;68m▖[38;2;124;110;93;48;2;140;123;103m▌[38;2;146;127;106;48;2;134;117;99m▀[38;2;131;115;96;48;2;155;137;113m▘[38;2;164;144;119;48;2;181;160;131m▀[38;2;187;165;135;48;2;177;155;127m▖[38;2;176;154;126;48;2;169;147;120m▝[38;2;173;151;124;48;2;194;171;140m▛[38;2;177;157;129;48;2;192;170;139m▀[38;2;175;153;124;48;2;158;137;112m▌[38;2;167;143;116;48;2;139;129;110m▛[38;2;120;114;101;48;2;149;151;135m▝[38;2;114;115;105;48;2;152;172;164m▀[38;2;116;119;109;48;2;154;175;167m▀[38;2;118;121;111;48;2;156;174;166m▀[38;2;126;129;119;48;2;150;170;164m▀[38;2;120;121;112;48;2;148;168;163m▀[38;2;136;133;121;48;2;145;166;162m▀[38;2;105;101;92;48;2;137;157;155m▀[38;2;122;113;99;48;2;143;150;142m▘[38;2;82;74;66;48;2;121;136;133m▀[38;2;90;79;69;48;2;105;112;107m▀[38;2;130;114;98;48;2;99;89;79m▀[38;2;130;111;95;48;2;153;132;113m▖[38;2;145;126;109;48;2;91;84;74m▖[38;2;50;43;38;48;2;68;64;57m▀[38;2;72;74;70;48;2;49;45;41m▝[38;2;121;134;128;48;2;51;50;46m▀[38;2;102;116;114;48;2;131;150;148m▖[38;2;130;150;146;48;2;121;142;141m▀[38;2;124;143;140;48;2;157;166;156m▌[0m
 [38;2;180;189;173;48;2;159;175;166m▌[38;2;158;175;170;48;2;154;173;169m▌[38;2;157;175;169;48;2;153;172;166m▘[38;2;153;172;166;48;2;154;173;167m▖[38;2;156;174;167;48;2;152;172;167m▘[38;2;151;171;166;48;2;153;173;168m▞[38;2;149;169;165;48;2;151;171;167m▝[38;2;148;169;165;48;2;151;171;167m▛[38;2;149;170;165;48;2;152;173;167m▌[38;2;148;169;165;48;2;150;170;164m▌[38;2;152;171;164;48;2;148;169;164m▖[38;2;145;166;163;48;2;147;168;165m▝[38;2;146;168;164;48;2;146;168;165m▝[38;2;145;167;163;48;2;145;166;161m▛[38;2;146;167;164;48;2;148;170;166m▌[38;2;146;168;165;48;2;142;165;162m▌[38;2;143;165;162;48;2;145;167;163m▘[38;2;144;168;165;48;2;145;168;165m▝[38;2;145;167;164;48;2;149;170;165m▌[38;2;150;171;166;48;2;152;172;165m▀[38;2;145;167;162;48;2;151;172;166m▀[38;2;144;165;159;48;2;107;115;107m▌[38;2;117;105;90;48;2;132;116;96m▌[38;2;129;114;96;48;2;161;140;116m▘[38;2;165;144;119;48;2;170;149;124m▞[38;2;174;152;125;48;2;183;161;131m▛[38;2;171;150;123;48;2;168;148;121m▛[38;2;179;157;128;48;2;191;169;137m▛[38;2;184;163;133;48;2;179;157;129m▖[38;2;184;161;131;48;2;194;171;139m▀[38;2;171;151;123;48;2;139;137;117m▛[38;2;132;138;121;48;2;142;160;149m▛[38;2;135;153;144;48;2;149;167;161m▀[38;2;146;161;153;48;2;150;168;161m▘[38;2;147;166;159;48;2;151;169;161m▀[38;2;152;168;160;48;2;147;166;159m▞[38;2;149;167;161;48;2;150;168;160m▖[38;2;146;165;159;48;2;148;166;160m▀[38;2;149;166;159;48;2;145;164;159m▌[38;2;143;162;157;48;2;141;160;156m▖[38;2;142;161;157;48;2;136;157;154m▌[38;2;136;158;157;48;2;134;154;152m▀[38;2;135;157;157;48;2;131;152;151m▛[38;2;111;124;121;48;2;131;152;151m▝[38;2;120;113;101;48;2;125;147;147m▀[38;2;132;141;135;48;2;127;114;100m▖[38;2;93;86;76;48;2;130;118;103m▀[38;2;85;81;71;48;2;63;58;52m▖[38;2;44;40;37;48;2;55;52;46m▝[38;2;96;110;108;48;2;51;49;45m▝[38;2;97;111;109;48;2;119;141;142m▖[38;2;118;139;139;48;2;155;165;156m▌[0m
 [38;2;181;189;174;48;2;160;176;168m▌[38;2;155;173;169;48;2;152;172;168m▌[38;2;151;170;167;48;2;153;172;167m▌[38;2;152;173;168;48;2;152;172;167m▞[38;2;150;170;166;48;2;152;173;168m▌[38;2;150;171;166;48;2;152;172;167m▀[38;2;152;172;167;48;2;149;170;165m▌[38;2;149;170;167;48;2;151;172;168m▘[38;2;150;172;167;48;2;153;174;169m▌[38;2;148;170;166;48;2;150;171;167m▘[38;2;148;170;167;48;2;152;173;168m▝[38;2;147;169;166;48;2;148;170;166m▀[38;2;146;168;164;48;2;150;171;168m▝[38;2;147;169;164;48;2;150;172;168m▀[38;2;144;167;164;48;2;147;169;166m▘[38;2;147;169;166;48;2;145;167;165m▌[38;2;145;168;165;48;2;148;170;167m▛[38;2;145;168;166;48;2;143;166;163m▀[38;2;144;167;164;48;2;145;168;165m▖[38;2;156;175;169;48;2;151;171;167m▀[38;2;148;169;163;48;2;110;110;99m▛[38;2;97;86;73;48;2;109;105;93m▞[38;2;165;143;117;48;2;141;123;102m▝[38;2;151;132;110;48;2;177;154;127m▖[38;2;174;153;126;48;2;178;156;129m▛[38;2;174;152;125;48;2;202;177;145m▛[38;2;182;159;129;48;2;148;132;109m▛[38;2;196;174;142;48;2;113;103;88m▀[38;2;160;141;117;48;2;77;75;66m▀[38;2;131;132;120;48;2;149;173;170m▛[38;2;144;160;152;48;2;149;172;168m▀[38;2;154;174;167;48;2;151;172;167m▌[38;2;150;169;164;48;2;150;171;166m▝[38;2;150;170;163;48;2;146;168;163m▀[38;2;152;170;162;48;2;147;168;162m▝[38;2;150;169;162;48;2;147;167;161m▀[38;2;150;168;161;48;2;147;168;163m▀[38;2;150;168;161;48;2;149;168;160m▘[38;2;153;169;161;48;2;147;166;159m▘[38;2;147;165;159;48;2;143;162;157m▌[38;2;137;158;157;48;2;140;160;156m▖[38;2;140;160;156;48;2;136;157;154m▖[38;2;134;155;154;48;2;135;157;155m▝[38;2;134;154;152;48;2;137;158;155m▀[38;2;134;156;153;48;2;130;153;151m▌[38;2;129;150;149;48;2;132;155;155m▌[38;2;115;126;123;48;2;81;75;66m▌[38;2;107;99;87;48;2;86;80;70m▘[38;2;63;59;51;48;2;67;63;55m▝[38;2;65;61;53;48;2;57;53;47m▖[38;2;71;75;71;48;2;53;49;43m▝[38;2;73;78;73;48;2;146;159;152m▖[0m
 [38;2;183;190;175;48;2;158;176;167m▌[38;2;157;176;170;48;2;153;173;168m▌[38;2;156;175;170;48;2;152;171;167m▖[38;2;153;172;165;48;2;153;172;167m▖[38;2;155;174;167;48;2;152;172;167m▖[38;2;155;174;168;48;2;155;173;166m▀[38;2;154;173;166;48;2;154;174;168m▖[38;2;152;173;169;48;2;153;173;168m▝[38;2;153;173;167;48;2;157;176;169m▌[38;2;150;172;168;48;2;155;175;169m▝[38;2;156;176;170;48;2;152;173;168m▖[38;2;150;171;168;48;2;147;169;165m▘[38;2;151;172;168;48;2;149;171;166m▀[38;2;150;172;168;48;2;149;171;166m▀[38;2;149;171;167;48;2;150;173;167m▛[38;2;147;170;165;48;2;144;167;164m▌[38;2;147;169;166;48;2;150;171;167m▌[38;2;145;167;165;48;2;148;170;166m▀[38;2;146;168;165;48;2;152;172;167m▌[38;2;155;176;171;48;2;151;171;165m▞[38;2;120;131;122;48;2;101;92;79m▘[38;2;127;112;94;48;2;149;131;109m▀[38;2;141;123;103;48;2;162;142;117m▀[38;2;167;147;121;48;2;132;120;101m▛[38;2;157;138;115;48;2;81;77;68m▀[38;2;138;124;104;48;2;67;65;57m▀[38;2;68;64;56;48;2;89;88;79m▞[38;2;72;71;64;48;2;134;151;146m▀[38;2;103;113;109;48;2;147;168;165m▘[38;2;154;176;171;48;2;152;173;167m▘[38;2;148;167;159;48;2;152;172;166m▘[38;2;156;174;168;48;2;152;170;165m▌[38;2;151;171;165;48;2;150;169;162m▛[38;2;143;165;161;48;2;147;167;162m▝[38;2;145;165;160;48;2;148;168;162m▝[38;2;147;167;162;48;2;145;166;161m▖[38;2;150;170;163;48;2;147;167;161m▀[38;2;148;168;162;48;2;151;169;162m▘[38;2;150;168;160;48;2;145;166;160m▞[38;2;148;167;160;48;2;145;164;158m▌[38;2;141;161;157;48;2;140;159;157m▌[38;2;142;162;157;48;2;139;160;156m▖[38;2;137;158;155;48;2;140;160;157m▝[38;2;136;157;155;48;2;133;154;153m▝[38;2;135;157;155;48;2;132;153;153m▌[38;2;132;153;152;48;2;129;150;150m▌[38;2;134;156;154;48;2;92;96;91m▌[38;2;62;57;50;48;2;71;66;59m▖[38;2;84;78;69;48;2;74;69;60m▘[38;2;73;68;60;48;2;64;59;52m▖[38;2;64;60;52;48;2;66;62;55m▀[38;2;53;50;44;48;2;132;132;119m▌[0m
 [38;2;182;189;174;48;2;159;177;168m▌[38;2;156;175;169;48;2;152;171;167m▖[38;2;153;172;166;48;2;158;173;167m▀[38;2;158;173;165;48;2;153;172;165m▖[38;2;155;173;167;48;2;151;171;165m▌[38;2;155;174;167;48;2;152;172;165m▘[38;2;152;172;165;48;2;154;174;168m▘[38;2;154;173;166;48;2;153;173;168m▖[38;2;151;172;167;48;2;154;174;168m▌[38;2;155;174;165;48;2;154;174;168m▖[38;2;156;177;171;48;2;152;173;168m▘[38;2;150;172;168;48;2;147;169;166m▘[38;2;150;172;167;48;2;146;168;164m▝[38;2;152;173;167;48;2;149;171;166m▘[38;2;148;170;166;48;2;145;169;166m▛[38;2;144;167;165;48;2;145;168;165m▝[38;2;142;166;163;48;2;145;168;165m▖[38;2;146;169;165;48;2;149;171;167m▞[38;2;147;169;166;48;2;157;176;169m▛[38;2;132;147;138;48;2;156;176;169m▝[38;2;93;83;70;48;2;128;118;101m▘[38;2;168;146;120;48;2;150;135;114m▀[38;2;157;137;113;48;2;98;92;80m▘[38;2;127;121;103;48;2;113;111;94m▀[38;2;71;66;57;48;2;107;109;99m▝[38;2;79;79;71;48;2;139;156;152m▀[38;2;123;137;132;48;2;150;172;167m▘[38;2;154;177;172;48;2;149;170;164m▘[38;2;149;170;165;48;2;148;168;163m▞[38;2;150;170;166;48;2;153;173;167m▖[38;2;148;169;164;48;2;151;172;166m▌[38;2;152;172;166;48;2;147;168;164m▛[38;2;148;168;163;48;2;143;164;161m▀[38;2;145;165;160;48;2;140;162;159m▛[38;2;142;163;159;48;2;146;166;161m▞[38;2;146;166;160;48;2;145;165;160m▝[38;2;146;165;160;48;2;141;162;159m▀[38;2;148;167;161;48;2;143;164;160m▛[38;2;151;169;162;48;2;145;165;160m▘[38;2;145;165;160;48;2;142;163;160m▀[38;2;138;158;155;48;2;132;155;154m▛[38;2;138;158;155;48;2;134;156;154m▘[38;2;134;156;155;48;2;132;154;154m▛[38;2;132;154;153;48;2;136;157;154m▛[38;2;132;154;153;48;2;129;151;150m▘[38;2;130;150;150;48;2;127;149;148m▖[38;2;124;143;142;48;2;128;150;148m▝[38;2;141;163;160;48;2;98;106;101m▖[38;2;59;54;47;48;2;70;66;58m▌[38;2;73;68;60;48;2;67;63;55m▝[38;2;72;67;59;48;2;63;58;52m▞[38;2;63;58;50;48;2;131;126;112m▌[0m
 [38;2;181;188;173;48;2;158;176;168m▌[38;2;152;171;167;48;2;182;98;95m▛[38;2;144;173;170;48;2;195;102;96m▀[38;2;145;175;171;48;2;193;108;101m▀[38;2;145;173;170;48;2;170;112;108m▀[38;2;148;175;170;48;2;153;172;167m▖[38;2;152;172;166;48;2;153;173;168m▌[38;2;153;173;169;48;2;151;171;167m▀[38;2;150;171;166;48;2;152;172;167m▖[38;2;155;175;168;48;2;151;172;167m▌[38;2;151;172;166;48;2;153;174;168m▖[38;2;145;167;164;48;2;148;170;166m▌[38;2;148;170;167;48;2;150;171;167m▖[38;2;150;172;167;48;2;148;171;167m▞[38;2;149;171;167;48;2;147;169;166m▀[38;2;148;171;167;48;2;145;168;165m▌[38;2;143;167;164;48;2;145;169;166m▀[38;2;151;172;168;48;2;146;169;166m▞[38;2;151;172;167;48;2;145;168;164m▛[38;2;150;171;164;48;2;155;177;172m▌[38;2;141;158;150;48;2;128;126;111m▖[38;2;161;149;125;48;2;149;138;115m▘[38;2;124;121;103;48;2;133;144;136m▀[38;2;143;146;130;48;2;148;167;161m▘[38;2;150;173;170;48;2;143;165;161m▝[38;2;149;170;166;48;2;143;165;162m▀[38;2;148;169;164;48;2;146;168;164m▘[38;2;149;169;164;48;2;145;167;163m▌[38;2;151;171;166;48;2;146;167;163m▘[38;2;149;170;165;48;2;151;170;164m▛[38;2;143;165;161;48;2;149;170;164m▖[38;2;145;167;164;48;2;148;169;164m▝[38;2;145;166;162;48;2;143;164;160m▌[38;2;139;161;159;48;2;141;163;159m▌[38;2;143;164;160;48;2;144;165;161m▘[38;2;146;167;162;48;2;144;165;161m▖[38;2;140;161;158;48;2;144;165;161m▝[38;2;140;162;159;48;2;145;165;160m▌[38;2;146;167;163;48;2;147;167;162m▝[38;2;142;164;161;48;2;144;165;161m▀[38;2;142;163;160;48;2;136;158;156m▌[38;2;138;159;157;48;2;137;158;155m▌[38;2;135;157;155;48;2;136;158;156m▞[38;2;133;155;154;48;2;135;157;155m▘[38;2;130;152;150;48;2;134;156;153m▀[38;2;133;155;153;48;2;130;151;150m▖[38;2;129;150;149;48;2;132;153;152m▝[38;2;139;161;159;48;2;97;104;98m▌[38;2;58;54;47;48;2;64;61;54m▌[38;2;70;66;59;48;2;60;56;51m▌[38;2;65;61;55;48;2;72;68;60m▞[38;2;55;51;44;48;2;142;138;122m▌[0m
 [38;2;184;189;173;48;2;162;181;172m▌[38;2;161;166;161;48;2;215;84;76m▌[38;2;232;75;65;48;2;159;67;62m▘[38;2;220;78;70;48;2;175;77;73m▛[38;2;222;71;67;48;2;161;111;107m▌[38;2;146;175;168;48;2;154;171;164m▌[38;2;151;171;166;48;2;155;174;166m▀[38;2;151;171;166;48;2;153;174;168m▀[38;2;151;171;167;48;2;156;175;169m▌[38;2;158;177;170;48;2;156;175;169m▖[38;2;155;176;169;48;2;158;178;171m▀[38;2;153;174;169;48;2;148;170;166m▖[38;2;148;169;166;48;2;150;172;167m▀[38;2;154;174;167;48;2;150;172;167m▘[38;2;148;170;166;48;2;151;172;167m▛[38;2;149;169;165;48;2;150;171;166m▘[38;2;145;167;163;48;2;148;170;166m▘[38;2;145;168;166;48;2;148;170;166m▀[38;2;148;171;166;48;2;151;173;167m▛[38;2;152;173;167;48;2;149;171;166m▖[38;2;143;164;157;48;2;151;172;166m▝[38;2;134;150;143;48;2;153;175;169m▀[38;2;144;169;166;48;2;149;170;164m▘[38;2;150;171;164;48;2;147;169;164m▖[38;2;145;168;163;48;2;149;171;164m▛[38;2;146;169;164;48;2;146;168;163m▘[38;2;146;168;163;48;2;150;171;164m▀[38;2;147;169;164;48;2;150;172;165m▀[38;2;147;168;164;48;2;151;171;165m▀[38;2;150;171;165;48;2;156;175;167m▛[38;2;148;169;162;48;2;153;172;164m▀[38;2;156;175;167;48;2;151;171;164m▖[38;2;151;171;166;48;2;147;168;163m▖[38;2;145;166;162;48;2;152;172;166m▛[38;2;149;170;164;48;2;150;170;164m▝[38;2;148;169;163;48;2;153;172;166m▛[38;2;147;168;163;48;2;150;170;164m▀[38;2;146;167;162;48;2;150;171;165m▀[38;2;147;169;163;48;2;149;169;163m▘[38;2;152;171;162;48;2;148;167;160m▖[38;2;141;162;159;48;2;145;165;160m▝[38;2;142;163;159;48;2;140;161;157m▛[38;2;138;160;157;48;2;139;161;158m▌[38;2;137;159;158;48;2;137;159;156m▘[38;2;137;159;155;48;2;132;154;152m▌[38;2;129;152;151;48;2;132;154;152m▖[38;2;132;153;151;48;2;133;154;151m▝[38;2;137;160;157;48;2;112;124;120m▌[38;2;57;52;46;48;2;64;60;53m▘[38;2;67;63;57;48;2;76;76;70m▀[38;2;57;53;47;48;2;69;65;58m▌[38;2;58;55;48;48;2;145;140;125m▌[0m
 [38;2;181;186;171;48;2;162;181;173m▌[38;2;159;160;154;48;2;212;81;74m▌[38;2;194;76;71;48;2;228;80;73m▀[38;2;138;64;63;48;2;183;69;68m▀[38;2;222;74;73;48;2;161;123;117m▌[38;2;151;177;165;48;2;159;174;164m▌[38;2;159;177;169;48;2;159;177;170m▀[38;2;156;176;170;48;2;157;177;169m▀[38;2;155;175;168;48;2;159;178;170m▛[38;2;161;179;171;48;2;156;176;169m▖[38;2;159;178;169;48;2;158;178;170m▘[38;2;153;173;167;48;2;162;179;171m▛[38;2;160;178;171;48;2;154;174;168m▖[38;2;153;173;167;48;2;155;175;169m▀[38;2;153;175;169;48;2;151;172;167m▖[38;2;148;171;166;48;2;152;174;168m▝[38;2;149;171;167;48;2;150;172;167m▘[38;2;148;171;167;48;2;152;174;169m▛[38;2;149;172;167;48;2;152;174;168m▌[38;2;151;174;168;48;2;149;172;167m▌[38;2;149;173;168;48;2;152;174;167m▘[38;2;150;171;165;48;2;150;173;167m▀[38;2;151;172;164;48;2;151;173;167m▝[38;2;151;172;165;48;2;149;171;164m▞[38;2;149;171;165;48;2;150;172;165m▞[38;2;149;171;164;48;2;148;169;162m▛[38;2;150;171;163;48;2;153;173;164m▞[38;2;151;172;165;48;2;152;173;165m▀[38;2;152;173;166;48;2;151;173;167m▝[38;2;155;175;167;48;2;155;174;166m▀[38;2;153;172;165;48;2;161;178;169m▀[38;2;151;172;166;48;2;154;175;167m▀[38;2;146;168;164;48;2;153;173;166m▝[38;2;147;168;163;48;2;152;172;165m▘[38;2;151;170;162;48;2;148;169;163m▖[38;2;148;169;163;48;2;152;173;166m▀[38;2;148;169;163;48;2;152;173;165m▘[38;2;149;170;165;48;2;153;173;166m▝[38;2;148;169;163;48;2;151;171;165m▀[38;2;150;170;163;48;2;152;171;163m▞[38;2;146;166;161;48;2;147;168;162m▝[38;2;144;164;159;48;2;140;161;158m▖[38;2;142;163;159;48;2;140;161;158m▖[38;2;141;162;159;48;2;139;160;157m▖[38;2;142;162;157;48;2;136;158;155m▌[38;2;132;154;151;48;2;136;157;154m▝[38;2;131;153;151;48;2;134;155;152m▌[38;2;135;155;152;48;2;141;162;157m▌[38;2;57;49;41;48;2;111;123;117m▝[38;2;137;154;147;48;2;89;92;85m▖[38;2;63;58;51;48;2;67;64;57m▌[38;2;63;59;51;48;2;149;145;129m▌[0m
 [38;2;168;186;176;48;2;186;193;177m▝[38;2;165;167;158;48;2;206;72;66m▌[38;2;229;73;67;48;2;181;66;62m▌[38;2;168;64;61;48;2;220;76;72m▌[38;2;225;72;68;48;2;172;132;126m▌[38;2;160;187;177;48;2;164;180;171m▌[38;2;161;179;171;48;2;166;183;172m▀[38;2;161;178;170;48;2;170;186;175m▀[38;2;160;178;170;48;2;170;186;176m▀[38;2;163;181;172;48;2;170;187;177m▀[38;2;166;183;174;48;2;171;187;178m▀[38;2;161;180;172;48;2;171;187;178m▀[38;2;162;181;172;48;2;171;188;179m▀[38;2;162;181;173;48;2;170;188;179m▀[38;2;157;177;171;48;2;169;187;178m▀[38;2;157;178;172;48;2;164;183;176m▀[38;2;154;175;170;48;2;166;185;177m▀[38;2;156;177;169;48;2;166;185;176m▀[38;2;154;176;170;48;2;165;184;175m▀[38;2;158;178;171;48;2;168;185;176m▀[38;2;158;178;170;48;2;168;185;176m▀[38;2;156;177;170;48;2;165;183;175m▀[38;2;155;176;168;48;2;164;183;175m▀[38;2;154;176;168;48;2;164;182;172m▀[38;2;157;177;170;48;2;166;184;175m▀[38;2;154;174;165;48;2;165;183;174m▀[38;2;155;175;166;48;2;165;182;172m▀[38;2;156;175;166;48;2;165;184;173m▀[38;2;155;175;167;48;2;165;182;172m▀[38;2;158;176;167;48;2;166;183;173m▀[38;2;159;178;168;48;2;168;183;173m▀[38;2;162;178;167;48;2;167;185;174m▀[38;2;159;178;168;48;2;163;181;172m▀[38;2;159;177;167;48;2;164;181;171m▀[38;2;154;174;166;48;2;162;180;170m▀[38;2;156;174;165;48;2;164;180;168m▀[38;2;157;175;167;48;2;163;179;168m▀[38;2;155;174;165;48;2;162;179;168m▀[38;2;152;172;164;48;2;161;178;168m▀[38;2;152;171;163;48;2;162;179;169m▀[38;2;150;170;162;48;2;161;178;169m▀[38;2;145;166;159;48;2;156;175;166m▀[38;2;141;162;157;48;2;152;171;164m▀[38;2;143;164;159;48;2;153;172;163m▀[38;2;141;163;158;48;2;152;172;163m▀[38;2;137;158;155;48;2;145;166;160m▀[38;2;137;158;154;48;2;145;165;159m▀[38;2;136;157;152;48;2;146;164;157m▀[38;2;148;166;159;48;2;157;173;163m▘[38;2;138;148;138;48;2;73;67;60m▌[38;2;67;63;56;48;2;93;96;87m▛[38;2;76;75;68;48;2;152;146;130m▌[0m
 [38;2;206;203;180;48;2;189;204;187m▌[38;2;180;176;163;48;2;213;73;64m▌[38;2;211;71;63;48;2;146;56;52m▛[38;2;127;51;49;48;2;195;70;65m▖[38;2;230;71;65;48;2;182;138;127m▌[38;2;174;198;184;48;2;180;191;178m▌[38;2;175;190;177;48;2;182;195;180m▀[38;2;176;191;179;48;2;185;198;183m▀[38;2;176;191;179;48;2;185;197;184m▀[38;2;177;192;181;48;2;184;197;183m▀[38;2;178;194;182;48;2;186;199;183m▀[38;2;177;192;182;48;2;182;195;182m▀[38;2;178;193;180;48;2;183;196;184m▘[38;2;176;192;181;48;2;183;197;184m▝[38;2;175;192;181;48;2;182;196;184m▀[38;2;171;189;180;48;2;180;195;183m▀[38;2;173;190;180;48;2;182;196;183m▀[38;2;174;191;181;48;2;182;196;183m▀[38;2;178;193;182;48;2;182;196;183m▀[38;2;176;192;180;48;2;183;197;183m▀[38;2;175;191;180;48;2;183;197;186m▀[38;2;173;189;178;48;2;180;196;184m▀[38;2;172;189;179;48;2;178;195;183m▀[38;2;174;190;178;48;2;179;195;182m▀[38;2;172;188;178;48;2;181;196;184m▀[38;2;172;189;178;48;2;181;196;182m▀[38;2;172;188;177;48;2;180;195;182m▀[38;2;170;187;176;48;2;181;196;183m▀[38;2;172;188;176;48;2;179;194;181m▀[38;2;172;187;175;48;2;183;195;180m▀[38;2;173;189;176;48;2;197;200;180m▀[38;2;178;186;171;48;2;217;209;184m▀[38;2;173;183;169;48;2;220;212;187m▀[38;2;170;185;173;48;2;198;199;178m▀[38;2;169;182;168;48;2;211;205;181m▀[38;2;186;189;171;48;2;175;189;176m▖[38;2;173;187;175;48;2;181;194;178m▀[38;2;173;187;174;48;2;182;196;180m▀[38;2;174;188;174;48;2;181;194;177m▀[38;2;174;188;175;48;2;183;196;179m▀[38;2;174;187;175;48;2;184;196;180m▀[38;2;171;185;173;48;2;182;195;180m▀[38;2;167;182;170;48;2;179;192;178m▀[38;2;165;180;168;48;2;179;192;178m▀[38;2;164;180;167;48;2;180;193;178m▀[38;2;160;177;166;48;2;177;190;175m▀[38;2;160;177;166;48;2;178;190;175m▀[38;2;163;178;167;48;2;180;191;175m▀[38;2;169;181;166;48;2;188;197;179m▘[38;2;134;136;125;48;2;59;53;46m▌[38;2;64;61;52;48;2;150;157;141m▘[38;2;81;78;69;48;2;156;151;134m▌[0m
 [38;2;213;210;185;48;2;202;211;193m▌[38;2;206;107;96;48;2;194;201;186m▝[38;2;189;103;94;48;2;197;210;193m▀[38;2;193;106;96;48;2;194;208;192m▀[38;2;217;105;94;48;2;188;189;174m▘[38;2;188;207;191;48;2;187;199;183m▘[38;2;189;202;186;48;2;188;199;183m▞[38;2;190;203;188;48;2;190;200;183m▀[38;2;193;205;189;48;2;187;197;179m▀[38;2;192;204;189;48;2;188;199;182m▀[38;2;193;204;187;48;2;193;201;184m▛[38;2;189;203;187;48;2;186;197;181m▀[38;2;188;202;188;48;2;191;202;185m▀[38;2;189;203;188;48;2;191;198;182m▀[38;2;192;202;185;48;2;184;190;172m▛[38;2;189;203;189;48;2;181;188;171m▀[38;2;191;204;188;48;2;188;195;176m▀[38;2;187;196;179;48;2;191;203;187m▖[38;2;189;202;186;48;2;194;204;186m▀[38;2;186;194;177;48;2;189;200;184m▖[38;2;189;200;185;48;2;196;205;186m▀[38;2;189;200;184;48;2;195;205;188m▀[38;2;192;202;185;48;2;189;198;182m▖[38;2;179;189;175;48;2;189;199;182m▝[38;2;184;194;179;48;2;177;186;170m▀[38;2;189;200;184;48;2;189;196;177m▝[38;2;189;200;184;48;2;184;191;173m▀[38;2;190;199;183;48;2;186;194;176m▘[38;2;188;196;178;48;2;193;202;184m▌[38;2;203;205;183;48;2;191;204;188m▀[38;2;206;209;188;48;2;188;203;187m▀[38;2;198;208;189;48;2;190;203;186m▘[38;2;196;206;188;48;2;189;201;186m▝[38;2;197;206;189;48;2;188;201;184m▘[38;2;206;212;192;48;2;191;202;186m▝[38;2;213;211;188;48;2;194;202;184m▘[38;2;189;193;174;48;2;195;206;188m▀[38;2;191;197;177;48;2;194;201;182m▀[38;2;190;198;179;48;2;194;201;182m▘[38;2;192;200;182;48;2;201;205;183m▀[38;2;193;200;181;48;2;195;199;178m▀[38;2;187;193;174;48;2;194;200;180m▀[38;2;187;197;179;48;2;187;195;177m▝[38;2;183;190;172;48;2;187;194;176m▖[38;2;184;192;174;48;2;183;189;171m▛[38;2;184;195;178;48;2;184;190;172m▀[38;2;185;196;178;48;2;184;192;174m▀[38;2;188;197;180;48;2;183;195;178m▀[38;2;202;207;186;48;2;191;198;178m▝[38;2;113;114;102;48;2;182;187;167m▀[38;2;202;209;187;48;2;135;134;120m▌[38;2;57;52;44;48;2;168;163;146m▌[0m
 [38;2;219;215;191;48;2;236;224;196m▀[38;2;212;213;193;48;2;238;226;200m▀[38;2;209;211;192;48;2;238;226;199m▀[38;2;204;208;188;48;2;238;226;199m▀[38;2;195;199;181;48;2;236;225;199m▀[38;2;193;195;175;48;2;236;225;197m▀[38;2;185;186;166;48;2;236;225;198m▀[38;2;186;189;170;48;2;236;226;200m▀[38;2;180;186;169;48;2;234;226;201m▀[38;2;195;198;179;48;2;235;227;202m▀[38;2;194;196;177;48;2;230;222;196m▀[38;2;184;188;169;48;2;230;221;195m▀[38;2;183;184;163;48;2;230;221;195m▀[38;2;189;187;166;48;2;227;222;197m▀[38;2;183;183;163;48;2;235;226;200m▀[38;2;183;182;162;48;2;231;225;199m▀[38;2;183;186;166;48;2;230;223;196m▀[38;2;192;194;175;48;2;234;227;201m▀[38;2;196;201;181;48;2;233;226;200m▀[38;2;203;205;184;48;2;233;225;199m▀[38;2;192;194;175;48;2;218;213;189m▀[38;2;188;188;169;48;2;218;212;187m▀[38;2;186;193;175;48;2;220;215;191m▀[38;2;212;208;185;48;2;192;198;180m▖[38;2;193;200;182;48;2;163;159;140m▛[38;2;193;206;189;48;2;188;185;164m▀[38;2;193;207;191;48;2;199;195;173m▀[38;2;203;211;193;48;2;204;197;174m▀[38;2;202;209;191;48;2;217;211;187m▀[38;2;205;211;193;48;2;215;207;183m▀[38;2;207;213;193;48;2;214;208;183m▀[38;2;204;210;190;48;2;229;219;193m▀[38;2;197;204;186;48;2;231;223;197m▀[38;2;198;205;187;48;2;234;226;200m▀[38;2;201;207;188;48;2;233;225;199m▀[38;2;204;208;189;48;2;231;222;195m▀[38;2;205;208;188;48;2;235;225;197m▀[38;2;203;208;188;48;2;232;222;195m▀[38;2;204;208;187;48;2;228;220;193m▀[38;2;201;206;185;48;2;229;220;193m▀[38;2;205;208;186;48;2;236;224;196m▀[38;2;204;207;186;48;2;238;224;195m▀[38;2;197;203;183;48;2;237;221;192m▀[38;2;196;203;183;48;2;236;222;193m▀[38;2;197;204;183;48;2;235;221;193m▀[38;2;200;204;184;48;2;233;219;191m▀[38;2;196;201;181;48;2;231;217;188m▀[38;2;199;202;181;48;2;232;217;188m▀[38;2;202;204;181;48;2;231;216;187m▀[38;2;209;208;184;48;2;233;218;189m▀[38;2;199;190;167;48;2;80;74;65m▌[38;2;69;66;56;48;2;197;188;166m▘[0m
 [38;2;232;218;188;48;2;237;227;202m▌[38;2;236;226;200;48;2;234;224;199m▛[38;2;236;225;198;48;2;230;220;194m▛[38;2;237;225;199;48;2;230;220;194m▀[38;2;237;227;200;48;2;219;211;185m▀[38;2;238;228;201;48;2;209;201;177m▀[38;2;215;205;179;48;2;234;224;197m▖[38;2;236;226;199;48;2;223;214;188m▀[38;2;238;228;201;48;2;217;209;183m▀[38;2;238;228;202;48;2;216;210;184m▀[38;2;236;226;199;48;2;208;202;179m▀[38;2;232;224;197;48;2;203;197;172m▀[38;2;236;228;201;48;2;203;198;174m▀[38;2;234;226;200;48;2;205;199;176m▘[38;2;218;211;186;48;2;209;203;179m▝[38;2;217;213;189;48;2;208;203;178m▀[38;2;224;218;193;48;2;208;203;179m▝[38;2;220;213;188;48;2;198;194;172m▘[38;2;213;211;188;48;2;203;198;175m▝[38;2;217;212;188;48;2;212;205;180m▀[38;2;213;206;182;48;2;201;194;171m▀[38;2;201;194;170;48;2;208;201;176m▀[38;2;200;192;166;48;2;207;201;176m▝[38;2;175;166;144;48;2;203;195;170m▀[38;2;170;161;139;48;2;206;199;175m▀[38;2;192;183;159;48;2;204;198;173m▘[38;2;191;186;163;48;2;204;201;178m▛[38;2;188;181;159;48;2;217;213;189m▀[38;2;192;192;170;48;2;216;211;186m▀[38;2;176;174;154;48;2;216;210;185m▀[38;2;167;164;144;48;2;210;202;177m▀[38;2;192;188;166;48;2;216;206;180m▀[38;2;197;192;169;48;2;206;198;174m▘[38;2;188;180;157;48;2;210;199;173m▀[38;2;185;181;159;48;2;208;198;173m▝[38;2;206;199;174;48;2;219;207;181m▘[38;2;203;194;169;48;2;228;215;187m▀[38;2;213;203;177;48;2;226;212;183m▀[38;2;197;191;168;48;2;224;211;182m▀[38;2;208;200;174;48;2;219;209;182m▘[38;2;194;186;163;48;2;216;207;181m▝[38;2;205;197;172;48;2;219;207;179m▀[38;2;208;197;172;48;2;218;210;184m▌[38;2;214;210;185;48;2;224;215;187m▘[38;2;230;219;192;48;2;223;215;190m▌[38;2;229;219;191;48;2;215;208;183m▀[38;2;228;217;190;48;2;219;209;182m▀[38;2;217;208;182;48;2;225;214;186m▖[38;2;230;216;189;48;2;218;208;182m▀[38;2;230;216;188;48;2;226;213;185m▀[38;2;225;211;184;48;2;227;214;187m▘[38;2;230;215;185;48;2;209;199;176m▘[0m
 [38;2;227;214;184;48;2;236;226;201m▌[38;2;237;226;201;48;2;228;218;192m▛[38;2;231;220;194;48;2;238;226;199m▖[38;2;236;225;198;48;2;225;214;188m▛[38;2;230;220;193;48;2;235;225;198m▀[38;2;236;225;198;48;2;225;215;188m▖[38;2;234;224;198;48;2;208;198;172m▀[38;2;233;223;196;48;2;209;199;174m▀[38;2;222;212;186;48;2;233;223;196m▖[38;2;231;221;195;48;2;236;227;200m▀[38;2;231;220;194;48;2;234;225;199m▀[38;2;227;217;191;48;2;233;226;200m▀[38;2;219;210;184;48;2;236;228;203m▀[38;2;237;229;203;48;2;228;220;195m▖[38;2;228;219;194;48;2;234;224;198m▞[38;2;230;221;194;48;2;206;195;170m▀[38;2;222;213;188;48;2;238;228;201m▛[38;2;227;218;192;48;2;222;214;188m▞[38;2;235;226;199;48;2;215;207;182m▖[38;2;211;203;178;48;2;222;213;188m▝[38;2;202;198;176;48;2;217;209;183m▀[38;2;212;208;184;48;2;227;218;192m▀[38;2;212;208;184;48;2;225;218;193m▘[38;2;221;215;190;48;2;228;221;196m▛[38;2;216;212;188;48;2;225;219;195m▀[38;2;216;211;186;48;2;226;219;194m▀[38;2;202;196;173;48;2;226;220;195m▀[38;2;207;200;175;48;2;227;220;194m▀[38;2;202;194;170;48;2;230;221;195m▀[38;2;184;177;155;48;2;229;220;194m▀[38;2;203;197;173;48;2;229;219;192m▀[38;2;206;200;177;48;2;226;217;191m▀[38;2;195;187;162;48;2;223;214;188m▀[38;2;186;177;154;48;2;221;212;185m▀[38;2;185;177;154;48;2;210;200;174m▀[38;2;161;154;133;48;2;208;197;171m▀[38;2;194;186;161;48;2;204;193;167m▀[38;2;164;158;136;48;2;207;198;171m▀[38;2;193;185;160;48;2;201;191;166m▘[38;2;199;189;163;48;2;184;175;151m▛[38;2;182;172;149;48;2;195;186;161m▘[38;2;190;182;158;48;2;202;193;168m▘[38;2;211;202;177;48;2;204;196;172m▖[38;2;205;197;172;48;2;196;188;163m▝[38;2;220;211;185;48;2;200;190;165m▘[38;2;207;198;173;48;2;210;202;177m▛[38;2;210;201;176;48;2;197;188;164m▘[38;2;214;204;178;48;2;198;191;167m▀[38;2;208;196;169;48;2;188;183;160m▝[38;2;217;205;178;48;2;189;186;163m▘[38;2;219;205;178;48;2;194;189;166m▘[38;2;192;183;157;48;2;212;203;182m▌[0m
 [38;2;204;192;166;48;2;176;166;142m▛[38;2;198;186;162;48;2;222;210;185m▖[38;2;229;218;192;48;2;192;181;157m▝[38;2;187;176;153;48;2;206;194;169m▛[38;2;217;206;180;48;2;194;183;159m▀[38;2;208;200;174;48;2;187;177;152m▀[38;2;217;209;183;48;2;229;219;192m▛[38;2;209;201;177;48;2;214;204;178m▝[38;2;197;190;166;48;2;217;208;183m▘[38;2;199;195;172;48;2;228;218;193m▀[38;2;228;221;197;48;2;212;205;181m▞[38;2;226;219;194;48;2;212;203;179m▛[38;2;197;187;164;48;2;212;203;179m▝[38;2;183;174;150;48;2;216;208;183m▝[38;2;170;160;138;48;2;213;205;180m▀[38;2;175;164;141;48;2;222;214;189m▀[38;2;170;161;139;48;2;210;202;178m▀[38;2;170;160;139;48;2;220;211;185m▀[38;2;212;201;176;48;2;225;214;188m▀[38;2;223;213;187;48;2;214;203;178m▞[38;2;211;202;177;48;2;223;213;188m▀[38;2;222;212;186;48;2;213;205;181m▘[38;2;206;199;175;48;2;215;208;184m▀[38;2;215;209;185;48;2;223;216;191m▀[38;2;210;200;175;48;2;225;217;191m▘[38;2;229;218;192;48;2;232;224;198m▀[38;2;219;207;181;48;2;229;220;195m▀[38;2;228;217;190;48;2;234;224;196m▛[38;2;236;224;196;48;2;232;220;193m▛[38;2;232;219;192;48;2;228;216;189m▘[38;2;233;220;193;48;2;224;211;184m▘[38;2;222;210;183;48;2;232;221;193m▀[38;2;237;227;199;48;2;220;211;184m▖[38;2;205;195;169;48;2;220;211;186m▀[38;2;203;193;169;48;2;221;213;187m▀[38;2;211;206;181;48;2;217;209;183m▝[38;2;202;198;173;48;2;217;208;182m▀[38;2;193;190;167;48;2;212;205;181m▀[38;2;177;178;159;48;2;198;193;169m▀[38;2;176;177;156;48;2;205;201;176m▀[38;2;177;177;156;48;2;206;200;175m▀[38;2;169;174;155;48;2;204;198;174m▀[38;2;177;182;163;48;2;204;197;173m▀[38;2;175;182;163;48;2;210;202;178m▀[38;2;176;185;167;48;2;213;206;181m▀[38;2;173;182;166;48;2;215;206;182m▀[38;2;170;181;165;48;2;213;206;182m▀[38;2;167;180;164;48;2;209;202;179m▀[38;2;173;184;166;48;2;215;206;180m▀[38;2;180;192;173;48;2;222;211;184m▀[38;2;181;195;177;48;2;221;210;184m▀[38;2;182;191;169;48;2;219;209;186m▘[0m
 [38;2;220;208;181;48;2;232;222;196m▛[38;2;227;216;191;48;2;224;214;188m▛[38;2;229;218;192;48;2;219;208;182m▌[38;2;235;222;196;48;2;216;205;180m▝[38;2;225;215;190;48;2;218;207;181m▖[38;2;207;194;168;48;2;212;204;180m▀[38;2;228;215;188;48;2;212;202;175m▝[38;2;224;213;186;48;2;207;196;171m▛[38;2;222;210;183;48;2;217;205;179m▛[38;2;210;198;173;48;2;223;211;185m▖[38;2;200;188;163;48;2;221;210;184m▝[38;2;208;195;170;48;2;219;209;183m▀[38;2;197;184;160;48;2;221;211;184m▀[38;2;206;193;169;48;2;216;205;180m▘[38;2;233;221;194;48;2;209;201;175m▀[38;2;228;217;190;48;2;185;176;153m▛[38;2;236;224;197;48;2;199;191;168m▀[38;2;240;228;201;48;2;209;202;179m▀[38;2;236;225;198;48;2;213;203;178m▀[38;2;223;215;190;48;2;229;220;194m▞[38;2;230;221;196;48;2;228;219;193m▞[38;2;222;213;188;48;2;203;193;168m▀[38;2;234;223;196;48;2;223;212;186m▝[38;2;221;209;183;48;2;185;173;149m▀[38;2;173;162;140;48;2;203;191;166m▝[38;2;202;190;165;48;2;167;154;132m▛[38;2;206;192;166;48;2;226;213;186m▖[38;2;188;175;151;48;2;177;166;143m▌[38;2;221;208;181;48;2;186;173;150m▀[38;2;194;183;160;48;2;227;215;187m▖[38;2;231;219;193;48;2;219;206;179m▖[38;2;175;163;140;48;2;187;176;151m▌[38;2;219;207;181;48;2;173;164;141m▀[38;2;226;214;187;48;2;174;162;140m▀[38;2;217;204;178;48;2;184;173;151m▛[38;2;171;160;137;48;2;215;202;176m▖[38;2;222;209;183;48;2;221;214;189m▀[38;2;222;210;182;48;2;214;209;184m▀[38;2;223;210;183;48;2;218;213;188m▀[38;2;222;210;182;48;2;225;218;191m▀[38;2;220;209;182;48;2;229;219;192m▀[38;2;223;213;185;48;2;229;218;191m▀[38;2;222;211;183;48;2;225;215;189m▘[38;2;216;205;179;48;2;225;215;189m▀[38;2;217;208;184;48;2;225;215;190m▀[38;2;228;218;192;48;2;223;214;188m▝[38;2;225;215;189;48;2;214;205;181m▀[38;2;231;218;191;48;2;218;209;184m▀[38;2;234;219;191;48;2;212;204;179m▀[38;2;233;217;189;48;2;209;200;175m▀[38;2;234;218;190;48;2;204;197;171m▀[38;2;198;189;163;48;2;223;211;187m▖[0m
 [38;2;221;210;183;48;2;194;182;157m▀[38;2;218;207;182;48;2;229;218;194m▌[38;2;224;215;190;48;2;212;201;177m▛[38;2;218;212;190;48;2;200;191;167m▘[38;2;205;201;179;48;2;197;185;160m▀[38;2;211;199;174;48;2;229;218;192m▞[38;2;195;190;168;48;2;227;215;188m▀[38;2;194;191;169;48;2;231;220;193m▀[38;2;201;195;172;48;2;225;213;187m▀[38;2;189;182;159;48;2;225;214;187m▀[38;2;216;207;182;48;2;199;188;163m▀[38;2;218;207;180;48;2;185;174;151m▌[38;2;201;190;166;48;2;184;171;147m▛[38;2;221;213;188;48;2;192;179;155m▀[38;2;172;159;136;48;2;199;190;167m▖[38;2;209;205;181;48;2;222;213;187m▘[38;2;199;193;171;48;2;229;220;195m▝[38;2;221;212;187;48;2;219;206;180m▛[38;2;221;211;185;48;2;200;189;165m▛[38;2;183;173;149;48;2;214;206;182m▖[38;2;220;211;186;48;2;236;224;197m▛[38;2;202;194;171;48;2;228;218;191m▀[38;2;196;187;163;48;2;229;218;191m▀[38;2;206;198;175;48;2;223;214;188m▀[38;2;198;190;167;48;2;214;206;182m▘[38;2;201;193;170;48;2;219;212;188m▝[38;2;215;208;184;48;2;210;202;178m▛[38;2;195;188;165;48;2;207;202;179m▘[38;2;191;185;163;48;2;210;204;181m▘[38;2;206;200;177;48;2;190;189;168m▛[38;2;211;202;177;48;2;198;195;173m▝[38;2;194;185;161;48;2;199;190;167m▀[38;2;203;195;170;48;2;213;203;178m▞[38;2;212;201;176;48;2;192;184;161m▛[38;2;201;190;166;48;2;210;202;177m▘[38;2;211;205;180;48;2;217;208;184m▌[38;2;223;213;187;48;2;209;200;176m▘[38;2;199;190;166;48;2;211;203;177m▖[38;2;206;199;175;48;2;203;195;170m▀[38;2;200;193;168;48;2;208;201;177m▖[38;2;207;202;177;48;2;199;194;170m▌[38;2;193;187;164;48;2;204;200;175m▘[38;2;192;187;165;48;2;210;205;180m▘[38;2;199;191;168;48;2;210;208;184m▀[38;2;207;197;173;48;2;217;214;189m▀[38;2;212;203;179;48;2;219;215;190m▀[38;2;208;199;174;48;2;220;214;188m▀[38;2;194;187;162;48;2;213;208;181m▀[38;2;196;190;164;48;2;214;207;180m▀[38;2;200;194;168;48;2;216;209;181m▘[38;2;212;208;180;48;2;218;211;184m▘[38;2;209;202;175;48;2;224;216;196m▌[0m
 [38;2;199;186;159;48;2;174;163;140m▘[38;2;213;201;176;48;2;194;182;157m▌[38;2;195;183;159;48;2;217;204;178m▌[38;2;209;195;171;48;2;175;163;140m▌[38;2;226;214;187;48;2;212;200;174m▝[38;2;217;205;179;48;2;229;216;190m▘[38;2;210;197;172;48;2;225;212;186m▝[38;2;205;192;166;48;2;215;202;176m▖[38;2;237;225;197;48;2;214;200;174m▀[38;2;217;205;179;48;2;232;221;195m▞[38;2;220;209;184;48;2;187;177;154m▌[38;2;170;159;137;48;2;198;187;163m▘[38;2;196;186;163;48;2;211;202;178m▘[38;2;196;187;163;48;2;221;213;188m▌[38;2;177;169;147;48;2;221;213;188m▘[38;2;193;184;160;48;2;217;209;183m▀[38;2;172;164;142;48;2;200;190;165m▌[38;2;181;172;149;48;2;196;186;162m▀[38;2;220;209;183;48;2;192;179;155m▌[38;2;193;181;157;48;2;184;171;148m▞[38;2;215;204;178;48;2;229;218;192m▌[38;2;236;225;198;48;2;226;218;192m▀[38;2;231;221;195;48;2;222;216;192m▀[38;2;231;220;193;48;2;215;213;190m▀[38;2;232;223;197;48;2;210;208;186m▀[38;2;219;212;189;48;2;213;207;183m▛[38;2;210;203;179;48;2;220;211;186m▛[38;2;194;188;167;48;2;214;207;182m▝[38;2;193;188;166;48;2;209;201;177m▘[38;2;193;186;164;48;2;213;202;177m▀[38;2;174;166;145;48;2;204;196;173m▀[38;2;190;182;160;48;2;206;199;175m▘[38;2;203;198;173;48;2;200;194;171m▌[38;2;217;210;184;48;2;194;191;169m▀[38;2;208;202;177;48;2;214;208;183m▞[38;2;209;204;179;48;2;220;217;192m▛[38;2;195;192;170;48;2;224;221;195m▀[38;2;202;196;172;48;2;223;220;193m▀[38;2;202;194;170;48;2;221;218;193m▀[38;2;209;202;176;48;2;222;219;193m▀[38;2;207;203;178;48;2;220;218;192m▀[38;2;207;201;177;48;2;220;218;193m▀[38;2;207;202;178;48;2;221;218;192m▀[38;2;210;206;182;48;2;220;216;190m▘[38;2;224;218;192;48;2;219;215;190m▘[38;2;220;215;190;48;2;217;214;188m▀[38;2;221;215;189;48;2;217;214;187m▀[38;2;222;216;188;48;2;215;212;185m▀[38;2;220;213;184;48;2;215;211;184m▀[38;2;219;212;183;48;2;214;211;183m▀[38;2;214;211;184;48;2;218;211;184m▖[38;2;211;204;176;48;2;225;217;196m▌[0m
 [38;2;172;161;139;48;2;189;181;160m▌[38;2;233;226;203;48;2;183;172;151m▌[38;2;195;184;161;48;2;222;212;188m▌[38;2;189;177;154;48;2;211;200;176m▛[38;2;188;176;153;48;2;211;201;177m▌[38;2;210;200;174;48;2;192;183;161m▀[38;2;194;184;160;48;2;210;203;179m▀[38;2;189;179;155;48;2;203;196;174m▀[38;2;207;197;172;48;2;192;183;161m▛[38;2;215;202;176;48;2;193;185;161m▀[38;2;234;221;194;48;2;205;196;172m▀[38;2;234;221;194;48;2;216;210;187m▀[38;2;226;215;188;48;2;202;197;175m▀[38;2;225;215;189;48;2;210;205;183m▀[38;2;221;210;185;48;2;202;196;173m▀[38;2;203;198;175;48;2;215;207;183m▖[38;2;200;190;166;48;2;205;200;177m▝[38;2;212;205;182;48;2;198;199;179m▀[38;2;198;190;166;48;2;211;206;182m▘[38;2;219;211;186;48;2;198;196;175m▀[38;2;224;215;188;48;2;189;184;161m▀[38;2;216;209;184;48;2;184;180;158m▀[38;2;209;202;178;48;2;178;170;148m▀[38;2;201;194;172;48;2;174;166;143m▀[38;2;199;191;168;48;2;187;180;158m▀[38;2;205;196;171;48;2;215;206;180m▖[38;2;219;211;185;48;2;208;200;174m▝[38;2;218;212;187;48;2;207;204;180m▀[38;2;220;212;186;48;2;212;208;182m▘[38;2;222;213;187;48;2;212;208;183m▝[38;2;216;207;182;48;2;216;217;193m▀[38;2;216;210;185;48;2;216;217;192m▀[38;2;213;209;183;48;2;212;213;188m▀[38;2;215;213;187;48;2;210;209;183m▌[38;2;215;211;186;48;2;209;206;177m▀[38;2;216;215;191;48;2;208;206;177m▀[38;2;214;213;188;48;2;202;201;171m▀[38;2;208;208;184;48;2;202;201;174m▀[38;2;214;212;186;48;2;200;201;177m▀[38;2;213;213;188;48;2;198;200;177m▀[38;2;212;212;187;48;2;190;195;173m▀[38;2;207;207;183;48;2;190;196;173m▀[38;2;208;207;182;48;2;200;203;179m▝[38;2;212;211;186;48;2;199;203;181m▀[38;2;198;203;181;48;2;208;209;186m▖[38;2;209;210;185;48;2;197;201;178m▘[38;2;206;206;182;48;2;196;199;176m▀[38;2;206;205;180;48;2;195;198;175m▀[38;2;194;198;174;48;2;203;204;179m▖[38;2;204;204;179;48;2;200;201;176m▌[38;2;203;202;178;48;2;198;200;176m▀[38;2;198;197;169;48;2;225;217;197m▌[0m
 [38;2;215;203;177;48;2;211;209;184m▀[38;2;229;217;191;48;2;204;199;176m▘[38;2;214;204;180;48;2;203;204;181m▀[38;2;215;211;187;48;2;205;200;177m▞[38;2;221;213;188;48;2;199;196;171m▀[38;2;214;205;181;48;2;192;185;162m▀[38;2;220;209;184;48;2;201;193;169m▀[38;2;225;215;188;48;2;203;194;169m▀[38;2;210;205;181;48;2;220;212;187m▞[38;2;208;201;177;48;2;215;209;186m▞[38;2;206;199;176;48;2;225;213;187m▀[38;2;201;196;174;48;2;227;214;186m▀[38;2;229;214;187;48;2;209;202;178m▖[38;2;209;201;177;48;2;197;187;164m▌[38;2;182;178;156;48;2;206;194;169m▀[38;2;199;191;167;48;2;214;202;176m▛[38;2;200;192;168;48;2;208;197;171m▘[38;2;209;199;174;48;2;217;207;181m▘[38;2;214;204;177;48;2;205;198;173m▀[38;2;194;187;162;48;2;204;197;172m▀[38;2;194;186;161;48;2;215;209;183m▀[38;2;194;188;163;48;2;217;213;187m▀[38;2;192;189;166;48;2;206;205;180m▀[38;2;199;199;175;48;2;204;204;181m▌[38;2;208;210;186;48;2;194;201;179m▀[38;2;210;211;186;48;2;196;203;181m▀[38;2;213;205;185;48;2;202;206;184m▀[38;2;209;209;186;48;2;201;208;185m▀[38;2;208;210;185;48;2;198;206;182m▀[38;2;207;210;186;48;2;201;208;185m▀[38;2;205;212;189;48;2;197;208;187m▀[38;2;206;212;189;48;2;197;208;188m▀[38;2;207;212;189;48;2;199;209;188m▀[38;2;205;211;188;48;2;197;208;185m▀[38;2;206;207;177;48;2;197;202;175m▀[38;2;203;205;175;48;2;194;202;175m▀[38;2;202;206;177;48;2;194;203;177m▀[38;2;204;208;179;48;2;195;203;177m▀[38;2;203;206;177;48;2;195;202;174m▘[38;2;199;208;185;48;2;194;204;182m▝[38;2;191;200;179;48;2;193;204;183m▘[38;2;198;207;185;48;2;192;204;184m▝[38;2;198;207;186;48;2;191;203;184m▀[38;2;196;205;185;48;2;191;203;185m▀[38;2;197;205;184;48;2;192;202;182m▝[38;2;193;203;182;48;2;189;201;182m▀[38;2;195;204;181;48;2;190;202;183m▀[38;2;189;202;182;48;2;192;200;179m▖[38;2;197;204;180;48;2;190;201;179m▀[38;2;198;204;181;48;2;188;199;177m▀[38;2;197;204;180;48;2;190;200;180m▀[38;2;188;192;169;48;2;224;216;197m▌[0m
 [38;2;202;201;175;48;2;197;202;181m▌[38;2;200;205;183;48;2;196;203;182m▛[38;2;200;204;182;48;2;196;201;181m▀[38;2;190;195;175;48;2;186;192;173m▛[38;2;197;203;181;48;2;187;194;175m▀[38;2;189;197;176;48;2;185;195;176m▀[38;2;189;198;179;48;2;191;201;181m▞[38;2;189;199;179;48;2;194;204;184m▞[38;2;196;206;184;48;2;185;197;179m▀[38;2;190;201;181;48;2;192;205;187m▛[38;2;184;189;168;48;2;193;204;184m▝[38;2;187;189;167;48;2;186;198;179m▀[38;2;199;200;178;48;2;185;198;180m▀[38;2;184;183;161;48;2;189;198;178m▘[38;2;202;204;179;48;2;188;199;180m▀[38;2;200;207;184;48;2;186;198;179m▀[38;2;194;201;178;48;2;190;202;184m▀[38;2;192;202;181;48;2;184;195;176m▛[38;2;188;197;177;48;2;181;192;173m▀[38;2;197;203;182;48;2;182;192;173m▀[38;2;198;207;186;48;2;189;200;181m▝[38;2;191;199;179;48;2;188;202;184m▀[38;2;198;207;185;48;2;189;202;184m▀[38;2;195;206;184;48;2;184;198;180m▀[38;2;193;205;186;48;2;182;194;177m▀[38;2;194;205;183;48;2;178;190;172m▀[38;2;192;203;181;48;2;183;197;179m▀[38;2;183;195;175;48;2;177;190;173m▀[38;2;182;192;173;48;2;183;196;177m▝[38;2;188;199;180;48;2;182;196;178m▀[38;2;188;200;181;48;2;183;197;178m▘[38;2;181;195;178;48;2;184;199;181m▛[38;2;192;204;185;48;2;186;200;182m▝[38;2;190;204;185;48;2;184;200;183m▀[38;2;193;200;172;48;2;187;202;182m▝[38;2;187;197;168;48;2;182;195;171m▀[38;2;187;198;171;48;2;182;195;170m▀[38;2;189;198;171;48;2;182;197;176m▀[38;2;188;198;172;48;2;182;197;180m▀[38;2;188;201;180;48;2;182;197;179m▀[38;2;186;200;180;48;2;179;196;179m▀[38;2;187;200;181;48;2;181;197;179m▀[38;2;188;201;182;48;2;183;197;180m▀[38;2;188;201;183;48;2;184;198;181m▀[38;2;186;199;181;48;2;180;196;178m▀[38;2;181;196;178;48;2;175;191;174m▀[38;2;181;196;177;48;2;176;192;174m▀[38;2;182;196;178;48;2;177;192;174m▀[38;2;182;196;177;48;2;179;193;174m▀[38;2;183;195;174;48;2;179;193;173m▀[38;2;185;197;177;48;2;180;194;175m▀[38;2;177;185;163;48;2;222;215;195m▌[0m
 [38;2;202;205;182;48;2;190;203;185m▛[38;2;200;208;188;48;2;193;204;186m▀[38;2;198;206;187;48;2;183;192;174m▀[38;2;191;200;181;48;2;176;185;169m▀[38;2;190;200;182;48;2;179;189;171m▘[38;2;187;197;178;48;2;171;182;165m▀[38;2;182;192;174;48;2;175;185;168m▀[38;2;175;187;170;48;2;182;195;177m▖[38;2;187;200;181;48;2;179;191;173m▀[38;2;187;200;181;48;2;174;185;168m▀[38;2;190;200;181;48;2;177;188;170m▘[38;2;178;189;171;48;2;181;193;175m▞[38;2;188;200;182;48;2;178;188;171m▖[38;2;179;192;174;48;2;172;168;150m▀[38;2;171;169;151;48;2;185;198;180m▖[38;2;188;200;182;48;2;183;197;179m▌[38;2;190;203;185;48;2;180;193;176m▀[38;2;187;199;182;48;2;177;191;174m▀[38;2;176;190;173;48;2;180;194;177m▖[38;2;182;194;176;48;2;187;200;181m▀[38;2;180;192;174;48;2;183;196;179m▀[38;2;179;193;175;48;2;183;198;180m▀[38;2;181;194;176;48;2;178;189;169m▛[38;2;181;193;175;48;2;177;190;171m▀[38;2;176;191;173;48;2;182;197;178m▖[38;2;180;196;178;48;2;177;191;174m▞[38;2;179;193;176;48;2;171;186;169m▛[38;2;183;198;180;48;2;170;185;168m▀[38;2;185;201;184;48;2;173;188;173m▀[38;2;188;203;186;48;2;178;193;177m▀[38;2;185;201;184;48;2;174;190;174m▀[38;2;184;200;182;48;2;170;185;169m▀[38;2;178;194;176;48;2;172;188;172m▀[38;2;176;190;174;48;2;173;188;172m▀[38;2;174;190;173;48;2;176;193;177m▛[38;2;170;184;168;48;2;177;194;177m▀[38;2;171;186;169;48;2;178;195;178m▀[38;2;169;183;165;48;2;178;192;174m▘[38;2;181;195;178;48;2;177;192;173m▀[38;2;181;196;178;48;2;176;193;175m▀[38;2;178;195;178;48;2;174;191;176m▀[38;2;180;196;179;48;2;175;193;176m▀[38;2;178;194;176;48;2;175;192;176m▀[38;2;178;193;175;48;2;175;192;175m▀[38;2;177;192;174;48;2;175;191;175m▘[38;2;172;189;172;48;2;173;190;175m▘[38;2;174;190;173;48;2;172;189;175m▀[38;2;172;188;171;48;2;170;188;173m▀[38;2;175;190;173;48;2;172;189;172m▀[38;2;176;191;173;48;2;172;189;172m▀[38;2;178;191;173;48;2;180;195;178m▛[38;2;173;181;160;48;2;222;214;195m▌[0m
 [38;2;194;199;177;48;2;186;200;183m▌[38;2;192;204;186;48;2;185;198;182m▀[38;2;189;201;183;48;2;184;198;181m▀[38;2;190;202;185;48;2;182;197;180m▀[38;2;190;203;186;48;2;181;196;180m▀[38;2;187;201;184;48;2;180;196;181m▀[38;2;182;196;179;48;2;176;190;175m▘[38;2;178;191;175;48;2;174;189;173m▛[38;2;176;190;174;48;2;173;188;173m▛[38;2;168;183;169;48;2;176;190;174m▖[38;2;170;184;168;48;2;174;188;172m▞[38;2;174;187;171;48;2;179;196;180m▀[38;2;156;168;153;48;2;171;187;171m▝[38;2;138;127;112;48;2;163;178;163m▀[38;2;127;115;101;48;2;162;173;158m▘[38;2;168;179;162;48;2;175;188;171m▞[38;2;175;185;168;48;2;182;195;178m▀[38;2;177;190;172;48;2;178;192;175m▖[38;2;180;194;177;48;2;170;183;167m▀[38;2;177;190;172;48;2;180;194;177m▌[38;2;180;193;177;48;2;183;197;181m▘[38;2;179;191;173;48;2;182;197;181m▝[38;2;176;189;170;48;2;176;191;174m▀[38;2;164;177;160;48;2;175;190;173m▝[38;2;173;188;173;48;2;180;196;181m▛[38;2;179;195;179;48;2;174;190;175m▖[38;2;185;199;183;48;2;177;194;179m▝[38;2;182;198;182;48;2;178;195;181m▀[38;2;178;195;180;48;2;181;195;180m▞[38;2;180;195;179;48;2;183;198;183m▀[38;2;175;192;176;48;2;179;195;180m▝[38;2;175;192;176;48;2;178;196;183m▀[38;2;179;196;181;48;2;176;194;181m▛[38;2;179;196;181;48;2;174;193;179m▀[38;2;178;196;181;48;2;175;192;177m▀[38;2;180;197;181;48;2;172;190;176m▀[38;2;180;196;181;48;2;173;190;175m▀[38;2;177;194;178;48;2;172;189;175m▀[38;2;175;192;176;48;2;171;188;174m▀[38;2;174;191;174;48;2;169;187;173m▀[38;2;172;190;174;48;2;169;188;175m▀[38;2;173;190;173;48;2;172;189;175m▀[38;2;173;190;174;48;2;171;189;174m▀[38;2;169;188;175;48;2;172;188;173m▖[38;2;173;190;174;48;2;169;187;174m▀[38;2;166;184;171;48;2;170;187;173m▖[38;2;173;190;173;48;2;170;186;171m▀[38;2;171;188;172;48;2;168;186;173m▀[38;2;169;187;171;48;2;173;189;172m▖[38;2;177;192;177;48;2;175;191;174m▖[38;2;178;191;174;48;2;178;193;177m▌[38;2;169;175;156;48;2;219;211;192m▌[0m
 [38;2;176;190;175;48;2;156;184;176m▛[38;2;174;192;179;48;2;151;180;175m▀[38;2;174;194;182;48;2;151;182;178m▀[38;2;174;193;181;48;2;152;182;178m▀[38;2;170;191;179;48;2;149;181;178m▀[38;2;171;192;180;48;2;147;180;177m▀[38;2;173;193;180;48;2;146;179;176m▀[38;2;170;192;180;48;2;144;178;176m▀[38;2;171;192;181;48;2;143;177;175m▀[38;2;169;190;177;48;2;140;174;172m▀[38;2;170;190;177;48;2;145;177;173m▀[38;2;164;183;171;48;2;147;178;173m▀[38;2;156;176;164;48;2;146;179;174m▀[38;2;162;179;166;48;2;153;183;176m▀[38;2;172;190;176;48;2;153;182;175m▀[38;2;168;186;173;48;2;150;182;177m▀[38;2;175;191;177;48;2;157;185;178m▀[38;2;166;185;172;48;2;154;185;180m▀[38;2;170;187;173;48;2;160;188;180m▀[38;2;172;190;177;48;2;156;185;178m▀[38;2;175;193;179;48;2;156;185;178m▀[38;2;174;192;178;48;2;152;182;177m▀[38;2;174;192;177;48;2;155;183;174m▀[38;2;171;190;176;48;2;151;180;173m▀[38;2;171;191;177;48;2;146;178;170m▀[38;2;174;193;181;48;2;150;181;177m▀[38;2;170;191;180;48;2;147;179;176m▀[38;2;171;192;180;48;2;151;182;178m▀[38;2;169;189;178;48;2;151;181;178m▀[38;2;166;187;174;48;2;146;178;173m▀[38;2;163;185;173;48;2;144;176;172m▀[38;2;166;187;175;48;2;141;175;171m▀[38;2;167;188;177;48;2;143;176;172m▀[38;2;164;187;176;48;2;139;174;172m▀[38;2;165;187;174;48;2;141;175;171m▀[38;2;164;186;173;48;2;143;175;170m▀[38;2;163;184;172;48;2;141;173;169m▀[38;2;163;185;173;48;2;140;172;169m▀[38;2;163;185;173;48;2;143;175;172m▀[38;2;162;184;171;48;2;142;174;171m▀[38;2;161;183;172;48;2;138;172;169m▀[38;2;163;185;172;48;2;140;173;169m▀[38;2;161;183;170;48;2;137;171;167m▀[38;2;159;181;169;48;2;136;170;166m▀[38;2;161;182;171;48;2;135;169;167m▀[38;2;162;183;171;48;2;139;172;169m▀[38;2;163;183;170;48;2;139;171;168m▀[38;2;163;183;170;48;2;142;173;169m▀[38;2;168;186;171;48;2;150;177;170m▀[38;2;172;188;172;48;2;155;180;170m▀[38;2;171;188;173;48;2;154;178;169m▀[38;2;145;155;140;48;2;210;203;185m▌[0m
 [38;2;102;136;148;48;2;31;67;107m▛[38;2;85;136;159;48;2;38;76;116m▀[38;2;86;137;160;48;2;34;70;111m▀[38;2;79;132;158;48;2;32;69;111m▀[38;2;78;131;157;48;2;32;69;110m▀[38;2;75;129;156;48;2;32;67;109m▀[38;2;75;130;158;48;2;32;69;112m▀[38;2;74;129;157;48;2;33;69;112m▀[38;2;72;127;156;48;2;34;70;113m▀[38;2;75;129;156;48;2;39;74;114m▀[38;2;78;129;154;48;2;39;72;112m▀[38;2;78;130;157;48;2;34;70;113m▀[38;2;75;130;157;48;2;30;67;110m▀[38;2;83;135;158;48;2;28;67;110m▀[38;2;79;134;159;48;2;29;69;113m▀[38;2;80;135;161;48;2;35;71;113m▀[38;2;87;140;163;48;2;33;72;116m▀[38;2;82;136;160;48;2;33;72;117m▀[38;2;89;141;164;48;2;30;72;118m▀[38;2;84;138;162;48;2;31;71;116m▀[38;2;88;141;164;48;2;37;77;119m▀[38;2;87;140;164;48;2;35;76;119m▀[38;2;89;142;164;48;2;36;78;121m▀[38;2;86;139;161;48;2;34;76;118m▀[38;2;80;135;159;48;2;30;72;116m▀[38;2;81;134;158;48;2;32;72;115m▀[38;2;83;137;161;48;2;33;73;116m▀[38;2;85;137;159;48;2;34;74;116m▀[38;2;85;137;159;48;2;32;72;115m▀[38;2;84;136;159;48;2;32;70;113m▀[38;2;75;131;158;48;2;31;70;114m▀[38;2;74;130;158;48;2;31;70;113m▀[38;2;75;131;159;48;2;29;67;112m▀[38;2;74;132;159;48;2;29;70;114m▀[38;2;75;131;158;48;2;31;71;114m▀[38;2;76;131;157;48;2;31;70;112m▀[38;2;77;131;155;48;2;30;70;111m▀[38;2;76;130;155;48;2;29;69;111m▀[38;2;80;133;156;48;2;30;69;109m▀[38;2;77;131;156;48;2;28;69;110m▀[38;2;77;131;155;48;2;28;71;111m▀[38;2;78;133;155;48;2;30;71;111m▀[38;2;75;131;155;48;2;29;72;114m▀[38;2;76;132;156;48;2;31;73;113m▀[38;2;74;131;155;48;2;29;72;113m▀[38;2;81;136;158;48;2;29;75;116m▀[38;2;80;136;158;48;2;28;75;116m▀[38;2;81;136;156;48;2;29;76;115m▀[38;2;89;140;157;48;2;30;77;115m▀[38;2;94;144;158;48;2;34;80;117m▀[38;2;90;139;154;48;2;33;78;114m▀[38;2;75;103;114;48;2;214;207;189m▌[0m
 [38;2;48;61;83;48;2;141;143;141m▀[38;2;24;42;74;48;2;129;130;130m▀[38;2;18;35;67;48;2;128;130;132m▀[38;2;20;36;67;48;2;126;127;130m▀[38;2;21;37;70;48;2;125;126;132m▀[38;2;19;35;69;48;2;121;124;130m▀[38;2;20;36;71;48;2;118;122;129m▀[38;2;20;36;70;48;2;115;118;126m▀[38;2;19;35;69;48;2;112;115;123m▀[38;2;18;34;68;48;2;111;115;125m▀[38;2;16;33;65;48;2;108;112;123m▀[38;2;17;34;67;48;2;107;111;122m▀[38;2;16;30;63;48;2;106;110;120m▀[38;2;19;33;65;48;2;106;109;119m▀[38;2;21;36;68;48;2;102;106;118m▀[38;2;20;35;69;48;2;98;104;117m▀[38;2;19;36;71;48;2;97;103;116m▀[38;2;19;35;71;48;2;96;102;114m▀[38;2;19;36;71;48;2;93;98;111m▀[38;2;20;38;73;48;2;92;98;112m▀[38;2;21;39;71;48;2;92;97;109m▀[38;2;22;39;72;48;2;90;95;108m▀[38;2;23;39;73;48;2;91;99;113m▀[38;2;25;43;75;48;2;87;96;109m▀[38;2;23;39;72;48;2;86;94;108m▀[38;2;23;40;74;48;2;83;90;106m▀[38;2;24;39;70;48;2;81;88;105m▀[38;2;32;45;75;48;2;81;88;105m▀[38;2;21;37;72;48;2;80;87;103m▀[38;2;19;34;69;48;2;71;79;97m▀[38;2;22;38;71;48;2;69;77;95m▀[38;2;19;35;67;48;2;70;77;94m▀[38;2;18;33;66;48;2;69;76;93m▀[38;2;20;35;68;48;2;65;71;89m▀[38;2;20;35;69;48;2;65;72;90m▀[38;2;21;37;70;48;2;62;71;89m▀[38;2;20;34;66;48;2;60;67;86m▀[38;2;19;34;67;48;2;58;65;84m▀[38;2;21;37;68;48;2;58;65;84m▀[38;2;23;39;69;48;2;56;65;84m▀[38;2;22;40;71;48;2;56;66;86m▀[38;2;22;39;72;48;2;55;64;85m▀[38;2;21;38;71;48;2;52;62;82m▀[38;2;21;39;72;48;2;50;60;82m▀[38;2;21;38;72;48;2;47;58;80m▀[38;2;19;37;72;48;2;46;57;80m▀[38;2;18;37;71;48;2;46;57;80m▀[38;2;18;36;70;48;2;43;54;75m▀[38;2;18;37;71;48;2;44;55;76m▀[38;2;20;38;72;48;2;45;54;75m▀[38;2;18;36;71;48;2;46;55;74m▀[38;2;63;71;82;48;2;212;207;190m▌[0m

Utagawa Hiroshige: Fukagawa Susaki and Jumantsubo, 1857
