[38;2;212;200;168;48;2;206;194;157m▖[38;2;208;195;159;48;2;191;179;145m▛[38;2;188;177;145;48;2;66;64;53m▛[38;2;189;178;147;48;2;43;42;36m▀[38;2;192;180;147;48;2;46;45;38m▀[38;2;190;179;146;48;2;45;44;37m▀[38;2;190;179;147;48;2;45;45;38m▀[38;2;189;177;142;48;2;44;44;38m▀[38;2;186;171;134;48;2;44;42;36m▀[38;2;190;179;146;48;2;44;43;37m▀[38;2;188;178;147;48;2;42;41;35m▀[38;2;190;180;149;48;2;45;44;38m▀[38;2;193;182;151;48;2;45;44;38m▀[38;2;191;180;149;48;2;46;45;39m▀[38;2;194;183;151;48;2;47;46;40m▀[38;2;193;183;150;48;2;47;46;40m▀[38;2;192;181;148;48;2;46;46;40m▀[38;2;192;181;150;48;2;47;47;41m▀[38;2;191;181;150;48;2;46;46;40m▀[38;2;195;185;153;48;2;51;50;44m▀[38;2;195;184;153;48;2;54;54;47m▀[38;2;195;186;155;48;2;56;57;50m▀[38;2;196;186;155;48;2;63;63;55m▀[38;2;198;187;155;48;2;72;72;62m▀[38;2;197;187;156;48;2;81;81;70m▀[38;2;198;188;156;48;2;90;89;77m▀[38;2;200;190;157;48;2;109;108;91m▀[38;2;200;190;157;48;2;130;127;105m▀[38;2;202;191;157;48;2;147;142;114m▀[38;2;203;192;158;48;2;166;161;130m▀[38;2;205;192;157;48;2;179;169;134m▀[38;2;205;192;157;48;2;185;173;137m▀[38;2;203;191;156;48;2;185;172;137m▀[38;2;204;191;157;48;2;187;175;139m▀[38;2;204;192;157;48;2;189;176;140m▀[38;2;202;189;155;48;2;173;151;115m▀[38;2;204;191;157;48;2;189;176;141m▀[38;2;205;192;158;48;2;190;177;141m▀[38;2;206;193;158;48;2;181;169;134m▀[38;2;204;191;157;48;2;188;174;138m▀[38;2;204;191;157;48;2;185;171;134m▀[38;2;204;191;156;48;2;186;171;135m▀[38;2;203;189;154;48;2;187;173;136m▀[38;2;203;190;156;48;2;185;171;136m▀[38;2;201;185;151;48;2;182;161;124m▀[38;2;202;189;154;48;2;187;172;135m▀[38;2;203;189;155;48;2;184;170;134m▀[38;2;203;189;154;48;2;185;174;137m▀[38;2;204;192;157;48;2;178;154;115m▀[38;2;202;188;154;48;2;186;174;136m▀[38;2;202;189;155;48;2;187;172;134m▀[38;2;202;189;155;48;2;178;164;125m▀[38;2;198;184;147;48;2;213;200;165m▖[38;2;208;195;160;48;2;213;199;162m▀[0m
[38;2;213;202;169;48;2;209;195;158m▌[38;2;223;208;170;48;2;134;127;104m▌[38;2;15;16;15;48;2;32;32;28m▘[38;2;32;31;27;48;2;33;33;28m▝[38;2;30;30;26;48;2;35;34;30m▀[38;2;30;30;26;48;2;34;33;29m▀[38;2;30;29;26;48;2;34;34;29m▀[38;2;31;30;26;48;2;34;34;30m▀[38;2;32;32;28;48;2;35;35;30m▀[38;2;33;32;28;48;2;35;35;30m▀[38;2;32;31;28;48;2;33;33;29m▘[38;2;33;33;29;48;2;34;34;30m▌[38;2;32;33;29;48;2;35;36;31m▀[38;2;32;32;28;48;2;35;36;31m▀[38;2;33;33;29;48;2;38;38;33m▀[38;2;32;32;28;48;2;37;37;33m▀[38;2;33;33;29;48;2;36;37;32m▀[38;2;35;36;31;48;2;39;39;34m▀[38;2;35;35;31;48;2;38;39;34m▀[38;2;36;36;32;48;2;41;41;37m▀[38;2;40;40;36;48;2;43;43;38m▘[38;2;43;44;39;48;2;47;47;42m▀[38;2;49;50;45;48;2;46;47;42m▝[38;2;52;53;47;48;2;59;60;54m▖[38;2;75;76;66;48;2;67;68;59m▝[38;2;88;88;76;48;2;79;79;69m▝[38;2;107;108;91;48;2;93;94;80m▝[38;2;114;114;95;48;2;128;126;105m▌[38;2;140;138;114;48;2;156;153;127m▌[38;2;169;155;123;48;2;163;150;120m▝[38;2;185;176;142;48;2;195;184;148m▌[38;2;190;179;144;48;2;198;185;149m▖[38;2;201;188;151;48;2;203;189;153m▞[38;2;199;185;149;48;2;187;166;131m▀[38;2;210;195;156;48;2;205;191;153m▖[38;2;202;187;147;48;2;205;190;152m▖[38;2;201;188;150;48;2;205;190;152m▀[38;2;205;191;153;48;2;200;185;147m▛[38;2;173;152;117;48;2;201;186;148m▝[38;2;203;190;153;48;2;192;164;123m▛[38;2;199;191;152;48;2;193;150;110m▀[38;2;198;188;150;48;2;191;141;103m▀[38;2;196;185;148;48;2;180;146;109m▝[38;2;202;190;153;48;2;200;173;133m▀[38;2;201;191;154;48;2;200;170;130m▀[38;2;203;189;150;48;2;198;171;132m▀[38;2;202;192;154;48;2;194;159;118m▘[38;2;202;113;76;48;2;202;89;53m▀[38;2;195;108;70;48;2;171;80;47m▀[38;2;196;107;72;48;2;199;83;49m▀[38;2;199;166;128;48;2;202;186;147m▌[38;2;198;183;144;48;2;206;190;152m▛[38;2;158;143;106;48;2;199;186;151m▌[38;2;221;206;170;48;2;215;201;164m▌[0m
[38;2;214;202;170;48;2;211;196;159m▌[38;2;224;209;171;48;2;133;126;103m▌[38;2;27;28;24;48;2;37;37;32m▌[38;2;35;35;30;48;2;33;33;28m▌[38;2;33;33;29;48;2;34;34;30m▀[38;2;33;34;29;48;2;32;32;28m▖[38;2;32;32;28;48;2;33;34;29m▌[38;2;34;34;29;48;2;34;34;30m▖[38;2;33;34;29;48;2;35;35;30m▘[38;2;34;33;29;48;2;35;35;30m▘[38;2;34;34;29;48;2;36;36;32m▀[38;2;34;34;30;48;2;36;36;31m▌[38;2;34;35;30;48;2;36;36;32m▀[38;2;36;36;31;48;2;35;35;31m▞[38;2;36;37;32;48;2;37;38;33m▝[38;2;36;37;32;48;2;39;40;35m▌[38;2;39;39;35;48;2;37;38;33m▞[38;2;39;40;35;48;2;42;43;38m▛[38;2;41;41;36;48;2;40;40;35m▌[38;2;41;41;36;48;2;41;41;36m█[38;2;43;42;38;48;2;45;44;39m▌[38;2;48;48;43;48;2;45;45;40m▝[38;2;43;43;38;48;2;46;46;41m▖[38;2;48;49;44;48;2;54;54;48m▌[38;2;63;64;56;48;2;61;61;54m▀[38;2;81;81;69;48;2;66;67;58m▝[38;2;85;86;72;48;2;95;96;81m▌[38;2;108;109;91;48;2;117;117;97m▌[38;2;136;134;111;48;2;148;145;118m▌[38;2;162;157;128;48;2;174;168;137m▌[38;2;165;152;121;48;2;189;180;144m▖[38;2;192;182;146;48;2;198;187;149m▌[38;2;199;186;148;48;2;201;188;150m▝[38;2;202;188;151;48;2;209;194;156m▘[38;2;205;189;151;48;2;207;191;151m▌[38;2;215;198;159;48;2;209;192;152m▝[38;2;177;159;126;48;2;204;188;148m▀[38;2;212;196;158;48;2;206;190;150m▘[38;2;203;188;149;48;2;195;179;142m▛[38;2;197;186;149;48;2;195;146;98m▌[38;2;213;118;71;48;2;222;153;101m▀[38;2;220;147;94;48;2;210;117;70m▖[38;2;188;109;64;48;2;211;125;77m▖[38;2;226;175;130;48;2;229;184;139m▛[38;2;209;167;124;48;2;156;122;85m▌[38;2;198;148;105;48;2;226;175;129m▌[38;2;225;167;118;48;2;217;150;104m▌[38;2;210;102;59;48;2;201;94;55m▘[38;2;204;93;54;48;2;186;86;49m▝[38;2;189;84;49;48;2;201;90;56m▌[38;2;199;167;127;48;2;204;193;156m▛[38;2;211;194;155;48;2;204;187;148m▝[38;2;162;145;108;48;2;198;185;150m▌[38;2;223;208;173;48;2;217;204;168m▌[0m
[38;2;215;204;171;48;2;213;198;161m▌[38;2;226;211;171;48;2;134;126;104m▌[38;2;28;28;25;48;2;36;37;32m▌[38;2;34;34;29;48;2;34;34;30m▘[38;2;36;35;31;48;2;36;36;31m▘[38;2;35;35;31;48;2;34;34;29m▘[38;2;36;35;31;48;2;34;35;30m▀[38;2;35;34;30;48;2;33;34;29m▀[38;2;37;37;33;48;2;35;36;31m▝[38;2;35;35;31;48;2;34;34;30m▀[38;2;37;37;32;48;2;35;35;31m▀[38;2;35;35;30;48;2;35;37;32m▌[38;2;36;37;32;48;2;37;37;32m▝[38;2;38;38;33;48;2;37;37;33m▌[38;2;38;38;34;48;2;40;39;35m▖[38;2;39;39;35;48;2;38;38;33m▀[38;2;40;41;36;48;2;36;37;33m▌[38;2;39;39;35;48;2;41;42;37m▌[38;2;40;41;36;48;2;39;40;35m▛[38;2;43;43;38;48;2;39;40;35m▀[38;2;42;42;37;48;2;44;45;39m▖[38;2;44;44;39;48;2;42;42;37m▀[38;2;47;47;42;48;2;45;46;41m▝[38;2;51;52;46;48;2;47;49;44m▝[38;2;52;53;48;48;2;57;58;51m▖[38;2;59;59;52;48;2;66;66;56m▛[38;2;72;73;62;48;2;87;87;74m▌[38;2;109;108;90;48;2;120;119;98m▌[38;2;128;126;103;48;2;143;140;113m▌[38;2;159;154;125;48;2;176;168;135m▌[38;2;164;152;119;48;2;181;172;136m▘[38;2;195;183;146;48;2;186;177;140m▝[38;2;192;181;144;48;2;198;187;149m▌[38;2;175;160;126;48;2;167;153;119m▛[38;2;207;192;154;48;2;203;189;150m▘[38;2;205;189;149;48;2;191;172;134m▛[38;2;192;175;136;48;2;203;188;148m▖[38;2;204;189;149;48;2;202;187;146m▀[38;2;165;148;116;48;2;203;189;149m▝[38;2;194;183;146;48;2;194;142;95m▌[38;2;215;134;84;48;2;213;122;73m▀[38;2;217;134;85;48;2;192;113;68m▘[38;2;150;87;50;48;2;197;138;92m▘[38;2;222;179;134;48;2;212;166;120m▝[38;2;200;160;114;48;2;152;117;76m▛[38;2;167;129;84;48;2;208;163;117m▖[38;2;227;174;126;48;2;213;148;102m▌[38;2;207;91;54;48;2;195;91;54m▛[38;2;179;82;46;48;2;196;91;53m▌[38;2;193;82;52;48;2;204;91;54m▝[38;2;196;159;121;48;2;204;188;150m▌[38;2;178;148;107;48;2;203;185;146m▖[38;2;175;156;116;48;2;204;190;155m▌[38;2;222;208;171;48;2;218;204;168m▌[0m
[38;2;215;204;171;48;2;212;197;161m▌[38;2;226;211;172;48;2;133;126;103m▌[38;2;28;28;24;48;2;38;37;33m▌[38;2;37;37;32;48;2;36;35;31m▖[38;2;37;37;32;48;2;40;39;34m▛[38;2;38;37;33;48;2;35;35;30m▌[38;2;34;35;30;48;2;35;35;31m▖[38;2;35;35;31;48;2;33;34;29m▖[38;2;35;36;31;48;2;38;39;34m▛[38;2;33;33;29;48;2;36;36;32m▘[38;2;37;38;33;48;2;36;37;32m▌[38;2;36;37;32;48;2;37;37;32m▛[38;2;37;38;33;48;2;37;37;33m▛[38;2;38;38;33;48;2;36;38;32m▞[38;2;38;38;33;48;2;41;41;36m▌[38;2;39;40;35;48;2;40;41;35m▛[38;2;40;41;36;48;2;42;42;37m▝[38;2;43;43;38;48;2;42;43;37m▞[38;2;40;40;35;48;2;41;42;36m▖[38;2;41;41;36;48;2;40;40;34m▛[38;2;43;43;38;48;2;41;41;36m▀[38;2;43;44;38;48;2;45;45;40m▝[38;2;47;46;40;48;2;74;67;55m▀[38;2;64;61;52;48;2;64;60;49m▝[38;2;52;53;46;48;2;79;71;58m▀[38;2;57;58;51;48;2;65;66;57m▌[38;2;73;75;64;48;2;80;81;69m▌[38;2;95;96;81;48;2;111;111;91m▌[38;2;125;123;100;48;2;138;135;108m▌[38;2;158;152;121;48;2;169;163;129m▌[38;2;181;172;136;48;2;171;165;131m▀[38;2;183;174;137;48;2;188;179;142m▌[38;2;197;185;147;48;2;186;168;130m▀[38;2;204;191;152;48;2;198;185;146m▛[38;2;201;188;149;48;2;198;185;147m▛[38;2;194;176;136;48;2;204;190;150m▝[38;2;193;176;137;48;2;201;187;147m▘[38;2;202;187;146;48;2;180;167;133m▛[38;2;193;179;141;48;2;200;186;145m▖[38;2;194;182;142;48;2;188;140;88m▌[38;2;226;145;91;48;2;214;130;79m▘[38;2;188;125;77;48;2;202;114;65m▘[38;2;210;125;74;48;2;224;168;118m▌[38;2;219;177;130;48;2;227;179;132m▖[38;2;223;176;128;48;2;221;171;122m▛[38;2;221;173;125;48;2;219;164;115m▌[38;2;226;171;122;48;2;211;149;102m▌[38;2;209;99;56;48;2;201;98;58m▛[38;2;177;83;45;48;2;187;88;50m▌[38;2;212;100;59;48;2;202;83;45m▌[38;2;195;156;117;48;2;205;193;155m▌[38;2;200;182;141;48;2;206;190;150m▘[38;2;179;161;118;48;2;209;195;158m▌[38;2;222;208;171;48;2;218;205;168m▌[0m
[38;2;216;205;172;48;2;214;199;162m▌[38;2;227;211;173;48;2;134;127;104m▌[38;2;32;32;28;48;2;41;41;35m▌[38;2;38;37;33;48;2;43;44;38m▀[38;2;41;41;35;48;2;43;45;38m▀[38;2;38;38;34;48;2;42;43;38m▀[38;2;38;39;34;48;2;42;43;38m▀[38;2;37;38;33;48;2;41;41;36m▀[38;2;38;38;34;48;2;44;45;39m▀[38;2;37;38;33;48;2;41;42;37m▀[38;2;38;38;34;48;2;41;42;37m▀[38;2;36;37;32;48;2;41;42;37m▀[38;2;37;38;33;48;2;40;42;37m▀[38;2;38;38;33;48;2;41;42;37m▀[38;2;40;41;36;48;2;44;45;40m▛[38;2;41;41;36;48;2;42;43;38m▀[38;2;42;43;38;48;2;45;46;41m▀[38;2;42;42;37;48;2;45;47;41m▀[38;2;40;41;36;48;2;47;48;42m▀[38;2;43;43;38;48;2;48;49;43m▀[38;2;44;45;39;48;2;50;50;44m▀[38;2;42;42;37;48;2;70;65;54m▘[38;2;64;61;51;48;2;45;46;41m▘[38;2;47;49;43;48;2;56;57;50m▀[38;2;47;49;45;48;2;83;76;61m▌[38;2;91;82;66;48;2;48;51;45m▌[38;2;81;82;69;48;2;68;69;59m▝[38;2;81;82;69;48;2;90;91;77m▖[38;2;131;127;104;48;2;107;107;90m▝[38;2;164;158;127;48;2;145;138;111m▝[38;2;155;151;122;48;2;166;161;129m▖[38;2;189;180;142;48;2;178;171;136m▝[38;2;195;183;145;48;2;184;175;138m▝[38;2;201;189;152;48;2;193;183;145m▘[38;2;182;169;134;48;2;197;185;147m▖[38;2;202;189;151;48;2;196;183;144m▖[38;2;200;186;146;48;2;198;184;145m▞[38;2;140;126;98;48;2;197;183;142m▝[38;2;182;168;132;48;2;203;189;148m▘[38;2;192;174;132;48;2;200;186;145m▝[38;2;192;170;128;48;2;195;183;145m▀[38;2;192;171;131;48;2;198;186;147m▀[38;2;195;179;139;48;2;198;186;147m▀[38;2;147;131;99;48;2;190;176;138m▝[38;2;182;166;128;48;2;194;181;142m▘[38;2;188;173;132;48;2;198;187;147m▀[38;2;194;183;145;48;2;191;159;118m▌[38;2;198;93;52;48;2;212;100;57m▀[38;2;184;88;48;48;2;177;87;46m▀[38;2;207;95;54;48;2;202;82;42m▌[38;2;180;148;113;48;2;204;193;156m▛[38;2;200;185;146;48;2;205;192;154m▘[38;2;177;161;117;48;2;208;194;155m▌[38;2;219;205;167;48;2;221;207;170m▝[0m
[38;2;218;206;173;48;2;215;200;162m▌[38;2;228;212;173;48;2;135;129;105m▌[38;2;36;37;33;48;2;46;47;41m▌[38;2;43;44;38;48;2;47;48;42m▝[38;2;46;47;41;48;2;51;51;46m▌[38;2;51;52;46;48;2;46;47;41m▖[38;2;44;46;40;48;2;48;49;43m▀[38;2;43;44;39;48;2;47;48;43m▀[38;2;45;46;40;48;2;49;50;44m▌[38;2;46;47;42;48;2;50;51;45m▀[38;2;51;52;47;48;2;45;47;42m▖[38;2;48;50;44;48;2;45;46;41m▖[38;2;45;46;41;48;2;48;50;44m▝[38;2;46;47;41;48;2;50;52;46m▀[38;2;45;46;41;48;2;51;52;46m▘[38;2;46;47;42;48;2;51;52;46m▀[38;2;51;52;46;48;2;52;54;48m▀[38;2;49;50;45;48;2;55;56;50m▀[38;2;52;52;46;48;2;56;57;51m▀[38;2;51;52;46;48;2;55;56;50m▀[38;2;56;55;48;48;2;76;70;58m▛[38;2;74;68;57;48;2;54;56;50m▘[38;2;56;57;51;48;2;57;58;52m▘[38;2;60;62;54;48;2;59;60;53m▘[38;2;61;62;54;48;2;56;58;51m▞[38;2;72;70;59;48;2;99;88;70m▞[38;2;61;62;55;48;2;66;68;59m▀[38;2;69;70;61;48;2;76;78;67m▌[38;2;85;87;74;48;2;98;99;84m▌[38;2;107;108;92;48;2;121;121;100m▖[38;2;131;131;107;48;2;149;144;114m▌[38;2;157;146;114;48;2;174;168;133m▌[38;2;167;162;127;48;2;172;166;132m▘[38;2;191;182;145;48;2;180;174;137m▝[38;2;168;154;119;48;2;190;180;141m▘[38;2;197;187;147;48;2;189;178;138m▘[38;2;192;180;139;48;2;196;184;143m▞[38;2;194;181;140;48;2;178;161;123m▀[38;2;193;181;140;48;2;199;185;144m▘[38;2;202;188;146;48;2;198;184;143m▝[38;2;149;134;101;48;2;196;182;141m▝[38;2;199;186;145;48;2;196;182;142m▞[38;2;200;186;145;48;2;196;183;143m▌[38;2;200;188;148;48;2;197;184;143m▝[38;2;194;182;143;48;2;201;187;147m▘[38;2;173;157;120;48;2;184;168;131m▖[38;2;201;190;152;48;2;192;162;122m▌[38;2;213;103;58;48;2;201;95;52m▀[38;2;159;77;42;48;2;188;92;51m▛[38;2;216;100;56;48;2;203;90;48m▘[38;2;201;162;121;48;2;202;192;153m▌[38;2;203;190;151;48;2;193;171;131m▛[38;2;176;157;113;48;2;216;203;165m▌[38;2;223;208;171;48;2;220;207;169m▌[0m
[38;2;218;206;173;48;2;214;200;163m▌[38;2;228;214;176;48;2;132;126;104m▌[38;2;41;41;36;48;2;49;50;43m▌[38;2;49;50;44;48;2;48;49;43m▌[38;2;51;52;46;48;2;53;54;47m▌[38;2;54;54;48;48;2;51;52;46m▌[38;2;50;51;45;48;2;48;49;43m▌[38;2;47;48;42;48;2;48;49;43m▖[38;2;49;51;45;48;2;52;53;47m▘[38;2;48;50;44;48;2;49;51;45m▝[38;2;52;54;48;48;2;51;52;46m▌[38;2;49;50;45;48;2;52;53;46m▀[38;2;49;50;44;48;2;53;54;47m▝[38;2;49;50;45;48;2;52;54;47m▘[38;2;55;56;49;48;2;58;59;52m▛[38;2;54;55;49;48;2;57;58;52m▀[38;2;56;58;52;48;2;58;59;52m▌[38;2;56;57;51;48;2;59;61;54m▀[38;2;60;61;54;48;2;60;62;55m▘[38;2;59;60;53;48;2;55;57;51m▌[38;2;77;72;60;48;2;70;67;57m▞[38;2;59;61;55;48;2;64;64;57m▌[38;2;61;63;56;48;2;59;60;53m▖[38;2;59;60;53;48;2;62;63;56m▀[38;2;60;61;54;48;2;63;64;57m▀[38;2;59;62;57;48;2;68;69;61m▘[38;2;94;86;71;48;2;69;69;61m▌[38;2;70;72;63;48;2;74;76;67m▘[38;2;82;85;73;48;2;77;79;68m▝[38;2;110;112;94;48;2;89;90;77m▝[38;2;110;112;94;48;2;123;124;103m▖[38;2;145;143;115;48;2;131;130;105m▀[38;2;149;146;116;48;2;162;158;125m▖[38;2;181;174;138;48;2;175;167;132m▘[38;2;162;151;118;48;2;195;184;146m▌[38;2;189;180;142;48;2;195;182;143m▖[38;2;192;180;140;48;2;191;177;137m▖[38;2;189;176;135;48;2;193;180;139m▀[38;2;203;188;147;48;2;195;182;140m▝[38;2;183;166;125;48;2;198;185;143m▖[38;2;199;185;143;48;2;199;184;141m▛[38;2;199;186;145;48;2;199;185;142m▀[38;2;200;186;146;48;2;181;164;125m▛[38;2;187;171;131;48;2;200;187;145m▖[38;2;199;184;143;48;2;196;183;141m▖[38;2;191;178;137;48;2;197;184;143m▖[38;2;194;180;140;48;2;204;191;151m▛[38;2;191;169;131;48;2;166;149;113m▛[38;2;199;168;128;48;2;198;187;148m▀[38;2;192;164;125;48;2;196;186;147m▀[38;2;199;186;146;48;2;195;180;138m▞[38;2;192;178;136;48;2;194;182;140m▞[38;2;177;160;116;48;2;213;199;162m▌[38;2;224;210;173;48;2;220;207;170m▌[0m
[38;2;218;207;174;48;2;215;202;165m▌[38;2;229;214;176;48;2;130;125;103m▌[38;2;45;46;40;48;2;58;58;50m▛[38;2;48;49;43;48;2;49;50;44m▘[38;2;50;52;46;48;2;54;55;48m▛[38;2;52;53;47;48;2;50;51;45m▌[38;2;51;52;46;48;2;48;49;43m▌[38;2;46;47;41;48;2;48;50;43m▌[38;2;49;50;44;48;2;52;53;47m▛[38;2;52;52;46;48;2;54;56;49m▌[38;2;54;54;46;48;2;55;55;48m▘[38;2;56;58;50;48;2;52;54;47m▘[38;2;54;56;50;48;2;55;57;50m▀[38;2;55;56;50;48;2;56;57;50m▘[38;2;56;57;51;48;2;58;59;52m▌[38;2;59;61;53;48;2;62;64;56m▘[38;2;58;59;53;48;2;63;64;57m▛[38;2;63;64;56;48;2;60;61;54m▖[38;2;61;62;54;48;2;63;65;57m▀[38;2;61;63;54;48;2;83;78;65m▘[38;2;61;62;55;48;2;71;70;60m▞[38;2;61;63;56;48;2;67;68;60m▀[38;2;63;64;57;48;2;70;71;63m▀[38;2;66;67;59;48;2;70;71;63m▀[38;2;67;68;60;48;2;70;72;61m▛[38;2;69;71;62;48;2;72;75;65m▘[38;2;71;71;62;48;2;91;86;72m▝[38;2;71;73;65;48;2;73;74;65m▛[38;2;74;76;67;48;2;78;81;71m▌[38;2;83;85;73;48;2;84;87;75m▛[38;2;106;107;90;48;2;89;91;77m▀[38;2;102;104;87;48;2;121;121;99m▖[38;2;158;153;122;48;2;141;136;109m▝[38;2;150;140;110;48;2;169;163;130m▖[38;2;164;159;126;48;2;178;171;135m▖[38;2;182;174;136;48;2;191;182;143m▌[38;2;190;180;140;48;2;180;164;123m▀[38;2;197;185;145;48;2;188;177;136m▖[38;2;196;179;138;48;2;193;181;141m▝[38;2;184;164;122;48;2;194;181;139m▘[38;2;196;183;142;48;2;202;187;145m▖[38;2;201;185;142;48;2;198;183;141m▀[38;2;186;165;124;48;2;203;188;147m▝[38;2;189;169;129;48;2;202;187;145m▘[38;2;205;190;148;48;2;199;185;143m▘[38;2;199;184;144;48;2;190;171;132m▛[38;2;171;149;111;48;2;200;185;146m▖[38;2;189;175;135;48;2;194;181;141m▝[38;2;198;183;141;48;2;192;179;139m▀[38;2;195;181;140;48;2;197;183;144m▀[38;2;198;184;144;48;2;189;166;124m▌[38;2;192;175;133;48;2;197;184;143m▌[38;2;148;135;97;48;2;202;189;154m▌[38;2;226;212;175;48;2;220;207;169m▌[0m
[38;2;217;207;174;48;2;216;202;165m▌[38;2;229;214;175;48;2;147;141;115m▌[38;2;46;47;41;48;2;59;59;50m▌[38;2;50;51;45;48;2;54;55;48m▝[38;2;51;52;46;48;2;55;56;49m▀[38;2;51;52;45;48;2;53;54;48m▝[38;2;52;53;46;48;2;53;54;47m▀[38;2;48;49;42;48;2;53;54;47m▘[38;2;54;55;49;48;2;58;59;52m▌[38;2;54;55;48;48;2;57;58;50m▘[38;2;53;54;48;48;2;57;58;52m▝[38;2;58;59;53;48;2;55;56;50m▖[38;2;57;58;52;48;2;55;56;50m▌[38;2;56;57;50;48;2;60;61;54m▌[38;2;58;59;52;48;2;62;63;55m▌[38;2;62;64;56;48;2;66;68;59m▝[38;2;61;62;54;48;2;67;69;59m▘[38;2;66;68;58;48;2;69;71;60m▀[38;2;69;72;62;48;2;72;74;64m▀[38;2;94;88;73;48;2;75;74;63m▌[38;2;62;65;57;48;2;67;69;60m▘[38;2;70;71;62;48;2;73;74;65m▞[38;2;71;73;63;48;2;70;71;62m▛[38;2;70;72;62;48;2;72;74;64m▌[38;2;73;75;65;48;2;72;73;63m▖[38;2;73;75;65;48;2;74;75;65m▘[38;2;69;72;63;48;2;91;86;71m▌[38;2;83;80;66;48;2;72;74;65m▌[38;2;76;77;68;48;2;73;74;64m▘[38;2;78;80;69;48;2;71;72;64m▀[38;2;73;75;66;48;2;81;83;72m▖[38;2;102;103;86;48;2;85;87;75m▝[38;2;117;118;97;48;2;94;96;81m▀[38;2;139;137;110;48;2;116;117;97m▀[38;2;158;153;122;48;2;141;140;112m▀[38;2;179;172;136;48;2;160;155;124m▀[38;2;167;162;128;48;2;177;167;129m▖[38;2;188;179;140;48;2;179;171;133m▀[38;2;191;180;141;48;2;185;175;135m▘[38;2;200;187;145;48;2;188;177;137m▝[38;2;172;154;115;48;2;185;172;131m▀[38;2;201;185;144;48;2;193;180;138m▀[38;2;200;185;143;48;2;194;182;141m▀[38;2;199;185;144;48;2;177;156;115m▛[38;2;189;170;129;48;2;200;186;145m▖[38;2;199;184;145;48;2;196;182;140m▘[38;2;197;183;142;48;2;201;188;146m▌[38;2;201;187;146;48;2;188;169;128m▛[38;2;192;178;138;48;2;196;184;144m▞[38;2;196;184;144;48;2;191;182;143m▛[38;2;195;184;143;48;2;185;176;138m▀[38;2;183;176;138;48;2;189;181;142m▖[38;2;129;121;91;48;2;200;189;154m▌[38;2;228;213;175;48;2;221;208;171m▌[0m
[38;2;218;207;172;48;2;215;201;163m▌[38;2;229;214;173;48;2;142;135;110m▌[38;2;47;48;40;48;2;60;60;51m▌[38;2;55;55;48;48;2;52;53;46m▌[38;2;53;54;47;48;2;55;56;49m▖[38;2;55;56;49;48;2;53;54;47m▖[38;2;53;54;47;48;2;55;56;48m▛[38;2;53;54;47;48;2;56;58;50m▀[38;2;56;57;50;48;2;59;60;52m▌[38;2;55;56;49;48;2;58;59;52m▝[38;2;61;62;55;48;2;58;59;52m▝[38;2;55;56;49;48;2;59;61;54m▝[38;2;58;60;52;48;2;55;57;50m▌[38;2;56;58;50;48;2;61;63;55m▌[38;2;63;64;55;48;2;59;60;52m▘[38;2;65;67;58;48;2;63;65;56m▀[38;2;62;63;55;48;2;65;67;58m▌[38;2;68;70;60;48;2;66;68;58m▛[38;2;68;71;61;48;2;79;79;67m▌[38;2;91;85;72;48;2;67;68;59m▌[38;2;68;70;60;48;2;66;68;60m▀[38;2;67;68;60;48;2;68;70;62m▘[38;2;69;70;62;48;2;65;67;58m▘[38;2;71;72;63;48;2;67;68;59m▀[38;2;67;69;58;48;2;71;73;62m▖[38;2;70;72;61;48;2;71;73;62m▖[38;2;88;83;70;48;2;73;75;64m▝[38;2;84;80;67;48;2;69;71;62m▌[38;2;72;74;64;48;2;73;75;65m▘[38;2;73;75;64;48;2;71;73;61m▀[38;2;70;72;63;48;2;73;75;64m▘[38;2;71;73;62;48;2;69;70;60m▛[38;2;90;92;79;48;2;73;76;64m▝[38;2;101;102;85;48;2;85;87;73m▀[38;2;134;130;104;48;2;105;106;86m▀[38;2;154;150;120;48;2;127;122;98m▝[38;2;155;151;119;48;2;126;126;103m▀[38;2;167;161;125;48;2;143;140;113m▀[38;2;191;182;144;48;2;160;150;116m▘[38;2;190;181;141;48;2;171;161;125m▝[38;2;168;162;126;48;2;183;174;134m▖[38;2;190;178;138;48;2;181;175;137m▀[38;2;189;179;139;48;2;183;175;137m▀[38;2;181;162;121;48;2;191;182;144m▝[38;2;194;184;145;48;2;186;174;135m▞[38;2;193;181;141;48;2;182;175;138m▀[38;2;192;182;142;48;2;179;174;136m▀[38;2;174;156;118;48;2;185;178;141m▝[38;2;188;181;143;48;2;173;165;130m▝[38;2;180;173;136;48;2;165;161;128m▀[38;2;178;173;137;48;2;162;159;127m▀[38;2;184;166;128;48;2;157;154;124m▀[38;2;124;119;92;48;2;207;194;159m▌[38;2;227;213;174;48;2;222;209;171m▌[0m
[38;2;218;208;173;48;2;216;202;164m▌[38;2;228;213;172;48;2;135;129;104m▌[38;2;48;49;41;48;2;60;60;51m▌[38;2;57;57;48;48;2;54;54;46m▌[38;2;58;59;51;48;2;57;58;49m▝[38;2;59;59;51;48;2;56;57;48m▖[38;2;55;56;48;48;2;57;58;50m▌[38;2;55;56;49;48;2;57;58;50m▝[38;2;56;57;50;48;2;58;59;51m▌[38;2;56;57;50;48;2;59;60;52m▀[38;2;58;59;52;48;2;55;56;49m▛[38;2;55;57;51;48;2;59;60;53m▝[38;2;55;56;50;48;2;60;62;55m▀[38;2;57;58;50;48;2;61;62;55m▌[38;2;59;59;52;48;2;61;62;55m▀[38;2;64;66;57;48;2;69;71;62m▛[38;2;61;63;56;48;2;66;68;59m▘[38;2;71;72;62;48;2;67;68;59m▌[38;2;69;72;61;48;2;85;81;70m▌[38;2;72;72;60;48;2;67;69;60m▘[38;2;72;73;64;48;2;67;69;61m▖[38;2;65;67;59;48;2;66;68;60m▘[38;2;66;68;58;48;2;69;70;61m▀[38;2;70;72;60;48;2;68;70;59m▝[38;2;67;69;59;48;2;71;73;62m▝[38;2;71;72;62;48;2;73;75;64m▛[38;2;72;74;63;48;2;75;76;65m▞[38;2;93;88;74;48;2;74;74;63m▌[38;2;71;73;61;48;2;75;76;64m▀[38;2;73;75;64;48;2;71;72;61m▝[38;2;72;74;62;48;2;68;69;59m▀[38;2;74;76;64;48;2;68;70;59m▘[38;2;71;73;62;48;2;68;69;60m▖[38;2;70;72;61;48;2;65;66;58m▝[38;2;79;81;68;48;2;65;67;56m▀[38;2;95;97;80;48;2;72;73;61m▀[38;2;106;108;89;48;2;82;84;70m▀[38;2;96;98;82;48;2;110;112;93m▖[38;2;130;130;106;48;2;114;115;95m▀[38;2;145;143;114;48;2;122;123;100m▀[38;2;160;150;118;48;2;146;140;111m▀[38;2;174;166;130;48;2;150;139;108m▝[38;2;173;168;134;48;2;150;148;119m▀[38;2;174;168;133;48;2;148;145;116m▀[38;2;174;168;134;48;2;153;149;119m▀[38;2;168;162;129;48;2;154;141;109m▛[38;2;149;137;107;48;2;168;162;128m▖[38;2;161;156;124;48;2;142;140;113m▀[38;2;156;152;122;48;2;134;133;107m▀[38;2;151;147;118;48;2;132;131;106m▀[38;2;143;142;114;48;2;123;124;102m▀[38;2;138;138;111;48;2;116;117;97m▀[38;2;106;103;80;48;2;213;200;163m▌[38;2;226;211;174;48;2;221;208;170m▌[0m
[38;2;218;207;171;48;2;217;202;162m▌[38;2;228;214;171;48;2;128;123;99m▌[38;2;48;49;41;48;2;57;58;49m▌[38;2;57;58;49;48;2;56;57;49m▌[38;2;56;57;49;48;2;55;56;49m▛[38;2;59;60;51;48;2;57;58;49m▀[38;2;60;60;51;48;2;58;59;49m▀[38;2;60;61;51;48;2;58;58;49m▘[38;2;56;58;49;48;2;58;60;50m▌[38;2;60;61;52;48;2;58;60;52m▀[38;2;58;59;52;48;2;60;61;54m▝[38;2;59;60;54;48;2;63;64;57m▖[38;2;62;63;56;48;2;64;65;57m▛[38;2;58;60;53;48;2;59;61;54m▘[38;2;62;64;56;48;2;59;60;52m▌[38;2;70;72;61;48;2;61;63;54m▝[38;2;65;67;58;48;2;64;65;56m▌[38;2;64;65;56;48;2;70;72;61m▖[38;2;89;84;70;48;2;68;67;57m▌[38;2;63;65;58;48;2;63;64;56m▛[38;2;67;69;61;48;2;61;62;55m▝[38;2;67;69;61;48;2;64;66;58m▀[38;2;66;68;60;48;2;64;66;57m▀[38;2;63;66;58;48;2;59;61;52m▀[38;2;70;72;62;48;2;64;67;58m▀[38;2;69;72;62;48;2;68;70;61m▀[38;2;74;76;65;48;2;70;72;62m▝[38;2;87;84;72;48;2;73;72;62m▌[38;2;68;71;61;48;2;65;68;59m▘[38;2;66;68;57;48;2;64;66;57m▝[38;2;63;65;57;48;2;68;70;60m▘[38;2;66;68;57;48;2;69;71;60m▌[38;2;71;73;62;48;2;68;71;60m▘[38;2;65;67;56;48;2;70;72;60m▝[38;2;68;70;59;48;2;64;66;56m▖[38;2;61;63;53;48;2;66;67;57m▝[38;2;61;63;55;48;2;65;67;56m▀[38;2;72;74;63;48;2;66;68;57m▝[38;2;82;84;71;48;2;64;66;57m▀[38;2;97;99;83;48;2;68;70;59m▀[38;2;112;113;92;48;2;76;78;67m▀[38;2;118;119;96;48;2;85;87;74m▀[38;2;124;124;101;48;2;95;97;82m▀[38;2;141;134;106;48;2;115;111;90m▀[38;2;141;138;109;48;2;119;118;95m▀[38;2;133;133;107;48;2;109;110;91m▀[38;2;121;122;101;48;2;100;101;85m▀[38;2;116;118;97;48;2;90;92;76m▀[38;2;107;109;89;48;2;83;84;70m▀[38;2;108;110;91;48;2;76;78;65m▀[38;2;100;102;86;48;2;69;70;60m▀[38;2;94;97;81;48;2;58;59;52m▀[38;2;87;86;68;48;2;217;205;167m▌[38;2;224;211;172;48;2;222;209;171m▘[0m
[38;2;217;205;168;48;2;216;202;161m▌[38;2;225;212;170;48;2;113;109;87m▌[38;2;48;49;41;48;2;56;58;49m▌[38;2;58;57;48;48;2;47;55;49m▀[38;2;60;59;51;48;2;47;56;49m▀[38;2;58;59;51;48;2;53;57;50m▀[38;2;59;60;52;48;2;55;56;49m▝[38;2;55;57;49;48;2;53;54;47m▛[38;2;58;59;52;48;2;55;57;49m▝[38;2;60;61;54;48;2;57;59;51m▘[38;2;60;62;55;48;2;58;59;51m▝[38;2;59;61;53;48;2;56;57;50m▝[38;2;53;55;47;48;2;56;58;51m▖[38;2;60;62;54;48;2;56;57;51m▌[38;2;61;63;55;48;2;59;60;52m▀[38;2;58;61;52;48;2;64;65;57m▌[38;2;68;69;60;48;2;62;64;56m▌[38;2;62;64;55;48;2;68;70;59m▌[38;2;85;80;67;48;2;65;65;55m▌[38;2;64;66;58;48;2;63;65;57m▝[38;2;64;66;58;48;2;61;63;55m▖[38;2;63;65;57;48;2;67;68;60m▞[38;2;65;66;57;48;2;60;62;54m▛[38;2;64;66;57;48;2;67;69;59m▖[38;2;66;68;59;48;2;68;70;61m▛[38;2;70;73;63;48;2;69;71;61m▝[38;2;72;75;64;48;2;68;71;59m▘[38;2;92;88;72;48;2;84;81;67m▘[38;2;65;68;58;48;2;62;64;56m▀[38;2;64;65;57;48;2;68;70;59m▘[38;2;69;72;60;48;2;67;70;58m▀[38;2;68;70;59;48;2;70;72;60m▞[38;2;72;74;62;48;2;71;73;60m▝[38;2;73;75;62;48;2;70;71;59m▀[38;2;70;71;59;48;2;66;68;56m▀[38;2;73;74;60;48;2;69;70;59m▘[38;2;67;69;57;48;2;64;66;56m▀[38;2;73;73;60;48;2;64;66;54m▀[38;2;70;72;59;48;2;64;65;55m▀[38;2;66;67;55;48;2;62;63;52m▛[38;2;73;73;60;48;2;62;63;52m▝[38;2;75;75;62;48;2;63;64;53m▀[38;2;74;75;63;48;2;63;63;52m▀[38;2;75;77;65;48;2;63;64;52m▀[38;2;73;75;62;48;2;63;65;53m▀[38;2;70;73;61;48;2;62;64;54m▀[38;2;69;71;60;48;2;60;61;51m▀[38;2;64;65;55;48;2;57;59;49m▀[38;2;60;61;51;48;2;57;58;49m▘[38;2;59;60;52;48;2;56;57;49m▌[38;2;53;54;46;48;2;54;55;48m▝[38;2;53;55;48;48;2;56;56;48m▝[38;2;89;87;70;48;2;220;208;169m▌[38;2;223;209;171;48;2;219;207;170m▌[0m
[38;2;218;206;169;48;2;217;202;161m▌[38;2;225;211;169;48;2;110;106;85m▌[38;2;60;53;42;48;2;178;86;54m▛[38;2;106;69;50;48;2;196;88;50m▀[38;2;106;66;49;48;2;200;84;45m▀[38;2;170;75;45;48;2;64;54;45m▖[38;2;55;56;48;48;2;54;54;47m▘[38;2;55;56;49;48;2;52;53;47m▌[38;2;53;55;47;48;2;56;57;50m▛[38;2;57;58;50;48;2;54;56;48m▀[38;2;54;55;49;48;2;56;57;51m▌[38;2;53;55;49;48;2;54;55;48m▘[38;2;55;57;49;48;2;57;59;53m▛[38;2;60;62;54;48;2;55;56;49m▌[38;2;55;57;50;48;2;59;61;53m▌[38;2;59;60;52;48;2;62;63;55m▖[38;2;67;69;58;48;2;64;66;56m▘[38;2;57;60;52;48;2;92;87;71m▌[38;2;83;78;64;48;2;56;59;53m▌[38;2;62;63;55;48;2;58;60;52m▛[38;2;61;63;55;48;2;58;60;53m▀[38;2;61;63;55;48;2;57;58;51m▛[38;2;60;62;53;48;2;64;66;58m▖[38;2;64;66;58;48;2;63;64;56m▛[38;2;64;66;58;48;2;68;70;59m▛[38;2;72;73;61;48;2;68;70;59m▝[38;2;69;71;60;48;2;71;73;61m▞[38;2;79;79;66;48;2;78;74;63m▌[38;2;60;62;54;48;2;65;67;58m▌[38;2;65;68;58;48;2;63;65;56m▝[38;2;68;71;60;48;2;66;68;58m▝[38;2;68;70;59;48;2;63;65;55m▀[38;2;66;68;58;48;2;62;64;55m▀[38;2;64;66;55;48;2;63;66;56m▀[38;2;62;64;53;48;2;59;62;53m▀[38;2;64;66;56;48;2;59;60;51m▘[38;2;62;64;55;48;2;60;63;56m▛[38;2;58;61;53;48;2;61;63;55m▝[38;2;62;63;55;48;2;58;60;53m▖[38;2;59;61;53;48;2;58;59;52m▌[38;2;59;60;53;48;2;58;59;51m▘[38;2;62;64;56;48;2;60;62;53m▖[38;2;61;63;52;48;2;55;57;48m▛[38;2;62;63;53;48;2;57;59;50m▘[38;2;61;62;53;48;2;59;60;51m▀[38;2;63;64;54;48;2;60;61;53m▀[38;2;59;60;51;48;2;55;57;48m▛[38;2;59;60;51;48;2;56;57;48m▀[38;2;58;59;50;48;2;55;56;49m▛[38;2;57;58;50;48;2;56;57;49m▌[38;2;57;58;50;48;2;55;56;48m▘[38;2;56;57;50;48;2;52;54;47m▌[38;2;89;88;71;48;2;218;207;170m▌[38;2;221;209;171;48;2;219;207;170m▌[0m
[38;2;218;206;170;48;2;217;203;164m▌[38;2;227;213;173;48;2;112;108;87m▌[38;2;48;47;40;48;2;154;77;53m▌[38;2;114;53;35;48;2;170;76;46m▘[38;2;113;57;37;48;2;148;67;42m▌[38;2;161;75;48;48;2;43;46;40m▌[38;2;49;50;44;48;2;45;46;41m▀[38;2;50;52;46;48;2;49;50;44m▛[38;2;52;53;47;48;2;48;49;43m▀[38;2;54;55;49;48;2;50;52;46m▘[38;2;52;53;47;48;2;54;55;48m▖[38;2;55;56;49;48;2;53;54;48m▘[38;2;56;56;50;48;2;53;54;48m▝[38;2;56;57;50;48;2;53;54;47m▛[38;2;51;53;46;48;2;58;60;52m▌[38;2;57;60;52;48;2;54;56;49m▛[38;2;65;66;57;48;2;58;59;52m▝[38;2;59;61;53;48;2;95;86;71m▌[38;2;67;64;55;48;2;54;56;49m▘[38;2;58;59;52;48;2;59;62;55m▛[38;2;57;60;52;48;2;59;61;53m▌[38;2;57;59;51;48;2;60;61;54m▘[38;2;61;63;56;48;2;57;60;53m▛[38;2;59;61;53;48;2;63;66;57m▖[38;2;64;66;57;48;2;62;64;54m▛[38;2;62;65;55;48;2;66;69;58m▖[38;2;69;71;60;48;2;66;68;58m▀[38;2;70;70;58;48;2;80;76;63m▖[38;2;64;67;58;48;2;60;62;53m▝[38;2;57;60;52;48;2;63;65;56m▖[38;2;67;69;58;48;2;63;66;56m▛[38;2;66;68;58;48;2;62;64;55m▝[38;2;67;69;58;48;2;62;64;55m▘[38;2;61;62;54;48;2;63;66;55m▌[38;2;62;64;52;48;2;59;60;51m▌[38;2;60;61;52;48;2;57;59;50m▖[38;2;57;59;51;48;2;57;58;50m▝[38;2;58;59;51;48;2;60;61;53m▛[38;2;57;59;52;48;2;60;62;54m▝[38;2;57;58;50;48;2;56;58;51m▝[38;2;56;58;50;48;2;58;59;51m▞[38;2;62;64;55;48;2;60;62;51m▘[38;2;61;62;52;48;2;58;59;51m▘[38;2;60;61;53;48;2;58;59;50m▖[38;2;60;61;52;48;2;58;59;51m▞[38;2;55;56;47;48;2;59;60;52m▖[38;2;56;57;49;48;2;58;59;51m▖[38;2;56;57;50;48;2;57;58;49m▘[38;2;58;59;50;48;2;55;56;48m▘[38;2;57;58;50;48;2;55;56;48m▝[38;2;56;58;51;48;2;54;56;49m▌[38;2;55;56;49;48;2;51;52;46m▌[38;2;84;83;67;48;2;217;206;169m▌[38;2;222;209;171;48;2;219;207;170m▌[0m
[38;2;215;204;170;48;2;215;201;165m▌[38;2;228;213;173;48;2;119;114;93m▌[38;2;44;43;36;48;2;178;87;57m▌[38;2;213;96;56;48;2;158;75;44m▛[38;2;169;75;41;48;2;212;93;53m▌[38;2;163;79;51;48;2;37;40;36m▌[38;2;45;46;41;48;2;42;43;38m▝[38;2;44;46;40;48;2;43;44;39m▛[38;2;45;46;41;48;2;47;49;43m▌[38;2;50;51;45;48;2;46;47;41m▀[38;2;49;50;44;48;2;45;47;40m▀[38;2;49;50;44;48;2;45;47;41m▀[38;2;49;51;45;48;2;46;49;43m▀[38;2;50;52;45;48;2;47;48;42m▀[38;2;52;53;47;48;2;46;47;41m▝[38;2;51;54;47;48;2;47;50;43m▀[38;2;52;53;47;48;2;46;48;42m▛[38;2;94;86;71;48;2;78;74;62m▝[38;2;42;44;39;48;2;49;51;45m▌[38;2;57;59;52;48;2;53;54;47m▀[38;2;57;59;52;48;2;53;55;48m▀[38;2;56;59;52;48;2;50;53;47m▀[38;2;56;57;50;48;2;50;53;46m▀[38;2;55;57;50;48;2;50;52;46m▀[38;2;60;61;53;48;2;52;54;48m▀[38;2;61;63;55;48;2;55;57;50m▀[38;2;59;62;55;48;2;52;54;47m▀[38;2;94;78;63;48;2;54;55;47m▝[38;2;58;59;50;48;2;52;54;48m▀[38;2;59;62;54;48;2;55;57;50m▝[38;2;62;64;56;48;2;55;57;49m▀[38;2;57;59;50;48;2;53;54;46m▀[38;2;54;57;49;48;2;57;60;51m▌[38;2;58;59;51;48;2;54;57;48m▀[38;2;56;57;49;48;2;57;59;50m▖[38;2;56;57;49;48;2;52;54;46m▘[38;2;55;57;49;48;2;51;53;45m▀[38;2;56;58;50;48;2;53;55;47m▀[38;2;57;59;51;48;2;51;53;46m▘[38;2;52;54;47;48;2;50;51;44m▛[38;2;54;55;48;48;2;56;57;50m▌[38;2;58;60;52;48;2;57;58;50m▘[38;2;59;61;50;48;2;53;55;47m▀[38;2;58;59;51;48;2;54;55;47m▀[38;2;57;59;49;48;2;53;54;46m▀[38;2;55;56;49;48;2;50;52;45m▀[38;2;55;56;48;48;2;51;52;44m▀[38;2;53;54;47;48;2;48;50;43m▀[38;2;52;53;45;48;2;49;50;44m▛[38;2;52;54;47;48;2;48;49;43m▀[38;2;50;52;45;48;2;48;49;43m▀[38;2;49;50;44;48;2;43;45;39m▛[38;2;89;88;71;48;2;220;208;171m▌[38;2;221;209;172;48;2;220;208;170m▀[0m
[38;2;214;202;167;48;2;214;200;164m▌[38;2;226;211;171;48;2;107;102;83m▌[38;2;34;33;29;48;2;178;87;56m▌[38;2;211;100;57;48;2;159;77;42m▌[38;2;176;82;45;48;2;217;96;55m▌[38;2;156;76;49;48;2;33;38;34m▌[38;2;40;41;36;48;2;37;38;33m▀[38;2;40;42;37;48;2;38;39;34m▀[38;2;42;43;37;48;2;38;39;33m▀[38;2;42;43;37;48;2;36;37;32m▀[38;2;42;43;37;48;2;38;39;34m▀[38;2;42;44;38;48;2;38;39;34m▀[38;2;44;47;40;48;2;40;42;36m▀[38;2;44;45;39;48;2;39;40;35m▀[38;2;44;45;39;48;2;38;39;34m▀[38;2;43;44;38;48;2;40;41;35m▀[38;2;47;48;42;48;2;40;41;36m▘[38;2;81;76;63;48;2;59;57;49m▌[38;2;42;44;38;48;2;37;38;33m▀[38;2;46;47;41;48;2;36;38;33m▀[38;2;47;48;42;48;2;37;39;33m▀[38;2;45;47;41;48;2;39;41;36m▀[38;2;43;45;40;48;2;38;39;35m▀[38;2;44;46;40;48;2;39;40;35m▀[38;2;43;45;40;48;2;39;40;35m▀[38;2;46;48;42;48;2;41;43;38m▀[38;2;45;47;41;48;2;41;43;38m▀[38;2;45;47;42;48;2;41;43;37m▀[38;2;50;52;46;48;2;44;46;40m▀[38;2;51;52;45;48;2;44;46;39m▀[38;2;50;51;44;48;2;44;45;39m▘[38;2;46;48;42;48;2;41;43;37m▀[38;2;48;49;43;48;2;45;47;41m▘[38;2;47;49;42;48;2;43;45;39m▀[38;2;50;51;44;48;2;42;43;38m▀[38;2;47;48;41;48;2;42;43;37m▀[38;2;47;48;41;48;2;42;44;38m▀[38;2;47;48;41;48;2;42;44;39m▀[38;2;45;47;41;48;2;40;42;37m▀[38;2;43;45;40;48;2;39;40;35m▀[38;2;46;49;42;48;2;39;41;35m▀[38;2;50;51;45;48;2;40;42;36m▀[38;2;45;47;40;48;2;39;40;35m▀[38;2;46;47;41;48;2;38;39;34m▀[38;2;48;49;43;48;2;40;42;36m▀[38;2;42;44;38;48;2;37;38;33m▀[38;2;43;44;38;48;2;36;38;32m▀[38;2;44;45;39;48;2;38;39;34m▀[38;2;43;44;38;48;2;37;38;33m▀[38;2;42;43;38;48;2;37;38;33m▀[38;2;43;44;39;48;2;38;39;34m▀[38;2;41;42;36;48;2;35;36;31m▌[38;2;86;84;68;48;2;221;209;173m▌[38;2;219;208;171;48;2;220;208;171m▝[0m
[38;2;217;205;170;48;2;215;201;162m▌[38;2;226;211;171;48;2;99;95;79m▌[38;2;25;26;23;48;2;175;90;58m▌[38;2;106;57;34;48;2;179;88;52m▝[38;2;153;73;43;48;2;203;91;51m▌[38;2;147;73;47;48;2;28;32;29m▌[38;2;34;34;29;48;2;33;33;29m▌[38;2;35;36;31;48;2;33;34;29m▝[38;2;33;34;29;48;2;34;34;30m▝[38;2;35;36;31;48;2;36;37;32m▞[38;2;33;35;30;48;2;35;36;31m▖[38;2;35;36;31;48;2;34;35;31m▌[38;2;37;39;33;48;2;37;38;33m▖[38;2;34;35;30;48;2;38;39;34m▌[38;2;38;39;34;48;2;35;36;31m▀[38;2;39;40;35;48;2;37;38;33m▝[38;2;37;38;34;48;2;41;43;38m▛[38;2;71;68;59;48;2;42;42;36m▌[38;2;36;37;32;48;2;38;39;34m▘[38;2;37;38;33;48;2;39;40;35m▝[38;2;35;36;32;48;2;36;37;33m▌[38;2;37;38;34;48;2;37;39;34m▞[38;2;36;37;34;48;2;38;39;34m▀[38;2;36;38;33;48;2;38;39;35m▝[38;2;36;38;33;48;2;37;38;34m▞[38;2;41;42;37;48;2;40;41;36m▞[38;2;38;40;35;48;2;39;41;36m▝[38;2;37;39;34;48;2;40;42;37m▌[38;2;39;41;36;48;2;38;39;34m▛[38;2;38;39;33;48;2;39;40;35m▝[38;2;42;43;37;48;2;39;41;36m▘[38;2;36;38;33;48;2;38;40;35m▖[38;2;39;40;35;48;2;38;39;34m▌[38;2;41;42;37;48;2;39;41;35m▀[38;2;42;44;38;48;2;39;40;35m▖[38;2;39;40;35;48;2;40;42;36m▌[38;2;38;39;34;48;2;39;40;34m▀[38;2;40;41;36;48;2;41;42;36m▝[38;2;38;39;34;48;2;40;41;36m▝[38;2;37;38;33;48;2;38;40;34m▀[38;2;38;39;34;48;2;39;40;35m▘[38;2;40;42;36;48;2;41;43;37m▝[38;2;41;43;37;48;2;39;40;35m▖[38;2;39;40;35;48;2;37;38;33m▌[38;2;37;39;34;48;2;39;40;35m▝[38;2;37;38;33;48;2;38;39;34m▘[38;2;36;37;32;48;2;38;40;34m▀[38;2;36;37;32;48;2;37;38;33m▘[38;2;35;36;31;48;2;36;37;32m▝[38;2;35;36;31;48;2;37;38;33m▝[38;2;36;37;32;48;2;37;38;33m▘[38;2;39;40;35;48;2;33;34;30m▌[38;2;82;81;65;48;2;219;207;171m▌[38;2;219;208;171;48;2;220;208;172m▝[0m
[38;2;216;205;170;48;2;216;202;164m▌[38;2;225;211;172;48;2;95;93;78m▌[38;2;50;42;35;48;2;27;28;25m▝[38;2;53;42;34;48;2;28;32;28m▀[38;2;49;40;33;48;2;29;32;28m▀[38;2;41;38;33;48;2;32;34;29m▘[38;2;34;35;30;48;2;32;33;28m▀[38;2;34;36;31;48;2;31;32;28m▘[38;2;33;34;29;48;2;35;36;31m▌[38;2;35;36;31;48;2;35;37;32m▌[38;2;35;36;31;48;2;35;36;31m█[38;2;36;37;32;48;2;36;37;32m█[38;2;38;39;34;48;2;35;36;31m▘▝[38;2;35;36;31;48;2;36;37;33m▝[38;2;38;39;34;48;2;37;38;33m▖[38;2;37;38;34;48;2;48;48;40m▌[38;2;74;71;60;48;2;36;38;33m▌[38;2;38;40;35;48;2;37;38;34m▛[38;2;37;38;34;48;2;39;40;35m▌[38;2;38;39;35;48;2;41;42;37m▛[38;2;37;38;33;48;2;40;41;35m▀[38;2;38;39;34;48;2;42;44;38m▛[38;2;39;40;35;48;2;42;43;37m▀[38;2;35;36;32;48;2;42;43;37m▘[38;2;39;41;36;48;2;52;52;45m▀[38;2;37;38;33;48;2;49;50;43m▀[38;2;38;40;35;48;2;51;52;44m▀[38;2;36;37;33;48;2;50;51;43m▀[38;2;38;40;35;48;2;48;49;41m▀[38;2;36;37;32;48;2;47;49;41m▀[38;2;36;37;32;48;2;48;49;41m▀[38;2;37;38;33;48;2;45;46;39m▀[38;2;36;38;33;48;2;48;49;41m▀[38;2;38;40;35;48;2;51;52;44m▀[38;2;36;38;32;48;2;51;52;43m▀[38;2;36;37;32;48;2;49;50;42m▀[38;2;38;40;34;48;2;42;43;37m▝[38;2;36;38;33;48;2;49;49;41m▀[38;2;35;36;31;48;2;49;49;42m▀[38;2;35;36;32;48;2;46;47;39m▀[38;2;36;39;33;48;2;48;49;42m▀[38;2;36;37;32;48;2;45;46;39m▀[38;2;36;38;33;48;2;42;43;37m▀[38;2;36;38;33;48;2;44;45;38m▀[38;2;36;37;32;48;2;40;41;36m▀[38;2;34;35;30;48;2;40;41;35m▀[38;2;35;36;31;48;2;41;41;36m▀[38;2;33;34;30;48;2;40;41;35m▀[38;2;34;35;31;48;2;39;40;34m▀[38;2;35;36;31;48;2;41;42;36m▀[38;2;35;36;31;48;2;43;44;38m▀[38;2;83;81;66;48;2;219;208;170m▌[38;2;220;208;170;48;2;218;207;169m▌[0m
[38;2;214;205;169;48;2;214;202;164m▌[38;2;220;208;168;48;2;99;95;78m▌[38;2;44;43;37;48;2;51;50;41m▌[38;2;48;47;40;48;2;51;50;42m▀[38;2;44;43;36;48;2;45;44;36m▘[38;2;47;47;39;48;2;50;49;42m▛[38;2;49;49;41;48;2;44;44;37m▌[38;2;49;49;41;48;2;46;45;38m▝[38;2;42;42;36;48;2;47;47;40m▝[38;2;39;40;34;48;2;44;44;37m▀[38;2;39;38;33;48;2;42;42;35m▀[38;2;40;40;35;48;2;44;44;37m▝[38;2;41;42;35;48;2;44;44;37m▀[38;2;38;38;32;48;2;46;46;39m▀[38;2;40;40;34;48;2;51;51;42m▀[38;2;42;42;36;48;2;47;47;40m▀[38;2;46;46;38;48;2;68;66;56m▌[38;2;65;62;54;48;2;49;50;42m▌[38;2;48;49;40;48;2;51;51;43m▀[38;2;49;50;42;48;2;45;45;38m▌[38;2;40;41;35;48;2;46;46;38m▘[38;2;47;47;39;48;2;45;46;38m▖[38;2;46;46;38;48;2;47;47;41m▖[38;2;48;48;41;48;2;51;51;43m▖[38;2;49;49;41;48;2;54;54;45m▛[38;2;55;56;47;48;2;49;49;41m▛[38;2;56;56;47;48;2;52;52;43m▀[38;2;58;58;49;48;2;51;51;42m▘[38;2;48;48;40;48;2;51;51;42m▌[38;2;52;53;44;48;2;51;51;43m▀[38;2;51;52;44;48;2;48;48;40m▛[38;2;54;55;46;48;2;50;50;41m▀[38;2;46;46;39;48;2;52;52;44m▌[38;2;52;52;44;48;2;50;49;41m▀[38;2;54;55;45;48;2;49;49;41m▘[38;2;68;68;57;48;2;51;51;42m▝[38;2;55;55;46;48;2;48;47;39m▀[38;2;52;52;44;48;2;51;50;42m▖[38;2;53;53;43;48;2;51;50;41m▀[38;2;54;54;45;48;2;47;46;38m▀[38;2;58;59;48;48;2;48;47;39m▀[38;2;57;57;48;48;2;47;46;39m▀[38;2;55;54;45;48;2;47;45;38m▀[38;2;50;50;43;48;2;46;45;39m▌[38;2;47;47;40;48;2;51;52;44m▖[38;2;49;50;43;48;2;46;47;41m▞[38;2;48;47;41;48;2;45;47;42m▀[38;2;51;50;42;48;2;45;47;42m▀[38;2;48;48;40;48;2;40;42;37m▀[38;2;49;48;40;48;2;40;43;38m▀[38;2;54;54;45;48;2;42;46;41m▀[38;2;55;54;44;48;2;51;54;49m▀[38;2;91;90;73;48;2;216;204;165m▌[38;2;216;203;164;48;2;217;205;167m▖[0m
[38;2;214;202;167;48;2;214;200;164m▌[38;2;218;206;168;48;2;93;91;76m▌[38;2;37;38;32;48;2;45;45;36m▘[38;2;44;43;37;48;2;47;46;38m▀[38;2;46;46;39;48;2;47;46;38m▀[38;2;46;46;39;48;2;45;44;37m▀[38;2;44;43;37;48;2;46;45;39m▞[38;2;44;44;39;48;2;45;44;37m▀[38;2;46;46;40;48;2;44;43;37m▝[38;2;47;46;40;48;2;40;39;34m▘[38;2;42;41;34;48;2;45;45;38m▖[38;2;44;44;38;48;2;46;46;40m▀[38;2;44;43;38;48;2;45;46;40m▝[38;2;45;44;37;48;2;44;45;39m▀[38;2;47;48;41;48;2;45;46;38m▞[38;2;44;44;37;48;2;48;51;45m▀[38;2;45;47;40;48;2;74;72;61m▌[38;2;58;59;51;48;2;45;47;43m▌[38;2;43;43;37;48;2;50;54;50m▀[38;2;45;44;38;48;2;53;59;54m▀[38;2;44;44;37;48;2;49;53;50m▀[38;2;46;46;38;48;2;51;57;53m▀[38;2;44;43;36;48;2;57;66;63m▀[38;2;41;41;34;48;2;59;69;65m▀[38;2;45;45;37;48;2;58;69;66m▀[38;2;44;43;36;48;2;56;68;65m▀[38;2;49;49;42;48;2;60;74;72m▀[38;2;46;46;38;48;2;63;81;80m▀[38;2;46;46;38;48;2;66;86;85m▀[38;2;47;48;42;48;2;74;97;96m▀[38;2;50;52;45;48;2;73;98;97m▀[38;2;50;53;46;48;2;73;98;98m▀[38;2;50;55;49;48;2;83;111;109m▀[38;2;51;56;51;48;2;86;113;110m▀[38;2;50;56;50;48;2;80;109;110m▀[38;2;51;58;53;48;2;79;110;111m▀[38;2;52;59;55;48;2;79;112;115m▀[38;2;51;58;53;48;2;70;103;106m▀[38;2;49;59;56;48;2;71;107;112m▀[38;2;50;59;55;48;2;73;111;115m▀[38;2;56;68;64;48;2;83;119;122m▀[38;2;63;78;75;48;2;82;121;125m▀[38;2;63;79;78;48;2;82;125;131m▀[38;2;70;88;85;48;2;84;125;130m▀[38;2;68;89;88;48;2;80;123;128m▀[38;2;65;87;87;48;2;77;119;128m▀[38;2;65;89;91;48;2;79;122;129m▀[38;2;65;90;92;48;2;83;125;131m▀[38;2;66;91;93;48;2;75;115;121m▀[38;2;76;100;100;48;2;87;125;130m▀[38;2;78;104;104;48;2;91;129;134m▀[38;2;80;107;109;48;2;85;125;134m▀[38;2;98;110;98;48;2;214;201;162m▌[38;2;219;205;167;48;2;217;205;168m▌[0m
[38;2;215;204;168;48;2;215;202;165m▌[38;2;218;206;168;48;2;98;97;80m▌[38;2;47;50;44;48;2;55;58;52m▌[38;2;52;54;47;48;2;53;59;55m▀[38;2;49;51;45;48;2;58;64;60m▀[38;2;48;51;45;48;2;64;74;69m▀[38;2;54;59;53;48;2;68;79;74m▀[38;2;53;59;55;48;2;69;84;79m▀[38;2;51;58;54;48;2;68;82;77m▀[38;2;55;64;60;48;2;75;91;85m▀[38;2;55;65;62;48;2;70;87;83m▀[38;2;48;55;52;48;2;65;83;81m▀[38;2;50;58;55;48;2;65;85;83m▀[38;2;54;64;61;48;2;67;91;90m▀[38;2;48;55;51;48;2;70;94;94m▀[38;2;46;51;47;48;2;72;99;100m▀[38;2;64;66;61;48;2;75;94;93m▀[38;2;48;53;49;48;2;77;107;108m▀[38;2;47;53;49;48;2;79;108;109m▀[38;2;46;53;49;48;2;86;115;115m▀[38;2;49;55;51;48;2;76;103;101m▀[38;2;49;56;52;48;2;78;111;112m▀[38;2;51;60;56;48;2;83;104;102m▀[38;2;56;67;64;48;2;88;118;117m▀[38;2;59;76;75;48;2;76;109;111m▀[38;2;64;87;87;48;2;86;128;133m▀[38;2;62;86;87;48;2;87;127;132m▀[38;2;65;86;87;48;2;82;120;125m▀[38;2;65;86;85;48;2;75;111;118m▀[38;2;71;96;96;48;2;84;126;131m▀[38;2;69;91;90;48;2;87;128;134m▀[38;2;69;95;94;48;2;83;127;134m▀[38;2;93;135;135;48;2;88;129;132m▝[38;2;93;137;142;48;2;86;128;133m▀[38;2;84;132;140;48;2;75;115;122m▀[38;2;66;98;101;48;2;78;121;129m▖[38;2;76;113;118;48;2;83;130;138m▀[38;2;83;130;138;48;2;89;136;144m▛[38;2;74;104;106;48;2;77;123;130m▖[38;2;85;133;142;48;2;83;129;137m▖[38;2;88;133;138;48;2;85;129;134m▀[38;2;76;124;132;48;2;83;129;137m▖[38;2;84;126;132;48;2;81;113;113m▝[38;2;85;134;143;48;2;74;111;115m▀[38;2;81;132;144;48;2;67;100;104m▀[38;2;76;127;138;48;2;68;101;105m▀[38;2;66;108;116;48;2;70;119;130m▝[38;2;71;113;119;48;2;78;125;133m▘[38;2;69;112;122;48;2;78;123;133m▀[38;2;76;120;129;48;2;82;128;140m▛[38;2;80;124;134;48;2;85;129;138m▌[38;2;87;131;140;48;2;76;125;139m▌[38;2;97;114;104;48;2;217;202;163m▌[38;2;218;205;166;48;2;217;205;167m▘[0m
[38;2;215;204;168;48;2;214;200;163m▌[38;2;221;207;169;48;2;105;102;83m▌[38;2;49;48;40;48;2;61;59;49m▌[38;2;64;60;48;48;2;53;53;45m▘[38;2;52;51;42;48;2;56;58;52m▛[38;2;49;47;38;48;2;45;46;40m▀[38;2;45;44;36;48;2;49;51;45m▀[38;2;40;40;34;48;2;48;48;40m▖[38;2;44;43;35;48;2;49;49;42m▘[38;2;52;50;41;48;2;42;43;36m▀[38;2;52;51;42;48;2;42;43;36m▀[38;2;57;59;51;48;2;47;47;39m▝[38;2;53;56;49;48;2;47;46;38m▀[38;2;54;58;51;48;2;46;46;37m▀[38;2;55;60;54;48;2;46;45;37m▀[38;2;62;69;62;48;2;49;47;38m▀[38;2;60;67;61;48;2;48;46;38m▀[38;2;63;75;70;48;2;45;43;34m▀[38;2;65;77;72;48;2;48;45;36m▀[38;2;74;92;87;48;2;45;42;33m▀[38;2;71;93;92;48;2;50;47;38m▀[38;2;70;97;97;48;2;49;46;37m▀[38;2;78;105;106;48;2;46;45;37m▀[38;2;86;121;124;48;2;47;47;39m▀[38;2;91;127;129;48;2;49;50;42m▀[38;2;90;130;134;48;2;52;56;51m▀[38;2;92;137;144;48;2;57;65;61m▀[38;2;85;136;145;48;2;54;66;61m▀[38;2;78;129;140;48;2;56;70;68m▀[38;2;74;112;116;48;2;63;81;78m▀[38;2;80;127;134;48;2;69;97;98m▀[38;2;84;133;141;48;2;71;105;108m▀[38;2;83;133;142;48;2;78;113;115m▀[38;2;85;130;136;48;2;87;135;142m▛[38;2;82;131;139;48;2;75;122;131m▖[38;2;81;126;133;48;2;73;114;120m▛[38;2;82;128;138;48;2;71;108;113m▀[38;2;72;108;112;48;2;76;119;126m▖[38;2;65;105;113;48;2;82;136;149m▀[38;2;73;111;117;48;2;86;135;144m▀[38;2;91;133;136;48;2;73;108;111m▖[38;2;80;122;127;48;2;70;104;107m▞[38;2;84;133;139;48;2;73;99;98m▀[38;2;76;103;103;48;2;84;126;131m▖[38;2;78;121;128;48;2;78;116;119m▀[38;2;87;126;131;48;2;77;114;118m▝[38;2;76;117;122;48;2;69;104;108m▘[38;2;67;97;100;48;2;79;116;120m▞[38;2;60;79;78;48;2;74;109;114m▀[38;2;59;78;78;48;2;65;100;107m▘[38;2;59;91;96;48;2;64;103;111m▌[38;2;67;102;111;48;2;73;111;119m▝[38;2;95;109;99;48;2;219;205;166m▌[38;2;218;205;167;48;2;216;203;165m▌[0m
[38;2;214;200;162;48;2;215;203;166m▝[38;2;219;204;165;48;2;122;123;103m▌[38;2;43;50;47;48;2;65;75;70m▘[38;2;61;70;66;48;2;80;100;97m▀[38;2;57;63;57;48;2;108;134;129m▛[38;2;56;65;61;48;2;100;134;134m▛[38;2;56;62;57;48;2;76;104;106m▀[38;2;48;55;53;48;2;73;94;92m▛[38;2;44;47;42;48;2;58;70;67m▀[38;2;90;109;104;48;2;45;49;45m▖[38;2;46;48;43;48;2;57;65;60m▛[38;2;65;74;69;48;2;43;47;42m▖[38;2;90;108;103;48;2;48;53;49m▖[38;2;46;51;48;48;2;60;71;67m▀[38;2;56;64;59;48;2;71;86;82m▌[38;2;42;45;41;48;2;52;56;52m▛[38;2;44;48;44;48;2;52;56;51m▛[38;2;55;59;53;48;2;47;51;47m▌[38;2;47;53;50;48;2;44;47;42m▖[38;2;45;48;41;48;2;52;56;51m▝[38;2;48;53;49;48;2;49;51;45m▖[38;2;48;50;43;48;2;47;53;49m▀[38;2;50;51;44;48;2;58;67;64m▀[38;2;52;52;43;48;2;48;54;49m▀[38;2;47;47;39;48;2;51;57;53m▀[38;2;53;52;44;48;2;50;55;50m▀[38;2;48;46;37;48;2;52;54;48m▝[38;2;51;51;42;48;2;53;53;44m▌[38;2;53;55;47;48;2;49;48;39m▖[38;2;51;50;41;48;2;57;56;45m▌[38;2;49;46;37;48;2;53;53;44m▝[38;2;54;51;41;48;2;56;56;47m▀[38;2;59;58;48;48;2;52;51;42m▌[38;2;66;70;61;48;2;54;53;45m▝[38;2;60;66;59;48;2;55;52;42m▀[38;2;63;74;68;48;2;54;51;41m▀[38;2;65;82;79;48;2;57;54;43m▀[38;2;76;98;95;48;2;60;57;46m▀[38;2;71;98;99;48;2;52;49;40m▀[38;2;79;111;114;48;2;52;50;41m▀[38;2;71;89;85;48;2;52;50;41m▀[38;2;66;79;74;48;2;53;55;47m▀[38;2;80;104;101;48;2;65;76;70m▝[38;2;65;82;78;48;2;77;110;111m▖[38;2;87;128;133;48;2;86;119;119m▝[38;2;84;126;132;48;2;88;128;132m▘[38;2;85;127;133;48;2;92;133;136m▀[38;2;88;131;136;48;2;101;143;147m▛[38;2;86;127;133;48;2;89;135;144m▀[38;2;81;123;132;48;2;83;131;141m▀[38;2;82;126;136;48;2;84;130;141m▘[38;2;88;133;143;48;2;90;132;141m▀[38;2;99;115;105;48;2;215;201;163m▌[38;2;218;205;167;48;2;215;203;166m▛[0m
[38;2;214;201;164;48;2;212;198;159m▀[38;2;217;202;164;48;2;128;126;102m▌[38;2;85;119;120;48;2;88;96;87m▀[38;2;84;116;118;48;2;74;79;72m▀[38;2;61;74;70;48;2;80;97;92m▘[38;2;94;106;99;48;2;82;91;84m▀[38;2;79;87;78;48;2;91;106;101m▛[38;2;65;57;44;48;2;94;110;104m▘[38;2;78;90;84;48;2;99;129;128m▀[38;2;121;149;144;48;2;95;123;120m▘[38;2;124;153;147;48;2;75;89;85m▝[38;2;87;110;108;48;2;73;91;87m▌[38;2;129;163;159;48;2;65;84;81m▘[38;2;83;108;105;48;2;61;68;61m▛[38;2;91;114;110;48;2;58;69;66m▌[38;2;69;83;78;48;2;99;125;124m▌[38;2;61;74;71;48;2;91;125;127m▛[38;2;60;73;71;48;2;97;131;134m▀[38;2;56;65;60;48;2;78;105;106m▛[38;2;109;150;153;48;2;55;67;65m▖[38;2;95;130;132;48;2;77;99;98m▖[38;2;68;83;80;48;2;55;61;54m▛[38;2;51;55;50;48;2;62;72;68m▌[38;2;48;52;46;48;2;72;82;75m▛[38;2;74;86;79;48;2;52;58;53m▖[38;2;70;89;88;48;2;49;54;51m▖[38;2;47;54;52;48;2;52;58;55m▝[38;2;48;53;50;48;2;64;78;77m▛[38;2;48;56;54;48;2;61;81;82m▛[38;2;66;92;95;48;2;50;56;52m▖[38;2;62;72;69;48;2;50;57;53m▘[38;2;51;54;48;48;2;55;67;65m▀[38;2;49;53;48;48;2;58;68;65m▛[38;2;55;61;55;48;2;88;121;122m▛[38;2;56;61;55;48;2;88;121;123m▀[38;2;54;53;44;48;2;77;102;102m▀[38;2;51;52;44;48;2;56;64;62m▛[38;2;56;56;47;48;2;50;52;46m▀[38;2;61;62;51;48;2;54;55;47m▘[38;2;58;58;50;48;2;49;49;42m▝[38;2;57;57;49;48;2;50;50;42m▛[38;2;49;49;41;48;2;56;57;48m▖[38;2;59;57;48;48;2;57;57;48m▝[38;2;56;56;48;48;2;51;49;41m▖[38;2;50;49;39;48;2;53;54;46m▀[38;2;49;49;42;48;2;53;53;45m▘[38;2;57;61;54;48;2;49;48;40m▀[38;2;63;74;69;48;2;52;50;41m▀[38;2;65;86;86;48;2;49;46;37m▀[38;2;67;98;102;48;2;46;43;35m▀[38;2;71;111;121;48;2;51;51;43m▀[38;2;74;119;130;48;2;51;56;51m▀[38;2;96;104;91;48;2;216;202;163m▌[38;2;213;200;165;48;2;216;203;165m▝[0m
[38;2;213;201;166;48;2;212;199;162m▖[38;2;217;202;164;48;2;127;130;108m▌[38;2;85;99;95;48;2;93;137;143m▀[38;2;86;102;99;48;2;93;136;143m▀[38;2;81;110;113;48;2;96;136;141m▀[38;2;84;123;128;48;2;99;136;139m▀[38;2;97;137;142;48;2;87;128;134m▛[38;2;99;140;145;48;2;88;129;136m▀[38;2;102;141;144;48;2;84;117;119m▀[38;2;92;120;120;48;2;68;87;86m▌[38;2;73;84;79;48;2;88;94;85m▛[38;2;75;84;76;48;2;90;94;84m▀[38;2;67;64;54;48;2;93;102;94m▀[38;2;74;73;64;48;2;93;117;115m▀[38;2;68;68;59;48;2;94;130;135m▀[38;2;70;82;78;48;2;100;147;153m▀[38;2;77;102;102;48;2;101;146;152m▀[38;2;80;115;121;48;2;90;137;147m▀[38;2;71;106;111;48;2;96;133;135m▌[38;2;93;132;136;48;2;101;143;147m▝[38;2;88;131;138;48;2;91;136;144m▀[38;2;52;71;72;48;2;87;129;136m▝[38;2;87;130;137;48;2;91;139;147m▝[38;2;65;95;98;48;2;92;139;148m▘[38;2;66;102;110;48;2;86;133;143m▝[38;2;52;69;69;48;2;69;106;114m▀[38;2;60;79;80;48;2;83;128;138m▝[38;2;58;80;82;48;2;84;131;141m▘[38;2;60;83;85;48;2;87;133;141m▘[38;2;53;70;69;48;2;83;124;130m▛[38;2;82;118;123;48;2;54;64;61m▖[38;2;55;59;53;48;2;77;102;103m▀[38;2;54;61;57;48;2;80;119;126m▛[38;2;58;63;56;48;2;84;117;120m▀[38;2;69;88;85;48;2;94;137;143m▀[38;2;92;127;130;48;2;60;75;71m▌[38;2;52;60;56;48;2;63;76;74m▛[38;2;52;59;55;48;2;49;53;47m▀[38;2;61;72;69;48;2;46;49;44m▌[38;2;55;64;61;48;2;65;78;75m▛[38;2;44;47;41;48;2;51;56;51m▖[38;2;48;53;50;48;2;46;49;44m▌[38;2;50;52;47;48;2;47;49;44m▌[38;2;50;52;46;48;2;61;75;73m▛[38;2;48;48;40;48;2;50;57;53m▀[38;2;47;47;39;48;2;48;52;47m▝[38;2;47;48;41;48;2;42;43;37m▛[38;2;51;51;43;48;2;41;41;36m▀[38;2;52;52;45;48;2;44;45;38m▀[38;2;51;52;45;48;2;44;44;37m▀[38;2;57;57;49;48;2;50;50;42m▝[38;2;62;62;52;48;2;56;56;47m▘[38;2;103;99;79;48;2;219;205;167m▌[38;2;216;201;163;48;2;215;201;164m▘[0m
[38;2;212;200;165;48;2;211;197;160m▌[38;2;217;202;162;48;2;123;130;111m▌[38;2;81;123;130;48;2;100;135;138m▌[38;2;89;128;134;48;2;84;125;132m▖[38;2;98;133;137;48;2;84;126;135m▀[38;2;96;134;139;48;2;93;131;137m▝[38;2;83;125;135;48;2;92;132;138m▖[38;2;99;137;140;48;2;83;127;138m▀[38;2;101;139;143;48;2;91;132;138m▝[38;2;91;134;141;48;2;77;123;135m▛[38;2;94;138;145;48;2;81;126;136m▀[38;2;97;142;148;48;2;91;133;140m▀[38;2;92;138;146;48;2;84;127;135m▀[38;2;95;137;143;48;2;70;98;101m▘[38;2;93;132;137;48;2;66;88;89m▝[38;2;90;121;122;48;2;81;82;74m▀[38;2;87;116;116;48;2;63;66;58m▀[38;2;75;96;93;48;2;58;61;56m▀[38;2;57;61;53;48;2;89;83;71m▀[38;2;81;80;72;48;2;71;90;89m▖[38;2;58;66;62;48;2;72;104;107m▀[38;2;63;80;79;48;2;80;117;121m▀[38;2;104;97;86;48;2;80;110;113m▘[38;2;69;115;123;48;2;113;103;91m▀[38;2;74;124;134;48;2;124;89;70m▀[38;2;66;115;126;48;2;100;76;61m▀[38;2;65;107;116;48;2;56;61;56m▀[38;2;79;126;137;48;2;51;62;60m▝[38;2;80;126;136;48;2;54;61;56m▀[38;2;69;108;115;48;2;54;59;54m▀[38;2;77;126;137;48;2;73;86;82m▀[38;2;87;136;144;48;2;74;81;75m▀[38;2;63;83;83;48;2;78;127;139m▖[38;2;103;148;153;48;2;90;135;142m▝[38;2;93;136;141;48;2;97;140;145m▖[38;2;58;75;74;48;2;86;124;129m▀[38;2;88;123;126;48;2;109;148;149m▀[38;2;56;72;71;48;2;81;116;119m▘[38;2;64;86;86;48;2;90;135;142m▝[38;2;82;125;132;48;2;59;79;79m▛[38;2;62;80;79;48;2;117;162;165m▛[38;2;101;124;118;48;2;60;74;70m▖[38;2;70;85;82;48;2;101;136;137m▀[38;2;52;59;54;48;2;82;105;104m▘[38;2;49;60;57;48;2;90;130;134m▛[38;2;86;118;120;48;2;47;56;53m▖[38;2;94;137;143;48;2;63;83;84m▖[38;2;48;64;65;48;2;69;97;101m▌[38;2;42;46;43;48;2;50;64;66m▛[38;2;41;46;44;48;2;53;69;71m▛[38;2;65;86;91;48;2;41;45;42m▖[38;2;42;42;36;48;2;71;95;99m▀[38;2;95;93;76;48;2;219;205;167m▌[38;2;214;202;164;48;2;214;200;163m▝[0m
[38;2;207;194;157;48;2;190;177;136m▀[38;2;218;202;162;48;2;133;136;114m▌[38;2;84;124;134;48;2;68;114;126m▝[38;2;79;121;131;48;2;64;111;126m▀[38;2;90;127;133;48;2;73;118;130m▝[38;2;89;127;134;48;2;73;118;130m▘[38;2;82;125;136;48;2;71;118;132m▀[38;2;74;122;135;48;2;66;116;131m▝[38;2;78;124;136;48;2;67;117;131m▀[38;2;76;123;135;48;2;66;116;131m▘[38;2;64;115;130;48;2;73;121;134m▖[38;2;81;127;136;48;2;71;120;133m▛[38;2;75;123;135;48;2;68;118;132m▀[38;2;80;131;142;48;2;65;117;131m▀[38;2;74;128;142;48;2;69;120;134m▘[38;2;72;122;135;48;2;63;116;132m▛[38;2;77;126;137;48;2;64;117;132m▝[38;2;87;132;140;48;2;69;120;134m▝[38;2;75;125;137;48;2;66;119;134m▘[38;2;71;123;136;48;2;78;128;140m▖[38;2;79;130;142;48;2;62;116;133m▀[38;2;77;129;145;48;2;65;99;107m▌[38;2;90;110;107;48;2;50;54;48m▝[38;2;113;83;65;48;2;46;54;49m▀[38;2;99;71;52;48;2;60;60;49m▀[38;2;144;94;64;48;2;92;79;62m▀[38;2;148;99;69;48;2;81;72;58m▘[38;2;84;68;52;48;2;75;75;66m▀[38;2;90;72;53;48;2;67;74;69m▀[38;2;106;80;57;48;2;69;87;86m▀[38;2;94;70;50;48;2;67;99;103m▀[38;2;68;62;52;48;2;80;119;126m▀[38;2;69;90;91;48;2;76;122;132m▘[38;2;85;128;137;48;2;65;89;90m▛[38;2;102;143;147;48;2;91;120;120m▀[38;2;99;141;146;48;2;88;115;115m▀[38;2;102;135;133;48;2;79;98;94m▀[38;2;85;115;115;48;2;68;87;87m▀[38;2;86;123;127;48;2;63;83;83m▀[38;2;80;112;115;48;2;57;75;76m▀[38;2;71;96;96;48;2;61;83;84m▀[38;2;104;140;140;48;2;69;103;107m▀[38;2;66;96;99;48;2;85;130;138m▖[38;2;66;92;93;48;2;81;125;133m▝[38;2;94;141;149;48;2;75;112;118m▝[38;2;58;94;101;48;2;78;117;123m▝[38;2;79;124;134;48;2;63;110;123m▀[38;2;43;56;57;48;2;63;104;115m▝[38;2;57;94;103;48;2;67;115;129m▘[38;2;39;52;53;48;2;60;105;119m▘[38;2;52;74;77;48;2;69;117;131m▝[38;2;92;132;140;48;2;68;112;125m▝[38;2;103;113;101;48;2;211;197;159m▌[38;2;216;202;164;48;2;214;201;164m▘[0m
[38;2;188;176;138;48;2;202;188;149m▘[38;2;218;202;162;48;2;132;135;113m▌[38;2;62;110;123;48;2;49;100;117m▀[38;2;56;106;123;48;2;47;99;119m▀[38;2;67;115;129;48;2;51;102;121m▀[38;2;65;113;127;48;2;53;104;122m▀[38;2;67;114;129;48;2;50;102;122m▀[38;2;64;114;130;48;2;54;104;123m▀[38;2;64;115;128;48;2;54;105;124m▀[38;2;56;109;126;48;2;43;98;119m▀[38;2;68;117;131;48;2;51;104;124m▀[38;2;64;115;130;48;2;49;103;124m▀[38;2;60;113;129;48;2;47;101;123m▀[38;2;56;110;128;48;2;47;103;124m▀[38;2;54;109;127;48;2;45;100;122m▛[38;2;53;108;127;48;2;42;99;122m▛[38;2;56;110;128;48;2;42;98;121m▀[38;2;65;117;132;48;2;51;106;126m▘[38;2;58;113;130;48;2;48;104;125m▀[38;2;57;113;131;48;2;43;101;124m▀[38;2;52;110;129;48;2;42;99;122m▀[38;2;52;109;129;48;2;37;96;121m▀[38;2;51;99;116;48;2;38;98;124m▀[38;2;56;99;112;48;2;43;103;128m▀[38;2;60;105;118;48;2;52;108;131m▀[38;2;56;103;119;48;2;55;111;132m▀[38;2;54;110;131;48;2;49;102;122m▖[38;2;63;116;133;48;2;49;103;122m▀[38;2;60;117;135;48;2;52;100;118m▀[38;2;65;117;134;48;2;47;66;69m▛[38;2;65;124;143;48;2;71;92;93m▀[38;2;75;125;138;48;2;82;92;86m▀[38;2;59;98;108;48;2;74;80;73m▀[38;2;45;60;61;48;2;74;86;82m▝[38;2;84;91;85;48;2;70;98;105m▛[38;2;81;87;82;48;2;66;98;106m▀[38;2;76;84;79;48;2;49;95;110m▀[38;2;68;91;94;48;2;51;108;129m▀[38;2;60;101;111;48;2;48;104;126m▀[38;2;67;118;132;48;2;48;102;125m▀[38;2;60;99;109;48;2;42;97;120m▀[38;2;56;85;92;48;2;45;100;123m▀[38;2;55;78;82;48;2;48;103;125m▀[38;2;54;76;80;48;2;49;105;127m▀[38;2;50;74;79;48;2;51;106;128m▀[38;2;61;81;84;48;2;43;101;124m▀[38;2;50;88;101;48;2;42;99;122m▀[38;2;63;115;132;48;2;44;97;118m▝[38;2;57;108;125;48;2;41;94;117m▀[38;2;52;104;122;48;2;36;89;113m▀[38;2;51;103;122;48;2;39;89;114m▀[38;2;51;101;121;48;2;35;87;111m▀[38;2;76;97;96;48;2;207;195;159m▌[38;2;212;198;160;48;2;208;196;159m▌[0m
[38;2;184;170;129;48;2;191;178;139m▝[38;2;196;179;137;48;2;131;136;118m▌[38;2;27;82;108;48;2;10;60;92m▀[38;2;30;84;109;48;2;12;60;92m▀[38;2;32;85;111;48;2;14;65;97m▀[38;2;35;88;113;48;2;16;69;100m▀[38;2;33;87;113;48;2;14;68;99m▀[38;2;37;90;114;48;2;16;69;100m▀[38;2;35;90;114;48;2;20;72;102m▀[38;2;26;83;110;48;2;13;65;97m▀[38;2;32;87;114;48;2;15;67;99m▀[38;2;27;85;112;48;2;12;65;98m▀[38;2;30;87;113;48;2;14;67;99m▀[38;2;33;89;115;48;2;13;64;97m▀[38;2;26;84;111;48;2;12;64;97m▀[38;2;29;86;113;48;2;9;60;92m▀[38;2;20;78;108;48;2;8;58;92m▀[38;2;26;84;112;48;2;10;63;95m▀[38;2;31;88;116;48;2;13;63;95m▀[38;2;25;81;110;48;2;10;59;93m▀[38;2;21;80;109;48;2;9;58;91m▀[38;2;24;82;111;48;2;8;59;93m▀[38;2;23;82;112;48;2;9;57;91m▀[38;2;24;81;110;48;2;8;57;92m▀[38;2;30;87;115;48;2;13;63;96m▀[38;2;29;89;119;48;2;19;59;84m▀[38;2;28;88;117;48;2;23;67;92m▀[38;2;26;86;117;48;2;21;64;89m▘[38;2;32;68;87;48;2;19;62;89m▀[38;2;39;69;82;48;2;18;63;90m▀[38;2;71;76;74;48;2;18;47;64m▀[38;2;84;87;82;48;2;9;59;90m▀[38;2;70;77;77;48;2;4;58;95m▀[38;2;59;75;80;48;2;1;57;96m▀[38;2;50;78;91;48;2;11;65;102m▀[38;2;38;77;97;48;2;12;62;97m▀[38;2;30;83;109;48;2;9;56;91m▀[38;2;33;86;114;48;2;8;53;88m▀[38;2;26;80;109;48;2;8;53;86m▀[38;2;24;79;108;48;2;10;53;86m▀[38;2;21;77;106;48;2;6;49;83m▀[38;2;22;78;108;48;2;7;49;83m▀[38;2;25;80;109;48;2;7;52;85m▀[38;2;28;83;111;48;2;7;51;85m▀[38;2;28;81;109;48;2;6;51;85m▀[38;2;21;77;105;48;2;7;50;83m▀[38;2;19;73;103;48;2;5;45;77m▀[38;2;21;72;102;48;2;6;44;77m▀[38;2;17;70;100;48;2;6;42;74m▀[38;2;14;65;96;48;2;6;41;72m▀[38;2;20;67;97;48;2;7;39;69m▀[38;2;19;65;96;48;2;7;41;72m▀[38;2;44;68;79;48;2;197;188;154m▌[38;2;208;196;159;48;2;205;194;158m▌[0m
[38;2;187;173;134;48;2;172;159;121m▀[38;2;193;177;134;48;2;123;124;109m▌[38;2;5;40;71;48;2;7;27;53m▀[38;2;4;38;70;48;2;6;25;51m▀[38;2;5;39;72;48;2;4;24;51m▀[38;2;4;42;75;48;2;6;25;52m▀[38;2;5;42;74;48;2;5;24;52m▀[38;2;5;42;75;48;2;4;26;54m▀[38;2;6;45;79;48;2;6;27;56m▀[38;2;6;41;74;48;2;8;25;51m▀[38;2;5;40;74;48;2;7;27;55m▀[38;2;4;38;72;48;2;6;23;50m▀[38;2;4;39;73;48;2;7;24;51m▀[38;2;6;39;73;48;2;7;24;51m▀[38;2;5;37;70;48;2;9;22;47m▀[38;2;4;32;64;48;2;9;20;43m▀[38;2;5;36;68;48;2;9;22;47m▀[38;2;6;40;73;48;2;10;26;51m▀[38;2;7;41;73;48;2;8;26;52m▀[38;2;5;36;70;48;2;8;23;49m▀[38;2;5;33;65;48;2;8;23;48m▀[38;2;4;34;67;48;2;8;21;45m▀[38;2;4;33;67;48;2;9;23;47m▀[38;2;3;35;68;48;2;9;24;50m▀[38;2;6;41;75;48;2;9;26;53m▀[38;2;11;37;63;48;2;8;25;52m▀[38;2;18;39;61;48;2;8;25;52m▀[38;2;20;39;56;48;2;7;26;53m▀[38;2;24;41;57;48;2;5;24;51m▀[38;2;21;37;55;48;2;5;25;52m▀[38;2;16;35;56;48;2;6;25;53m▀[38;2;11;34;60;48;2;6;25;53m▀[38;2;6;33;64;48;2;8;23;48m▀[38;2;7;33;65;48;2;9;22;46m▀[38;2;6;38;71;48;2;10;26;53m▀[38;2;5;35;67;48;2;10;24;50m▀[38;2;3;32;65;48;2;9;21;45m▀[38;2;5;31;62;48;2;9;21;44m▀[38;2;4;29;61;48;2;10;21;44m▀[38;2;8;30;60;48;2;9;21;44m▀[38;2;5;27;55;48;2;10;20;41m▀[38;2;4;27;55;48;2;11;21;43m▀[38;2;3;27;56;48;2;8;20;42m▀[38;2;3;28;58;48;2;7;20;42m▀[38;2;3;28;58;48;2;6;21;43m▀[38;2;3;27;55;48;2;8;21;42m▀[38;2;5;27;54;48;2;10;19;41m▀[38;2;5;26;53;48;2;10;20;40m▀[38;2;5;25;51;48;2;10;20;40m▀[38;2;6;25;50;48;2;11;21;42m▀[38;2;8;26;49;48;2;12;23;42m▀[38;2;8;26;50;48;2;11;23;44m▀[38;2;36;48;59;48;2;194;184;152m▌[38;2;210;196;158;48;2;207;194;158m▌[0m
[38;2;180;166;127;48;2;202;189;152m▝[38;2;122;123;107;48;2;197;184;147m▝[38;2;106;107;99;48;2;13;21;41m▖[38;2;13;20;40;48;2;1;8;29m▀[38;2;11;20;41;48;2;3;9;30m▀[38;2;12;21;42;48;2;2;11;33m▀[38;2;10;21;45;48;2;1;12;36m▀[38;2;9;21;45;48;2;2;14;37m▀[38;2;10;22;44;48;2;3;15;38m▀[38;2;11;21;42;48;2;4;15;38m▀[38;2;12;24;46;48;2;5;17;41m▀[38;2;10;20;40;48;2;4;16;38m▀[38;2;11;19;40;48;2;5;14;36m▀[38;2;12;19;41;48;2;7;15;36m▀[38;2;12;19;39;48;2;7;16;36m▀[38;2;12;17;35;48;2;7;14;33m▀[38;2;11;22;43;48;2;8;17;37m▝[38;2;11;20;41;48;2;8;16;37m▀[38;2;10;20;42;48;2;9;17;37m▀[38;2;11;18;38;48;2;10;16;35m▀[38;2;11;18;39;48;2;9;16;35m▀[38;2;11;18;38;48;2;9;17;35m▀[38;2;15;21;39;48;2;11;17;35m▝[38;2;12;19;38;48;2;12;17;34m▀[38;2;12;21;42;48;2;11;18;37m▀[38;2;13;21;42;48;2;12;18;37m▘[38;2;13;19;38;48;2;12;18;36m▀[38;2;13;18;37;48;2;12;20;39m▌[38;2;11;21;41;48;2;12;20;38m▀[38;2;11;21;41;48;2;12;19;38m▝[38;2;10;22;44;48;2;12;20;38m▘[38;2;10;18;40;48;2;14;20;38m▀[38;2;11;19;38;48;2;16;21;38m▀[38;2;11;17;36;48;2;17;20;36m▀[38;2;12;18;39;48;2;17;21;37m▀[38;2;12;17;38;48;2;18;22;38m▀[38;2;11;16;36;48;2;18;23;39m▀[38;2;12;17;38;48;2;21;22;36m▀[38;2;10;16;36;48;2;18;22;36m▀[38;2;11;17;37;48;2;19;23;37m▀[38;2;10;16;34;48;2;21;24;37m▀[38;2;12;16;35;48;2;20;23;36m▀[38;2;12;15;34;48;2;21;23;36m▀[38;2;11;14;34;48;2;23;25;37m▀[38;2;10;15;34;48;2;24;26;37m▀[38;2;9;16;35;48;2;22;28;40m▀[38;2;10;14;32;48;2;24;28;39m▀[38;2;9;14;33;48;2;25;29;41m▀[38;2;8;15;35;48;2;25;31;43m▀[38;2;8;14;34;48;2;25;31;41m▀[38;2;9;16;34;48;2;27;33;42m▀[38;2;12;19;35;48;2;83;84;78m▛[38;2;28;35;45;48;2;185;176;145m▘[38;2;209;195;157;48;2;205;193;156m▘[0m
[38;2;201;187;151;48;2;206;196;167m▀[38;2;205;190;151;48;2;206;196;165m▀[38;2;186;175;141;48;2;210;199;164m▝[38;2;148;142;120;48;2;219;208;174m▀[38;2;150;145;122;48;2;220;209;175m▀[38;2;151;145;122;48;2;221;210;176m▀[38;2;153;148;124;48;2;221;209;176m▀[38;2;155;149;126;48;2;221;209;175m▀[38;2;158;152;128;48;2;220;209;174m▀[38;2;161;153;129;48;2;220;208;173m▀[38;2;162;155;130;48;2;219;208;173m▀[38;2;164;157;132;48;2;220;208;173m▀[38;2;165;158;133;48;2;220;208;174m▀[38;2;165;158;133;48;2;219;208;173m▀[38;2;167;160;134;48;2;219;208;173m▀[38;2;168;161;134;48;2;219;208;173m▀[38;2;168;162;135;48;2;219;207;173m▀[38;2;170;163;136;48;2;219;207;172m▀[38;2;171;164;136;48;2;219;207;173m▀[38;2;170;164;136;48;2;218;207;173m▀[38;2;171;164;136;48;2;219;208;173m▀[38;2;173;167;139;48;2;219;208;174m▀[38;2;174;168;140;48;2;219;208;174m▀▀[38;2;175;168;140;48;2;219;208;174m▀[38;2;176;169;141;48;2;219;208;175m▀[38;2;175;169;141;48;2;219;208;175m▀[38;2;173;168;140;48;2;218;208;174m▀[38;2;169;165;138;48;2;217;207;173m▀[38;2;172;167;138;48;2;217;207;174m▀[38;2;177;170;142;48;2;220;209;176m▀[38;2;179;171;142;48;2;219;209;176m▀[38;2;182;173;143;48;2;220;209;177m▀[38;2;182;173;143;48;2;219;209;176m▀[38;2;182;174;143;48;2;220;209;177m▀[38;2;181;173;143;48;2;219;209;176m▀[38;2;182;174;144;48;2;218;209;177m▀[38;2;183;176;145;48;2;218;209;178m▀[38;2;184;175;144;48;2;219;209;177m▀[38;2;184;176;145;48;2;218;209;179m▀[38;2;185;177;145;48;2;218;209;178m▀[38;2;185;175;144;48;2;219;209;179m▀[38;2;187;177;146;48;2;216;206;175m▀[38;2;187;178;146;48;2;216;206;177m▀[38;2;188;178;146;48;2;218;209;179m▀[38;2;187;178;145;48;2;213;203;174m▀[38;2;189;179;146;48;2;213;204;174m▀[38;2;190;180;146;48;2;214;204;175m▀[38;2;190;180;146;48;2;215;206;177m▀[38;2;190;179;144;48;2;214;204;174m▀[38;2;192;180;146;48;2;210;201;170m▀[38;2;193;181;145;48;2;210;199;166m▘[38;2;207;194;155;48;2;210;201;173m▀[38;2;201;188;150;48;2;208;200;172m▀[0m

    Utagawa Hiroshige: Fireworks at Ryogoku, 1858
